Car -1 -1 -10 249.000000 199.000000 377.000000 263.000000 1.437930 1.599689 3.796238 -7.458410 2.071960 17.498393 -2.356384 0.999444
Car -1 -1 -10 111.000000 193.000000 183.000000 233.000000 1.435985 1.624609 3.883075 -18.278052 2.217241 28.320453 -2.287181 0.998600
Car -1 -1 -10 710.000000 180.000000 801.000000 234.000000 1.445706 1.634388 4.033211 3.842776 1.635197 19.720020 1.548751 0.998038
Car -1 -1 -10 90.000000 191.000000 154.000000 226.000000 1.502668 1.611807 3.904789 -22.274491 2.328760 32.532386 -2.270247 0.981859
Car -1 -1 -10 630.000000 179.000000 698.000000 231.000000 1.505325 1.590457 3.671690 1.554577 1.667827 20.843498 1.713101 0.977753
Car -1 -1 -10 387.000000 166.000000 647.000000 304.000000 1.925048 1.722397 4.303616 -1.954639 1.902148 12.135112 -2.349388 0.942379
Car -1 -1 -10 310.000000 180.000000 408.000000 217.000000 1.528684 1.658393 4.047184 -11.726751 1.912670 33.329946 -3.213031 0.882694
Car -1 -1 -10 49.000000 186.000000 84.000000 211.000000 1.590619 1.685026 3.912036 -40.706353 2.549348 53.859451 -2.239658 0.463151
Car -1 -1 -10 255.000000 186.000000 343.000000 211.000000 1.538176 1.632123 4.110962 -16.447067 2.106897 37.545695 -3.248509 0.177618
Car -1 -1 -10 774.000000 173.000000 925.000000 224.000000 1.457447 1.560264 3.737464 8.318898 1.626454 22.982724 -1.288225 0.138188
Car -1 -1 -10 501.000000 178.000000 637.000000 251.000000 1.405385 1.524394 3.605780 0.362163 2.278549 18.100223 2.013299 0.012293
