Pedestrian -1 -1 -10 709.000000 177.000000 721.000000 212.000000 1.746630 0.634284 0.671635 4.554814 1.711928 31.686675 -1.516422 0.375492
Pedestrian -1 -1 -10 702.000000 168.000000 711.000000 214.000000 1.770879 0.664098 0.919932 5.456554 1.449636 40.258526 -0.902782 0.120140
Pedestrian -1 -1 -10 704.000000 170.000000 718.000000 214.000000 1.800396 0.581211 0.578205 5.305350 1.521321 36.519491 2.757029 0.104583
Pedestrian -1 -1 -10 698.000000 169.000000 725.000000 222.000000 1.792300 0.667726 0.769906 5.157956 1.774189 34.259808 -1.036000 0.025021
Pedestrian -1 -1 -10 699.000000 169.000000 708.000000 210.000000 1.781890 0.633285 0.834388 5.355003 1.439778 40.438886 -0.947547 0.019853
Pedestrian -1 -1 -10 696.000000 172.000000 703.000000 207.000000 1.734242 0.569666 0.503418 5.444287 2.182961 44.635225 -1.846341 0.013328
Car -1 -1 -10 683.000000 184.000000 780.000000 255.000000 1.465393 1.615290 3.811107 2.650609 1.738542 16.597808 -1.547843 0.998902
Car -1 -1 -10 531.000000 177.000000 575.000000 211.000000 1.466752 1.677324 4.225060 -2.631454 1.679154 33.922131 1.556542 0.998794
Car -1 -1 -10 651.000000 178.000000 698.000000 219.000000 1.540056 1.607943 3.805408 2.546123 1.745986 29.411091 1.590905 0.996630
Car -1 -1 -10 102.000000 188.000000 465.000000 372.000000 1.491017 1.647624 4.215522 -2.689163 1.674896 7.062792 1.573199 0.991420
Car -1 -1 -10 639.000000 175.000000 668.000000 201.000000 1.580148 1.661089 4.004925 3.345949 1.823743 49.393884 -1.460603 0.125376
Cyclist -1 -1 -10 712.000000 176.000000 721.000000 214.000000 1.667173 0.556653 1.622646 4.518128 1.458886 31.254356 -1.419741 0.011366
