Pedestrian -1 -1 -10 648.000000 173.000000 658.000000 203.000000 1.805781 0.688777 0.813612 2.673645 1.679849 44.584876 -1.540088 0.224212
Car -1 -1 -10 724.000000 182.000000 803.000000 253.000000 1.564401 1.546484 3.324314 3.610190 1.828902 17.763229 -1.485361 0.999282
Car -1 -1 -10 561.000000 174.000000 613.000000 218.000000 1.656792 1.679042 3.940191 -0.958541 1.764484 30.239427 1.633783 0.999210
Car -1 -1 -10 347.000000 183.000000 532.000000 313.000000 1.463532 1.550121 3.698239 -2.261044 1.661482 10.440572 -1.492105 0.998898
Car -1 -1 -10 20.000000 184.000000 346.000000 374.000000 1.523676 1.596772 3.747492 -2.865784 1.655129 3.561955 1.615449 0.982000
Car -1 -1 -10 398.000000 173.000000 515.000000 217.000000 1.457645 1.592955 3.936211 -5.309421 1.492530 24.174094 -3.076999 0.962999
Car -1 -1 -10 592.000000 177.000000 628.000000 209.000000 1.565608 1.604774 3.785634 0.041805 1.889583 38.074617 -1.447725 0.947288
Car -1 -1 -10 887.000000 211.000000 1230.000000 371.000000 1.534913 1.621672 3.735003 2.608575 1.606313 2.731409 -1.550850 0.942876
Car -1 -1 -10 713.000000 185.000000 765.000000 234.000000 1.512853 1.606051 3.757527 3.987946 1.933429 22.587949 -1.437828 0.932495
Car -1 -1 -10 379.000000 176.000000 517.000000 255.000000 1.464794 1.602411 3.956418 -4.740056 1.351937 17.958505 1.815358 0.207249
Cyclist -1 -1 -10 648.000000 173.000000 658.000000 202.000000 1.772807 0.500331 1.771356 2.702710 1.673783 44.885733 -1.436243 0.395252
Cyclist -1 -1 -10 391.000000 173.000000 516.000000 228.000000 1.734394 0.771844 1.738165 -4.753223 1.508402 23.411997 -3.092754 0.041679
