Pedestrian -1 -1 -10 937.000000 210.000000 1001.000000 350.000000 1.749522 0.658340 0.634825 2.704947 2.093868 5.430752 0.872265 0.904002
Pedestrian -1 -1 -10 598.000000 174.000000 616.000000 220.000000 1.762469 0.626475 0.786346 0.212511 1.446663 25.047133 2.680414 0.795314
Pedestrian -1 -1 -10 819.000000 198.000000 859.000000 302.000000 1.721458 0.650358 0.656334 3.609190 1.655454 11.150451 -0.673283 0.634344
Pedestrian -1 -1 -10 1041.000000 219.000000 1133.000000 363.000000 1.832872 0.749633 0.804514 5.527988 2.100694 8.169610 -0.506178 0.575605
Pedestrian -1 -1 -10 800.000000 198.000000 845.000000 297.000000 1.828416 0.626961 0.674570 3.488704 2.113376 11.727122 -1.680811 0.115885
Pedestrian -1 -1 -10 780.000000 198.000000 822.000000 287.000000 1.676881 0.543567 0.600811 3.337074 1.685166 11.828931 -0.707343 0.077825
Pedestrian -1 -1 -10 745.000000 202.000000 788.000000 283.000000 1.665634 0.494324 0.550400 2.600228 1.958469 10.899043 2.778227 0.065378
Pedestrian -1 -1 -10 953.000000 233.000000 1237.000000 367.000000 1.795108 0.803699 0.677600 2.734816 1.911423 4.098797 2.151041 0.057670
Car -1 -1 -10 959.000000 236.000000 1238.000000 368.000000 1.551571 1.470368 3.464255 3.665601 1.895611 4.847582 1.608591 0.121897
Cyclist -1 -1 -10 1017.000000 227.000000 1167.000000 369.000000 1.708627 0.725436 1.642059 2.709886 1.710234 4.371842 2.061457 0.055496
