Pedestrian -1 -1 -10 728.000000 177.000000 750.000000 215.000000 1.800119 0.803780 0.644432 5.574542 2.150224 31.477011 -0.853608 0.017150
Car -1 -1 -10 704.000000 186.000000 831.000000 271.000000 1.453780 1.614004 3.813647 2.903876 1.733778 14.255999 -1.595113 0.999389
Car -1 -1 -10 445.000000 179.000000 523.000000 231.000000 1.442326 1.601400 3.857082 -3.623317 1.618189 20.651641 1.575432 0.999231
Car -1 -1 -10 172.000000 173.000000 430.000000 354.000000 1.515885 1.572284 3.672102 -3.183999 1.580325 8.019764 1.505613 0.998540
Car -1 -1 -10 652.000000 178.000000 705.000000 219.000000 1.488773 1.612243 3.825938 2.709537 1.856266 29.257285 1.545227 0.997085
Car -1 -1 -10 496.000000 172.000000 549.000000 213.000000 1.555933 1.542870 3.624538 -3.337764 1.555614 28.726898 1.597436 0.995686
Car -1 -1 -10 526.000000 174.000000 565.000000 203.000000 1.512186 1.588284 3.739842 -3.358702 1.598747 38.006119 1.597470 0.596634
Car -1 -1 -10 871.000000 55.000000 1235.000000 363.000000 1.939056 1.725690 4.223177 3.015795 1.486110 3.774603 -1.581983 0.054767
Car -1 -1 -10 643.000000 180.000000 680.000000 210.000000 1.487627 1.583523 3.657777 2.859882 1.858692 38.339807 -1.558727 0.036415
Cyclist -1 -1 -10 728.000000 177.000000 750.000000 215.000000 1.791550 0.614435 1.412506 5.564099 1.714308 32.700819 -2.571758 0.013294
