Pedestrian -1 -1 -10 680.000000 161.000000 708.000000 238.000000 1.765973 0.648301 1.001344 2.192826 1.278844 17.023041 -1.410389 0.996813
Pedestrian -1 -1 -10 656.000000 162.000000 680.000000 238.000000 1.672444 0.581325 0.715106 1.553346 1.253821 16.838007 -1.607104 0.995779
Pedestrian -1 -1 -10 446.000000 166.000000 475.000000 244.000000 1.730642 0.671405 0.944832 -3.252604 1.298817 16.256696 -1.770494 0.969083
Pedestrian -1 -1 -10 559.000000 168.000000 578.000000 204.000000 1.711732 0.788752 0.875855 -1.544143 1.027847 36.779156 1.050691 0.568394
Pedestrian -1 -1 -10 535.000000 167.000000 546.000000 201.000000 1.756719 0.588864 0.557581 -2.801345 1.085706 32.648145 0.949875 0.256165
Pedestrian -1 -1 -10 1005.000000 224.000000 1127.000000 373.000000 1.772607 0.763828 0.661547 2.060730 1.846021 3.301687 0.563245 0.017457
Pedestrian -1 -1 -10 729.000000 161.000000 742.000000 204.000000 1.754557 0.663070 0.647281 5.758416 1.056048 30.788828 1.723413 0.017414
Pedestrian -1 -1 -10 532.000000 169.000000 541.000000 199.000000 1.759824 0.619223 0.630598 -2.924286 0.977212 33.270920 -1.645981 0.012295
Pedestrian -1 -1 -10 570.000000 168.000000 587.000000 198.000000 1.764503 0.615904 0.797816 -1.281993 1.045977 38.343367 3.091951 0.011853
Pedestrian -1 -1 -10 724.000000 162.000000 736.000000 200.000000 1.795859 0.635272 0.758190 5.477723 0.903516 30.979375 -0.947739 0.010575
Car -1 -1 -10 567.000000 167.000000 598.000000 194.000000 1.570260 1.655043 3.921045 -0.655954 0.881198 55.667108 3.109530 0.012771
Cyclist -1 -1 -10 601.000000 164.000000 627.000000 207.000000 1.724009 0.528598 1.802147 0.483214 1.091463 30.769774 1.973620 0.986633
Cyclist -1 -1 -10 557.000000 168.000000 580.000000 204.000000 1.668646 0.614441 1.854824 -1.580897 0.977450 36.709555 0.909323 0.901548
Cyclist -1 -1 -10 566.000000 168.000000 590.000000 202.000000 1.764685 0.588379 1.614668 -1.352710 1.020709 38.543693 -1.009909 0.411540
Cyclist -1 -1 -10 446.000000 170.000000 481.000000 239.000000 1.837198 0.646688 1.768677 -3.268405 1.394265 16.326226 -1.835001 0.031254
Cyclist -1 -1 -10 679.000000 162.000000 708.000000 236.000000 1.801424 0.566413 1.685840 2.163680 1.328568 17.169666 -1.542193 0.023967
Cyclist -1 -1 -10 461.000000 173.000000 499.000000 225.000000 1.688329 0.513745 1.432313 -3.930576 1.646301 23.102028 -1.200196 0.012013
