Pedestrian -1 -1 -10 147.000000 192.000000 270.000000 371.000000 1.645663 0.642739 0.857361 -2.603451 1.603311 4.816599 1.501061 0.997693
Pedestrian -1 -1 -10 581.000000 164.000000 605.000000 236.000000 1.701377 0.613835 0.889254 -0.233233 1.325112 17.797819 -1.065193 0.990457
Pedestrian -1 -1 -10 959.000000 157.000000 1010.000000 286.000000 1.654488 0.613603 0.685759 4.789555 1.357849 9.090287 -0.566479 0.988915
Pedestrian -1 -1 -10 521.000000 159.000000 543.000000 232.000000 1.815530 0.678295 0.951921 -1.983401 1.397118 19.718149 2.002461 0.948522
Pedestrian -1 -1 -10 552.000000 164.000000 575.000000 222.000000 1.787332 0.729597 0.958906 -1.240116 1.311064 22.653932 1.380649 0.937291
Pedestrian -1 -1 -10 426.000000 169.000000 484.000000 288.000000 1.705800 0.832506 0.449546 -2.299430 1.573333 10.837317 1.411133 0.872578
Pedestrian -1 -1 -10 220.000000 171.000000 275.000000 337.000000 1.681690 0.571044 0.634391 -3.602759 1.477926 7.349770 -0.042737 0.842164
Pedestrian -1 -1 -10 594.000000 163.000000 610.000000 220.000000 1.705657 0.570514 0.670676 0.046087 1.211889 28.762232 -1.111121 0.336007
Pedestrian -1 -1 -10 696.000000 156.000000 736.000000 239.000000 1.729996 0.635350 1.016375 2.594669 1.317687 15.730606 2.771969 0.209155
Pedestrian -1 -1 -10 607.000000 165.000000 622.000000 209.000000 1.717532 0.607104 0.605280 0.482753 1.149238 29.988101 -2.118979 0.127626
Pedestrian -1 -1 -10 620.000000 164.000000 636.000000 210.000000 1.817220 0.739873 0.769471 1.101350 1.204681 28.967574 -1.660813 0.112363
Pedestrian -1 -1 -10 801.000000 160.000000 840.000000 259.000000 1.780184 0.658064 0.877588 4.003030 1.243081 13.535065 -1.456231 0.047627
Car -1 -1 -10 160.000000 190.000000 276.000000 359.000000 1.573933 1.613088 3.728390 -2.461369 1.383157 6.016151 -2.045061 0.010733
Cyclist -1 -1 -10 419.000000 169.000000 488.000000 292.000000 1.738692 0.604503 1.734331 -2.177384 1.545249 10.745698 1.414664 0.950498
Cyclist -1 -1 -10 691.000000 159.000000 743.000000 240.000000 1.719440 0.513216 1.859969 2.470761 1.310305 15.763372 1.278463 0.916287
Cyclist -1 -1 -10 867.000000 178.000000 970.000000 366.000000 1.688145 0.600250 1.722456 2.531593 1.733840 6.336755 0.983471 0.170277
Cyclist -1 -1 -10 160.000000 190.000000 276.000000 359.000000 1.678899 0.625557 1.599519 -2.665609 1.612527 4.854655 1.716846 0.148320
Cyclist -1 -1 -10 219.000000 174.000000 285.000000 328.000000 1.784648 0.618532 1.563666 -3.966623 1.431988 8.137276 1.661842 0.136481
Cyclist -1 -1 -10 676.000000 161.000000 697.000000 206.000000 1.841818 0.622181 1.739472 3.832685 0.811504 32.721111 2.321834 0.032798
Cyclist -1 -1 -10 198.000000 184.000000 328.000000 301.000000 1.668039 0.647181 1.703669 -5.165432 1.738565 11.063983 2.673454 0.027029
Cyclist -1 -1 -10 784.000000 152.000000 861.000000 368.000000 1.729893 0.629839 1.926011 2.212293 1.575354 6.796644 -1.352823 0.017424
Cyclist -1 -1 -10 666.000000 163.000000 688.000000 207.000000 1.681918 0.553840 1.600047 3.290707 1.002194 31.961312 -1.425559 0.010461
