Pedestrian -1 -1 -10 654.000000 167.000000 670.000000 216.000000 1.766182 0.585387 0.654755 1.721225 1.473580 24.339754 2.664634 0.532169
Pedestrian -1 -1 -10 660.000000 166.000000 693.000000 219.000000 1.745443 0.635228 0.796753 2.020557 1.561640 23.528410 2.764863 0.074300
Pedestrian -1 -1 -10 140.000000 176.000000 162.000000 223.000000 1.764816 0.611179 0.823716 -16.058351 1.814877 25.422583 -1.199279 0.027958
Pedestrian -1 -1 -10 662.000000 167.000000 673.000000 213.000000 1.771138 0.615287 0.680429 1.838613 1.392540 23.597932 -2.084474 0.027114
Pedestrian -1 -1 -10 668.000000 166.000000 681.000000 214.000000 1.730793 0.599443 0.709516 2.107567 1.479715 23.668775 3.132708 0.014457
Pedestrian -1 -1 -10 427.000000 174.000000 436.000000 206.000000 1.720977 0.515149 0.589883 -5.891854 1.528280 23.178262 0.389939 0.010776
Pedestrian -1 -1 -10 312.000000 177.000000 319.000000 213.000000 1.788744 0.621854 0.603938 -15.879836 1.779252 39.000731 -0.383005 0.010713
Car -1 -1 -10 418.000000 174.000000 526.000000 258.000000 1.594687 1.642557 3.882509 -2.948475 1.623151 16.029546 -1.596465 0.999126
Car -1 -1 -10 230.000000 185.000000 320.000000 228.000000 1.516839 1.622343 3.947433 -12.647116 2.039183 27.632851 1.562380 0.996789
Car -1 -1 -10 586.000000 171.000000 613.000000 198.000000 1.541755 1.610281 3.920562 -0.815272 1.537789 46.750677 -1.596752 0.996097
Cyclist -1 -1 -10 662.000000 162.000000 722.000000 221.000000 1.774718 0.635501 1.832459 2.398464 1.355937 22.266896 -2.470063 0.999470
Cyclist -1 -1 -10 658.000000 166.000000 691.000000 218.000000 1.677796 0.658782 1.882759 1.981633 1.391501 23.703805 1.537025 0.644428
Cyclist -1 -1 -10 654.000000 167.000000 671.000000 216.000000 1.745236 0.515394 1.555977 1.666792 1.516919 25.293998 2.173110 0.361167
Cyclist -1 -1 -10 662.000000 167.000000 673.000000 213.000000 1.737154 0.545258 1.743077 1.825830 1.398785 23.804940 -1.467648 0.070835
Cyclist -1 -1 -10 1014.000000 151.000000 1037.000000 205.000000 1.791168 0.633608 1.692436 18.751088 0.679160 32.525225 3.150212 0.010709
