Pedestrian -1 -1 -10 1000.000000 145.000000 1100.000000 319.000000 1.710986 0.571613 0.753028 4.700613 1.378847 7.585902 1.093529 0.990515
Pedestrian -1 -1 -10 668.000000 172.000000 686.000000 226.000000 1.750400 0.700068 0.815558 2.544118 1.494816 24.239577 1.784554 0.972727
Pedestrian -1 -1 -10 689.000000 170.000000 709.000000 225.000000 1.741323 0.692519 0.916999 3.299307 1.401962 24.250743 -1.476330 0.930344
Pedestrian -1 -1 -10 849.000000 216.000000 902.000000 335.000000 1.713159 0.583634 0.587826 2.168840 1.788028 5.683040 2.864929 0.482258
Pedestrian -1 -1 -10 538.000000 173.000000 558.000000 227.000000 1.759275 0.687510 0.899363 -1.784817 1.434492 23.340554 -1.691022 0.384433
Pedestrian -1 -1 -10 928.000000 167.000000 1109.000000 356.000000 1.714208 0.578004 0.618038 3.712042 2.275042 7.174487 3.082676 0.042419
Pedestrian -1 -1 -10 913.000000 177.000000 981.000000 290.000000 1.675410 0.651337 0.981910 6.022674 1.533903 12.608765 -1.759976 0.040598
Pedestrian -1 -1 -10 612.000000 173.000000 623.000000 205.000000 1.787543 0.681830 0.589314 0.839203 1.274905 40.578176 -1.522802 0.024633
Pedestrian -1 -1 -10 676.000000 171.000000 699.000000 226.000000 1.712239 0.595266 0.944529 2.992594 1.433282 24.359054 0.077834 0.022062
Car -1 -1 -10 6.000000 198.000000 420.000000 374.000000 1.498417 1.618469 3.964732 -2.706070 1.632985 4.386261 1.687512 0.992571
Car -1 -1 -10 152.000000 208.000000 382.000000 302.000000 1.438586 1.582229 3.715580 -2.721263 1.856822 4.141045 1.778881 0.012921
Cyclist -1 -1 -10 907.000000 174.000000 985.000000 298.000000 1.707976 0.343920 1.116576 6.421634 2.045434 13.695884 -1.174672 0.955100
Cyclist -1 -1 -10 836.000000 210.000000 914.000000 342.000000 1.650119 0.566921 1.790966 2.415365 1.648846 5.859135 -1.742074 0.162089
Cyclist -1 -1 -10 832.000000 195.000000 975.000000 363.000000 1.665384 0.572010 1.631457 2.241275 1.944775 4.990119 -1.647924 0.090817
Cyclist -1 -1 -10 538.000000 172.000000 559.000000 227.000000 1.819971 0.588900 1.697225 -1.897132 1.423974 23.497163 -1.723416 0.058336
Cyclist -1 -1 -10 668.000000 174.000000 686.000000 226.000000 1.792707 0.568036 1.730738 2.498024 1.544664 24.344935 1.707592 0.036562
Cyclist -1 -1 -10 876.000000 177.000000 1111.000000 347.000000 1.684523 0.552895 1.580885 2.086122 1.805169 3.800460 -1.655615 0.015358
