Pedestrian -1 -1 -10 0.000000 185.000000 140.000000 375.000000 1.698235 0.645873 0.815019 -4.307830 1.917048 5.219806 -1.642842 0.016560
Car -1 -1 -10 677.000000 184.000000 751.000000 238.000000 1.434736 1.568716 3.642136 2.835926 1.772062 20.438415 -1.570819 0.998921
Car -1 -1 -10 259.000000 182.000000 467.000000 252.000000 1.451909 1.567862 4.084788 -5.595408 1.873838 17.255710 0.109461 0.996822
Car -1 -1 -10 734.000000 174.000000 836.000000 221.000000 1.566509 1.665271 3.929442 6.310676 1.694796 25.523773 0.047679 0.992734
Car -1 -1 -10 782.000000 170.000000 1134.000000 374.000000 1.586255 1.582995 3.609493 2.777048 1.629995 6.687575 -1.594926 0.987319
Car -1 -1 -10 368.000000 180.000000 492.000000 225.000000 1.662746 1.579543 3.818686 -6.771938 1.918461 25.454754 -3.157544 0.970441
Car -1 -1 -10 0.000000 188.000000 148.000000 374.000000 1.503020 1.602596 4.057501 -5.903868 1.776242 5.980940 0.479687 0.953931
Car -1 -1 -10 -14.000000 179.000000 271.000000 343.000000 1.569057 1.637957 4.114495 -6.198022 1.669268 8.815177 0.364680 0.934395
Car -1 -1 -10 404.000000 178.000000 519.000000 212.000000 1.562990 1.509623 3.455881 -6.234390 1.714418 34.413564 1.493979 0.707748
Car -1 -1 -10 683.000000 175.000000 733.000000 202.000000 1.569520 1.621656 3.938586 5.827513 1.736176 40.427924 -0.031727 0.425993
Car -1 -1 -10 42.000000 185.000000 339.000000 278.000000 1.561854 1.606838 4.017354 -7.268436 1.756390 13.052250 -3.232893 0.373676
Car -1 -1 -10 193.000000 189.000000 414.000000 266.000000 1.530201 1.592533 4.013845 -6.184935 1.800194 15.846778 0.065991 0.190868
