Car -1 -1 -10 169.000000 199.000000 364.000000 304.000000 1.507789 1.615496 3.940158 -5.840719 2.064912 12.846072 1.586825 0.999387
Car -1 -1 -10 325.000000 195.000000 425.000000 263.000000 1.461318 1.557587 3.778601 -5.916187 2.087071 18.165453 1.567602 0.997735
Car -1 -1 -10 812.000000 154.000000 944.000000 204.000000 1.541375 1.644129 4.051330 9.251485 1.052759 24.972545 3.181294 0.995040
Car -1 -1 -10 381.000000 192.000000 464.000000 245.000000 1.468161 1.554359 3.805164 -5.924152 2.135363 23.036242 1.561038 0.990408
Car -1 -1 -10 663.000000 177.000000 714.000000 212.000000 1.569909 1.578892 3.793860 3.474311 1.762256 34.907869 1.611190 0.988515
Car -1 -1 -10 428.000000 190.000000 493.000000 228.000000 1.432405 1.599568 3.860260 -5.848597 2.166954 28.929886 1.577428 0.961475
Car -1 -1 -10 475.000000 187.000000 521.000000 218.000000 1.534935 1.638904 3.988894 -5.637617 2.258540 36.580885 1.611290 0.904900
Car -1 -1 -10 1103.000000 142.000000 1216.000000 179.000000 1.484950 1.606624 3.901214 23.150989 0.203784 30.251453 3.194512 0.424362
Car -1 -1 -10 651.000000 178.000000 695.000000 206.000000 1.493257 1.576263 3.736939 3.593085 1.679305 36.290964 -1.621904 0.238263
Car -1 -1 -10 755.000000 162.000000 862.000000 200.000000 1.457051 1.625626 3.928524 9.038908 1.308958 32.719534 -0.659645 0.193438
Car -1 -1 -10 1116.000000 119.000000 1245.000000 364.000000 1.533273 1.576411 3.522851 3.961688 1.778502 5.267524 2.747042 0.092422
Cyclist -1 -1 -10 1125.000000 120.000000 1241.000000 369.000000 1.712978 0.531420 1.608745 3.383161 1.727902 4.463956 -0.896877 0.029720
