Pedestrian -1 -1 -10 769.000000 157.000000 808.000000 276.000000 1.648386 0.579072 0.763883 3.033373 1.162427 11.699614 -1.328503 0.823528
Pedestrian -1 -1 -10 497.000000 163.000000 512.000000 222.000000 1.824841 0.712543 0.653629 -3.737806 1.268232 27.106370 1.634794 0.306146
Pedestrian -1 -1 -10 483.000000 168.000000 514.000000 215.000000 1.809640 0.677848 0.563401 -3.730467 1.268411 27.118882 1.551062 0.209464
Pedestrian -1 -1 -10 608.000000 166.000000 617.000000 196.000000 1.744010 0.632784 0.727954 0.758820 0.861813 42.686307 -1.599113 0.131624
Pedestrian -1 -1 -10 520.000000 168.000000 556.000000 220.000000 1.797408 0.673303 0.604357 -3.124949 1.181968 32.858639 -1.485732 0.080215
Pedestrian -1 -1 -10 593.000000 165.000000 604.000000 195.000000 1.803798 0.583406 0.706716 -0.316328 0.670616 42.496482 3.121498 0.075233
Pedestrian -1 -1 -10 581.000000 165.000000 589.000000 191.000000 1.858776 0.638054 0.900847 -1.214602 0.702920 53.464560 -1.535420 0.038145
Pedestrian -1 -1 -10 476.000000 171.000000 501.000000 219.000000 1.801256 0.725820 0.888314 -5.496336 1.585485 34.611363 -0.129990 0.011297
Pedestrian -1 -1 -10 436.000000 168.000000 456.000000 222.000000 1.752319 0.646560 0.628869 -5.067276 1.299456 23.302537 1.870138 0.010603
Car -1 -1 -10 441.000000 176.000000 574.000000 280.000000 1.519020 1.646763 3.974244 -1.493739 1.447317 12.233525 1.581143 0.998507
Car -1 -1 -10 515.000000 172.000000 565.000000 228.000000 1.536202 1.603941 3.706533 -3.561163 0.751309 34.186797 0.981153 0.023912
Car -1 -1 -10 474.000000 171.000000 522.000000 222.000000 1.533642 1.409109 2.905483 -4.677360 1.032634 33.350800 1.420626 0.018076
Cyclist -1 -1 -10 519.000000 169.000000 562.000000 230.000000 1.735701 0.470810 1.474464 -0.783732 1.088484 13.166284 -0.935498 0.206467
Cyclist -1 -1 -10 770.000000 156.000000 810.000000 280.000000 1.710434 0.691104 1.632771 3.230026 1.164029 11.804370 -0.769727 0.206100
Cyclist -1 -1 -10 541.000000 169.000000 566.000000 218.000000 1.775096 0.634714 1.686378 -2.667873 0.937646 43.780243 -2.173514 0.068607
Cyclist -1 -1 -10 476.000000 172.000000 513.000000 215.000000 1.654730 0.680190 1.676204 -5.471497 1.166712 34.751186 1.993864 0.068092
Cyclist -1 -1 -10 762.000000 166.000000 800.000000 243.000000 1.677612 0.687730 1.612889 3.094949 1.197506 11.788121 1.245302 0.019358
Cyclist -1 -1 -10 494.000000 164.000000 513.000000 219.000000 1.694742 0.679189 1.700674 -3.837952 0.966559 27.136664 0.993906 0.018046
