Pedestrian -1 -1 -10 569.000000 158.000000 594.000000 227.000000 1.773273 0.624467 0.707594 -0.736013 1.125328 19.431354 0.016196 0.995754
Pedestrian -1 -1 -10 213.000000 169.000000 242.000000 244.000000 1.805600 0.644344 0.980672 -9.711977 1.590281 18.211211 -3.132799 0.992317
Pedestrian -1 -1 -10 242.000000 174.000000 270.000000 238.000000 1.692190 0.578931 0.897036 -9.908952 1.495990 20.035226 -3.587553 0.926987
Pedestrian -1 -1 -10 201.000000 172.000000 230.000000 240.000000 1.773290 0.688656 0.625577 -9.896782 1.345427 18.319622 1.102940 0.673209
Pedestrian -1 -1 -10 190.000000 176.000000 218.000000 240.000000 1.773104 0.577601 0.700024 -11.933215 1.652124 20.989374 0.021797 0.303249
Pedestrian -1 -1 -10 867.000000 152.000000 884.000000 199.000000 1.676010 0.590502 0.868552 10.403570 0.484370 27.287375 -1.657726 0.265679
Pedestrian -1 -1 -10 404.000000 165.000000 428.000000 219.000000 1.772868 0.678506 0.745072 -4.652289 1.153074 17.027921 0.315992 0.050785
Pedestrian -1 -1 -10 333.000000 164.000000 364.000000 218.000000 1.731857 0.615901 0.897957 -7.116348 1.181540 19.634313 2.202693 0.023618
Car -1 -1 -10 330.000000 178.000000 484.000000 279.000000 1.494415 1.601578 3.820735 -3.284903 1.455988 12.437636 -1.554346 0.999251
Car -1 -1 -10 1121.000000 140.000000 1220.000000 187.000000 1.600700 1.656924 3.763166 23.082375 0.223446 28.891577 0.048380 0.078135
Car -1 -1 -10 1045.000000 151.000000 1145.000000 190.000000 1.515418 1.656853 3.778757 19.806999 0.618289 28.499454 -1.013077 0.061690
Car -1 -1 -10 1069.000000 138.000000 1211.000000 208.000000 1.568120 1.595689 3.962233 12.171649 0.776666 15.794834 0.249756 0.036356
Car -1 -1 -10 402.000000 179.000000 434.000000 213.000000 1.496400 1.553268 3.504185 -6.561550 1.639514 24.507139 2.197691 0.017873
Cyclist -1 -1 -10 281.000000 166.000000 357.000000 241.000000 1.711297 0.628181 1.715974 -7.095697 1.367079 17.107738 -0.325983 0.995061
Cyclist -1 -1 -10 1081.000000 133.000000 1200.000000 214.000000 1.691342 0.615290 1.752006 11.268411 0.663616 15.135417 0.736564 0.994105
Cyclist -1 -1 -10 993.000000 142.000000 1069.000000 205.000000 1.710306 0.413721 1.409178 10.740120 1.647916 17.944194 -1.052355 0.918674
Cyclist -1 -1 -10 788.000000 155.000000 834.000000 197.000000 1.729176 0.509066 1.673124 8.928914 0.571540 30.610134 3.056372 0.863557
Cyclist -1 -1 -10 867.000000 152.000000 885.000000 200.000000 1.820249 0.669520 1.803512 10.485295 0.737550 27.394838 -1.140767 0.563657
Cyclist -1 -1 -10 327.000000 164.000000 367.000000 220.000000 1.760660 0.564759 1.724473 -7.031537 1.232523 19.576354 -2.614974 0.557172
Cyclist -1 -1 -10 307.000000 168.000000 388.000000 224.000000 1.773485 0.559852 1.751474 -7.186614 1.338428 19.716090 -2.706600 0.064179
Cyclist -1 -1 -10 1121.000000 140.000000 1220.000000 187.000000 1.722693 0.437634 1.451380 10.319062 1.058643 12.588493 -0.179404 0.015703
Cyclist -1 -1 -10 404.000000 165.000000 428.000000 219.000000 1.660322 0.769116 1.706146 -4.550560 0.846635 16.971198 -0.270718 0.015569
