Pedestrian -1 -1 -10 765.000000 172.000000 783.000000 226.000000 1.708779 0.537185 0.610093 5.693230 1.455053 25.318435 -0.840597 0.010982
Car -1 -1 -10 733.000000 181.000000 946.000000 317.000000 1.470783 1.601286 3.815178 2.778948 1.613221 9.875293 -1.595585 0.998381
Car -1 -1 -10 470.000000 178.000000 540.000000 235.000000 1.557583 1.640677 3.902236 -3.250101 1.810050 22.980722 -1.573043 0.997726
Car -1 -1 -10 685.000000 177.000000 788.000000 255.000000 1.474688 1.624627 3.930461 2.658896 1.608439 15.677005 -1.591284 0.997405
Car -1 -1 -10 670.000000 177.000000 732.000000 227.000000 1.489384 1.593926 3.852372 2.941717 1.654447 23.746180 -1.598160 0.993412
Car -1 -1 -10 650.000000 176.000000 696.000000 212.000000 1.494782 1.570706 3.657547 2.632147 1.724135 32.074865 -1.593842 0.992663
Car -1 -1 -10 826.000000 181.000000 1223.000000 371.000000 1.556751 1.637121 4.010748 2.580744 1.628985 4.283588 -1.550934 0.988892
Car -1 -1 -10 634.000000 177.000000 668.000000 203.000000 1.591231 1.676452 4.040691 2.611685 1.803538 42.410079 -0.024910 0.885143
Car -1 -1 -10 505.000000 178.000000 549.000000 216.000000 1.465742 1.584787 3.894096 -3.693881 1.930985 33.246493 1.582317 0.483357
Cyclist -1 -1 -10 790.000000 178.000000 805.000000 227.000000 1.672135 0.670935 1.700928 6.154342 1.427802 24.294853 1.758677 0.025863
Cyclist -1 -1 -10 782.000000 180.000000 815.000000 223.000000 1.676870 0.504066 1.562222 5.674665 1.667524 21.613158 -1.346410 0.011757
