Pedestrian -1 -1 -10 723.000000 175.000000 788.000000 226.000000 1.873670 0.711239 0.964911 3.886513 1.840885 19.727671 1.668081 0.010383
Car -1 -1 -10 524.000000 173.000000 570.000000 204.000000 1.534335 1.628053 3.662797 -3.191452 1.569481 37.239152 1.666415 0.999607
Car -1 -1 -10 193.000000 185.000000 394.000000 315.000000 1.517931 1.610289 3.957960 -4.576305 1.803255 10.597642 1.555912 0.997460
Car -1 -1 -10 1.000000 204.000000 261.000000 375.000000 1.469246 1.587455 3.759843 -4.612705 1.813836 6.101527 1.559794 0.984845
Car -1 -1 -10 725.000000 177.000000 795.000000 230.000000 1.463931 1.624436 4.017951 4.482993 1.638611 21.438826 -1.507674 0.982112
Car -1 -1 -10 707.000000 171.000000 770.000000 215.000000 1.570614 1.610604 3.681150 4.722217 1.558539 27.013167 -1.596535 0.974106
Car -1 -1 -10 748.000000 163.000000 892.000000 263.000000 1.715431 1.698763 4.307403 4.187254 1.546342 15.020554 -1.551865 0.957596
Car -1 -1 -10 549.000000 173.000000 581.000000 199.000000 1.580506 1.609596 3.650163 -3.482805 1.883596 40.658262 -2.312573 0.522345
Car -1 -1 -10 698.000000 171.000000 743.000000 207.000000 1.519459 1.612755 3.928199 4.961514 1.518725 32.248707 -1.516418 0.515770
Car -1 -1 -10 692.000000 170.000000 726.000000 199.000000 1.564119 1.621622 3.875468 5.402010 1.444372 37.766071 -1.469780 0.269504
