Pedestrian -1 -1 -10 773.000000 165.000000 782.000000 192.000000 1.806864 0.631875 0.685040 12.197690 1.464166 52.297519 1.772703 0.484696
Car -1 -1 -10 834.000000 177.000000 906.000000 239.000000 1.589590 1.606867 3.519785 7.193514 1.800138 20.095632 -1.317739 0.999407
Car -1 -1 -10 690.000000 167.000000 738.000000 207.000000 1.502409 1.636293 3.894799 4.815026 1.497839 33.034230 -1.378404 0.999024
Car -1 -1 -10 912.000000 201.000000 1233.000000 374.000000 1.483301 1.533813 3.471252 3.384079 1.726246 5.888558 -1.334996 0.997246
Car -1 -1 -10 237.000000 170.000000 559.000000 376.000000 1.549131 1.569650 3.665126 -1.801087 1.612606 7.064681 1.803306 0.997207
Car -1 -1 -10 543.000000 174.000000 669.000000 264.000000 1.463485 1.571718 3.712990 0.076302 1.537826 13.717783 -1.334109 0.996485
Car -1 -1 -10 554.000000 163.000000 653.000000 227.000000 1.467114 1.640247 4.022743 -0.722224 0.498575 22.633209 2.154410 0.983427
Car -1 -1 -10 720.000000 169.000000 753.000000 200.000000 1.589700 1.664036 4.028754 6.952882 1.430390 40.688148 -1.256170 0.934918
Car -1 -1 -10 5.000000 167.000000 299.000000 372.000000 1.508047 1.559822 3.812710 -2.847944 1.685762 2.559186 -1.467664 0.894545
Car -1 -1 -10 832.000000 177.000000 879.000000 222.000000 1.533139 1.618173 3.813917 8.638737 1.803856 24.538064 -1.237325 0.029941
Cyclist -1 -1 -10 773.000000 165.000000 782.000000 191.000000 1.744052 0.644570 1.720602 12.259171 1.306929 52.463072 2.329277 0.020924
