Pedestrian -1 -1 -10 626.000000 173.000000 648.000000 214.000000 1.769092 0.580455 0.856916 1.274491 1.381200 27.467420 2.605991 0.961542
Pedestrian -1 -1 -10 856.000000 201.000000 897.000000 288.000000 1.761457 0.615607 0.737107 5.003987 2.358612 12.172603 -0.604206 0.250024
Pedestrian -1 -1 -10 919.000000 203.000000 979.000000 305.000000 1.712583 0.611654 0.640857 5.770945 1.662744 11.881255 -0.598315 0.226891
Pedestrian -1 -1 -10 784.000000 193.000000 813.000000 275.000000 1.747770 0.686718 0.680510 3.657201 1.826389 13.469265 -1.385916 0.101040
Pedestrian -1 -1 -10 730.000000 196.000000 761.000000 267.000000 1.676907 0.623583 0.773816 2.664238 1.886690 12.961689 -0.439967 0.069885
Pedestrian -1 -1 -10 745.000000 195.000000 784.000000 271.000000 1.695021 0.674889 0.634769 2.792711 1.880340 13.004999 0.651667 0.035653
Pedestrian -1 -1 -10 924.000000 186.000000 945.000000 250.000000 1.722470 0.513275 0.642558 6.003495 1.597289 13.036063 3.011244 0.032267
Pedestrian -1 -1 -10 918.000000 196.000000 963.000000 264.000000 1.778204 0.678330 0.716178 5.866716 1.887299 12.587949 -0.644145 0.022465
Cyclist -1 -1 -10 481.000000 187.000000 534.000000 240.000000 1.709552 0.708406 1.691043 -2.770927 1.577793 20.722809 0.333730 0.027355
Cyclist -1 -1 -10 916.000000 202.000000 984.000000 301.000000 1.705673 0.664359 1.718911 5.904855 1.540886 11.958163 3.579091 0.014340
