Pedestrian -1 -1 -10 680.000000 170.000000 695.000000 216.000000 1.790080 0.670052 0.834046 3.137517 1.721942 29.901300 1.128498 0.953665
Car -1 -1 -10 461.000000 182.000000 511.000000 215.000000 1.402944 1.569012 3.702952 -5.586268 1.798698 31.969901 1.179519 0.998739
Car -1 -1 -10 338.000000 183.000000 415.000000 211.000000 1.518544 1.626440 3.995317 -12.588825 2.091709 39.188915 0.422815 0.989860
Car -1 -1 -10 882.000000 192.000000 1237.000000 374.000000 1.545085 1.602181 3.755948 2.992042 1.708259 3.812397 -1.602612 0.978524
Car -1 -1 -10 -3.000000 197.000000 200.000000 375.000000 1.490523 1.587746 3.717129 -5.912180 1.750073 7.198613 1.520150 0.971250
Car -1 -1 -10 108.000000 182.000000 200.000000 235.000000 1.567846 1.653368 3.831001 -15.219531 1.876082 24.428217 1.346179 0.765071
Car -1 -1 -10 28.000000 185.000000 133.000000 236.000000 1.521740 1.606167 3.888419 -17.850637 1.888532 24.540195 1.534652 0.275417
Car -1 -1 -10 0.000000 192.000000 132.000000 305.000000 1.552747 1.605426 3.638630 -10.725746 1.591088 12.492768 -0.046466 0.153611
Car -1 -1 -10 -1.000000 189.000000 67.000000 243.000000 1.515891 1.589427 4.162409 -20.111758 1.688953 23.973832 1.502332 0.142377
Car -1 -1 -10 678.000000 173.000000 696.000000 208.000000 1.483941 1.612406 3.529324 2.989052 1.400182 30.533970 3.177429 0.017976
Cyclist -1 -1 -10 679.000000 173.000000 697.000000 211.000000 1.763013 0.547478 1.693717 3.247263 1.704811 30.068847 -0.614555 0.011373
