Car -1 -1 -10 376.000000 190.000000 499.000000 268.000000 1.452917 1.648058 4.047548 -3.404503 1.548619 14.824342 -1.580387 0.999702
Car -1 -1 -10 577.000000 179.000000 614.000000 212.000000 1.523692 1.648484 3.803049 -0.707558 1.311562 36.735069 -1.613247 0.999645
Car -1 -1 -10 236.000000 187.000000 360.000000 254.000000 1.435247 1.586297 3.828569 -7.560401 1.521796 17.926437 -1.590889 0.997827
Car -1 -1 -10 205.000000 186.000000 291.000000 230.000000 1.435800 1.634157 3.887693 -12.609639 1.582402 25.664778 -1.596781 0.994015
Car -1 -1 -10 465.000000 185.000000 515.000000 219.000000 1.471747 1.597205 3.963515 -4.963232 1.328675 30.159976 -1.638477 0.978886
Car -1 -1 -10 365.000000 182.000000 414.000000 226.000000 1.480840 1.626880 3.788905 -7.932862 1.407906 27.173586 -1.518491 0.978744
Car -1 -1 -10 2.000000 210.000000 172.000000 371.000000 1.534681 1.583248 3.728398 -3.737817 1.258493 2.274827 -1.527837 0.970219
Car -1 -1 -10 0.000000 188.000000 118.000000 269.000000 1.520251 1.633192 3.947453 -12.406479 1.639355 14.663992 -1.587359 0.881323
Car -1 -1 -10 292.000000 181.000000 356.000000 214.000000 1.704236 1.659950 3.944365 -13.266867 1.554351 33.504224 -1.364571 0.522136
Car -1 -1 -10 407.000000 187.000000 461.000000 218.000000 1.533273 1.576411 3.522851 -8.704791 1.196470 37.498926 1.840149 0.073156
