Car -1 -1 -10 579.000000 177.000000 621.000000 214.000000 1.534498 1.653477 3.945733 -0.354097 1.207767 32.733217 -1.579849 0.999757
Car -1 -1 -10 322.000000 180.000000 479.000000 281.000000 1.511075 1.613730 3.877277 -3.643900 1.504371 13.170365 -1.527034 0.999406
Car -1 -1 -10 482.000000 183.000000 543.000000 224.000000 1.447788 1.622905 3.856541 -3.331897 1.252565 25.280848 -1.564959 0.998841
Car -1 -1 -10 78.000000 173.000000 286.000000 278.000000 1.648238 1.638009 3.890019 -7.837585 1.493913 13.609849 -1.565114 0.996341
Car -1 -1 -10 1.000000 185.000000 143.000000 263.000000 1.464584 1.644513 3.880389 -12.159534 1.538870 15.222976 -1.583632 0.977908
Car -1 -1 -10 280.000000 183.000000 384.000000 240.000000 1.422973 1.621679 3.866166 -7.467570 1.395995 20.479814 -1.362042 0.894642
Car -1 -1 -10 442.000000 179.000000 491.000000 207.000000 1.507485 1.587396 3.788474 -7.790744 1.186997 39.493094 -1.597998 0.297496
Car -1 -1 -10 190.000000 179.000000 294.000000 235.000000 1.588368 1.662933 3.749832 -11.664536 1.448020 22.755569 -1.533071 0.084430
Car -1 -1 -10 251.000000 180.000000 342.000000 223.000000 1.506232 1.634567 3.954275 -12.402319 0.975330 28.710507 -3.417834 0.064405
Car -1 -1 -10 1.000000 185.000000 38.000000 309.000000 1.492883 1.624395 3.980583 -9.424131 1.660920 8.947447 -2.919587 0.040221
Car -1 -1 -10 336.000000 181.000000 406.000000 230.000000 1.454781 1.572580 3.773383 -7.582797 1.351848 20.288032 1.704400 0.026437
