Pedestrian -1 -1 -10 403.000000 174.000000 414.000000 211.000000 1.842025 0.725990 0.822375 -13.411793 2.053767 47.957871 -1.624305 0.057228
Pedestrian -1 -1 -10 415.000000 176.000000 445.000000 242.000000 1.678222 0.792041 0.590683 -4.714986 1.692138 18.392243 1.327134 0.028915
Pedestrian -1 -1 -10 421.000000 178.000000 446.000000 213.000000 1.723733 0.626538 0.636855 -8.633454 2.332557 37.235027 -1.289260 0.018205
Pedestrian -1 -1 -10 361.000000 183.000000 418.000000 241.000000 1.780692 0.761552 0.678816 -6.314160 1.967783 21.926117 1.127409 0.012459
Pedestrian -1 -1 -10 317.000000 186.000000 415.000000 253.000000 1.750088 0.733821 0.985771 -5.477603 1.998217 15.932247 -2.334110 0.010717
Car -1 -1 -10 661.000000 178.000000 780.000000 260.000000 1.506138 1.572161 3.530163 2.151383 1.644697 14.957011 -1.721149 0.999562
Car -1 -1 -10 319.000000 189.000000 407.000000 254.000000 1.464796 1.598760 3.667161 -5.884221 1.866912 17.557641 -1.781659 0.996685
Car -1 -1 -10 561.000000 177.000000 605.000000 213.000000 1.511955 1.579569 3.598237 -1.368817 1.808673 33.864457 -1.769764 0.992652
Car -1 -1 -10 796.000000 182.000000 1241.000000 373.000000 1.479465 1.597986 3.844693 2.885514 1.581084 5.936280 1.536288 0.982664
Car -1 -1 -10 351.000000 187.000000 420.000000 241.000000 1.508590 1.624478 3.944776 -6.905686 1.886826 22.944003 1.373518 0.714671
Car -1 -1 -10 1083.000000 231.000000 1245.000000 377.000000 1.481282 1.591064 3.813027 2.853010 1.393668 1.189124 -1.584077 0.303970
Car -1 -1 -10 538.000000 178.000000 570.000000 205.000000 1.537171 1.576916 3.827822 -3.478931 1.961889 44.172321 -1.744503 0.148516
Car -1 -1 -10 617.000000 182.000000 705.000000 230.000000 1.564275 1.629322 3.578204 1.357230 1.655958 21.923313 -1.705064 0.021093
Car -1 -1 -10 618.000000 176.000000 664.000000 205.000000 1.535810 1.592848 3.743479 2.423973 1.403931 33.798026 1.544322 0.017330
Cyclist -1 -1 -10 412.000000 174.000000 447.000000 248.000000 1.735719 0.578910 1.770307 -4.596091 1.741418 18.367351 1.355779 0.997948
Cyclist -1 -1 -10 446.000000 174.000000 480.000000 239.000000 1.750421 0.561957 1.760580 -4.224373 1.779229 20.482039 1.485145 0.997118
Cyclist -1 -1 -10 1104.000000 204.000000 1239.000000 348.000000 1.693405 0.550616 1.638525 2.207405 1.587540 2.471492 -1.490309 0.065702
Cyclist -1 -1 -10 420.000000 179.000000 449.000000 213.000000 1.670682 0.689942 1.823511 -9.332317 2.257661 37.376489 2.828154 0.048598
Cyclist -1 -1 -10 317.000000 186.000000 415.000000 253.000000 1.741540 0.720723 1.797161 -5.583601 1.957689 16.321960 2.760320 0.034807
