Car -1 -1 -10 723.000000 177.000000 1033.000000 372.000000 1.626474 1.640786 3.931023 2.435677 1.723766 7.870646 -1.621489 0.998708
Car -1 -1 -10 6.000000 205.000000 405.000000 374.000000 1.466836 1.554513 3.685143 -2.638480 1.763172 4.327041 1.591595 0.990818
Car -1 -1 -10 231.000000 188.000000 413.000000 263.000000 1.490155 1.595927 3.790992 -6.644653 1.954334 16.110847 -3.134139 0.945452
Car -1 -1 -10 380.000000 185.000000 507.000000 227.000000 1.536395 1.549446 4.051861 -5.903561 2.026682 26.452399 0.102011 0.928585
Car -1 -1 -10 641.000000 184.000000 673.000000 210.000000 1.480179 1.621337 3.968129 2.789061 2.043430 41.694801 -1.549671 0.828152
Car -1 -1 -10 39.000000 195.000000 324.000000 313.000000 1.456825 1.588864 3.978066 -6.434344 1.793000 11.198626 -3.137055 0.473858
Car -1 -1 -10 322.000000 188.000000 484.000000 236.000000 1.445484 1.600106 3.800412 -5.465971 1.996515 22.282818 -3.065212 0.352472
Car -1 -1 -10 440.000000 181.000000 535.000000 214.000000 1.536798 1.628574 4.043766 -5.578036 1.982729 37.251797 -3.128950 0.250058
Car -1 -1 -10 164.000000 195.000000 367.000000 292.000000 1.483312 1.491880 3.475079 -6.310727 1.998460 13.218278 0.616573 0.016778
Car -1 -1 -10 -1.000000 213.000000 192.000000 313.000000 1.505536 1.552836 3.789419 -7.206567 1.937581 11.141096 -3.169433 0.014190
Car -1 -1 -10 305.000000 188.000000 389.000000 234.000000 1.485798 1.561695 3.778894 -6.128583 1.666382 17.306112 0.621714 0.010318
Cyclist -1 -1 -10 937.000000 181.000000 992.000000 235.000000 1.697284 0.520779 1.645572 9.769430 1.594756 20.545222 1.280371 0.021731
Cyclist -1 -1 -10 951.000000 181.000000 970.000000 236.000000 1.786024 0.560244 1.279389 10.823636 1.689161 22.609387 3.029783 0.015129
