Car -1 -1 -10 694.000000 182.000000 840.000000 277.000000 1.505931 1.649433 4.110292 2.751125 1.671872 13.417754 -1.608058 0.999738
Car -1 -1 -10 242.000000 184.000000 464.000000 250.000000 1.451749 1.619530 4.053684 -5.880825 1.742029 17.135532 0.065354 0.995675
Car -1 -1 -10 671.000000 178.000000 734.000000 223.000000 1.424999 1.563239 3.791846 3.110143 1.639767 24.134446 -1.589419 0.995528
Car -1 -1 -10 -12.000000 185.000000 328.000000 309.000000 1.497856 1.611668 3.958526 -6.696355 1.712037 10.167041 -3.306495 0.993231
Car -1 -1 -10 646.000000 168.000000 683.000000 199.000000 1.533811 1.610956 3.905468 3.117416 1.690740 43.352829 -1.574483 0.968208
Car -1 -1 -10 896.000000 207.000000 1244.000000 371.000000 1.475292 1.564851 3.656450 3.012262 1.729500 3.590245 -1.597865 0.922380
Car -1 -1 -10 -2.000000 193.000000 200.000000 359.000000 1.517206 1.630505 3.960270 -6.469813 1.747773 6.649662 -3.097544 0.878567
Car -1 -1 -10 335.000000 169.000000 454.000000 225.000000 1.518884 1.569489 3.760987 -6.344502 1.110352 22.540221 1.754973 0.811178
Car -1 -1 -10 472.000000 173.000000 541.000000 204.000000 1.668374 1.488042 2.981158 -4.737547 1.765513 37.129561 1.415334 0.204061
Car -1 -1 -10 435.000000 176.000000 534.000000 213.000000 1.485409 1.567956 3.769303 -4.444118 1.551872 33.267189 1.896711 0.073999
