Car -1 -1 -10 254.000000 192.000000 439.000000 294.000000 1.484527 1.607610 3.944759 -4.184294 1.595347 12.218536 -1.592494 0.999454
Car -1 -1 -10 577.000000 179.000000 611.000000 210.000000 1.543312 1.624623 3.867926 -0.770314 1.446802 39.814396 -1.599983 0.999159
Car -1 -1 -10 430.000000 185.000000 499.000000 234.000000 1.464458 1.564042 3.687470 -4.499379 1.493516 23.460028 -1.567986 0.996953
Car -1 -1 -10 -9.000000 179.000000 255.000000 292.000000 1.500619 1.614930 3.802698 -8.485805 1.487296 12.763622 -1.566708 0.982221
Car -1 -1 -10 265.000000 192.000000 350.000000 238.000000 1.461306 1.619546 3.857725 -8.463510 1.613925 21.084817 -1.486940 0.847791
Car -1 -1 -10 472.000000 184.000000 522.000000 217.000000 1.481283 1.598279 4.024835 -4.976918 1.453696 33.470831 -1.563278 0.800829
Car -1 -1 -10 171.000000 197.000000 362.000000 320.000000 1.517911 1.579473 3.883448 -4.444006 1.552139 9.838878 1.528420 0.790105
Car -1 -1 -10 501.000000 184.000000 540.000000 209.000000 1.520140 1.543015 3.674318 -5.134479 1.370444 42.605710 -1.583847 0.381878
Car -1 -1 -10 361.000000 181.000000 402.000000 207.000000 1.511997 1.624191 3.807933 -12.474975 1.260812 41.448995 -1.339367 0.086698
Car -1 -1 -10 371.000000 186.000000 427.000000 221.000000 1.535663 1.607971 3.847501 -8.884508 1.431083 31.589449 -1.681669 0.034160
