Pedestrian -1 -1 -10 522.000000 171.000000 537.000000 212.000000 1.788987 0.651340 0.756024 -3.608848 1.732329 31.753347 1.445269 0.355531
Pedestrian -1 -1 -10 704.000000 159.000000 719.000000 211.000000 1.912521 0.659258 0.897919 4.151042 1.521869 29.859891 -1.782347 0.221149
Pedestrian -1 -1 -10 479.000000 170.000000 508.000000 245.000000 1.757958 0.718897 0.798564 -2.871888 1.753621 17.963894 1.450816 0.015986
Car -1 -1 -10 5.000000 188.000000 301.000000 374.000000 1.606699 1.616039 3.874310 -5.010401 1.809780 7.986702 1.570242 0.999531
Car -1 -1 -10 820.000000 173.000000 1243.000000 372.000000 1.528535 1.571269 3.674628 2.523996 1.632042 4.365433 -1.540502 0.962849
Car -1 -1 -10 407.000000 183.000000 491.000000 234.000000 1.457991 1.596133 3.881760 -5.329798 1.824178 23.748342 1.597323 0.828847
Car -1 -1 -10 504.000000 177.000000 542.000000 205.000000 1.515724 1.562903 3.710310 -5.124188 1.974047 42.467790 1.668744 0.436324
Car -1 -1 -10 519.000000 173.000000 538.000000 209.000000 1.551246 1.611599 3.910793 -4.904374 2.011780 42.553569 1.528211 0.017753
Cyclist -1 -1 -10 443.000000 173.000000 484.000000 252.000000 1.709156 0.568158 1.775600 -3.569828 1.750687 17.377331 1.513599 0.999010
Cyclist -1 -1 -10 477.000000 169.000000 510.000000 247.000000 1.764339 0.674819 1.788131 -2.898057 1.722531 17.870874 1.582158 0.998782
Cyclist -1 -1 -10 521.000000 172.000000 538.000000 211.000000 1.734728 0.614431 1.811086 -3.636970 1.642339 31.726851 1.523457 0.947679
Cyclist -1 -1 -10 409.000000 182.000000 489.000000 234.000000 1.730784 0.622503 1.767691 -4.981547 2.081017 22.275647 -1.724202 0.869852
Cyclist -1 -1 -10 458.000000 173.000000 501.000000 247.000000 1.766608 0.638078 1.777312 -3.281501 1.602482 17.676825 0.356951 0.265569
Cyclist -1 -1 -10 505.000000 177.000000 542.000000 206.000000 1.741070 0.588207 1.656049 -5.286568 2.633743 40.837325 -1.763843 0.144658
Cyclist -1 -1 -10 448.000000 177.000000 480.000000 221.000000 1.753403 0.517458 1.261443 -4.449238 1.805411 21.294996 -1.781337 0.043792
Cyclist -1 -1 -10 773.000000 161.000000 880.000000 367.000000 1.693471 0.623628 1.753962 2.064447 2.104931 5.643771 -1.712709 0.018749
