Car -1 -1 -10 686.000000 186.000000 793.000000 258.000000 1.435379 1.580140 3.654308 2.834590 1.768818 16.445944 -1.695575 0.999522
Car -1 -1 -10 109.000000 191.000000 385.000000 282.000000 1.523235 1.642372 3.966015 -6.524258 1.838366 12.378279 -3.119658 0.998697
Car -1 -1 -10 649.000000 180.000000 709.000000 226.000000 1.441633 1.630719 4.082551 2.359183 1.830222 26.182021 -1.617534 0.997175
Car -1 -1 -10 259.000000 188.000000 444.000000 245.000000 1.480033 1.643116 4.045920 -6.423917 1.902245 18.805132 -3.067951 0.966373
Car -1 -1 -10 379.000000 182.000000 510.000000 223.000000 1.593344 1.636715 3.906725 -6.604877 2.135700 29.716543 -3.172626 0.949133
Car -1 -1 -10 1.000000 196.000000 177.000000 360.000000 1.543714 1.592523 3.886568 -6.822854 1.787948 7.349564 -3.158960 0.797423
Car -1 -1 -10 334.000000 185.000000 468.000000 232.000000 1.475330 1.581898 3.542262 -6.105775 1.839466 22.381440 -1.715430 0.654556
Car -1 -1 -10 428.000000 176.000000 506.000000 210.000000 1.470609 1.521786 3.437706 -6.358428 1.673287 31.842903 -2.374165 0.044652
Car -1 -1 -10 640.000000 180.000000 680.000000 209.000000 1.496433 1.588653 3.932663 2.579750 1.901052 36.911138 -1.616665 0.031005
Car -1 -1 -10 24.000000 198.000000 283.000000 286.000000 1.488891 1.598060 3.856426 -6.299916 1.795827 12.382173 -3.189899 0.025500
