Pedestrian -1 -1 -10 405.000000 169.000000 418.000000 207.000000 1.766590 0.564726 0.549214 -11.141192 1.721583 40.396632 1.530176 0.175965
Pedestrian -1 -1 -10 397.000000 174.000000 406.000000 207.000000 1.773155 0.614919 0.671981 -11.579991 1.812464 40.226503 -3.419199 0.104244
Pedestrian -1 -1 -10 386.000000 176.000000 409.000000 210.000000 1.818140 0.614814 1.164155 -11.683224 1.937946 39.698523 2.737430 0.015211
Car -1 -1 -10 751.000000 173.000000 1022.000000 342.000000 1.534566 1.543563 3.389167 2.688330 1.611394 7.797209 -1.661386 0.999122
Car -1 -1 -10 584.000000 173.000000 641.000000 218.000000 1.502389 1.556963 3.565053 -0.085989 1.589732 26.844183 -1.748535 0.998370
Car -1 -1 -10 405.000000 181.000000 447.000000 216.000000 1.512092 1.598759 3.807402 -7.999632 1.885997 32.137417 -1.735554 0.989043
Car -1 -1 -10 143.000000 197.000000 362.000000 310.000000 1.454753 1.559602 3.768688 -5.207252 1.802206 10.870257 -1.862749 0.925251
Car -1 -1 -10 558.000000 175.000000 596.000000 205.000000 1.495185 1.615733 3.689172 -1.791467 1.617318 37.214478 -1.712894 0.889731
Car -1 -1 -10 269.000000 181.000000 399.000000 265.000000 1.439070 1.654686 4.030717 -6.140040 1.787034 15.912745 1.430983 0.441821
Car -1 -1 -10 418.000000 174.000000 454.000000 209.000000 1.555287 1.615005 3.922767 -9.506533 1.677515 41.057183 -1.722401 0.161752
Car -1 -1 -10 659.000000 180.000000 784.000000 253.000000 1.537330 1.627295 3.719204 1.986612 1.487608 14.907559 -1.742020 0.035180
Car -1 -1 -10 250.000000 187.000000 354.000000 325.000000 1.553558 1.579337 3.718061 -3.883068 1.766961 10.027530 -2.064050 0.010573
Cyclist -1 -1 -10 353.000000 175.000000 431.000000 296.000000 1.733237 0.539088 1.761563 -3.336133 1.745504 10.986909 1.595323 0.999823
Cyclist -1 -1 -10 261.000000 176.000000 349.000000 329.000000 1.738092 0.525977 1.718760 -3.696700 1.749019 8.775704 1.523967 0.998520
Cyclist -1 -1 -10 273.000000 183.000000 381.000000 276.000000 1.772284 0.527127 1.764068 -5.494700 1.885677 15.130583 -1.431860 0.758190
Cyclist -1 -1 -10 159.000000 191.000000 343.000000 302.000000 1.727835 0.794033 1.790798 -5.094932 1.907392 9.386849 -0.038490 0.154677
Cyclist -1 -1 -10 402.000000 181.000000 448.000000 218.000000 1.777042 0.722450 1.734613 -7.862433 2.012045 30.597643 2.882733 0.093676
Cyclist -1 -1 -10 397.000000 174.000000 416.000000 214.000000 1.765956 0.715580 1.734079 -11.374972 1.547571 40.442903 0.206573 0.034086
Cyclist -1 -1 -10 386.000000 176.000000 409.000000 210.000000 1.774030 0.814806 1.855553 -11.779440 1.782680 40.218916 2.755752 0.023192
Cyclist -1 -1 -10 373.000000 177.000000 415.000000 219.000000 1.716105 0.481183 1.427120 -12.142117 1.888980 38.096479 -1.302917 0.014347
Cyclist -1 -1 -10 396.000000 174.000000 407.000000 208.000000 1.693571 0.583492 1.696600 -11.883731 1.701541 40.438607 -1.845833 0.013338
