Pedestrian -1 -1 -10 452.000000 186.000000 461.000000 217.000000 1.714598 0.616802 0.593205 -9.469543 1.721538 45.330683 0.277426 0.056205
Pedestrian -1 -1 -10 445.000000 184.000000 464.000000 210.000000 1.776093 0.464645 0.684732 -2.299865 1.336139 11.018249 -0.131610 0.013364
Car -1 -1 -10 107.000000 180.000000 428.000000 373.000000 1.533385 1.622678 3.821801 -3.280160 1.571542 7.709293 -1.601586 0.999489
Car -1 -1 -10 559.000000 177.000000 604.000000 218.000000 1.534117 1.650780 3.933206 -1.221577 1.262702 31.167218 -1.617671 0.999361
Car -1 -1 -10 360.000000 187.000000 469.000000 263.000000 1.490998 1.589683 3.663241 -4.146744 1.562094 15.590870 -1.625551 0.997189
Car -1 -1 -10 94.000000 184.000000 217.000000 240.000000 1.495292 1.640195 3.915239 -12.998879 1.527967 21.165151 -1.576031 0.985368
Car -1 -1 -10 1.000000 197.000000 92.000000 324.000000 1.494630 1.631731 3.931251 -7.744736 1.773250 7.708936 1.510913 0.905882
Car -1 -1 -10 103.000000 174.000000 193.000000 218.000000 1.506410 1.603220 3.797309 -17.666997 0.972214 24.041030 -3.588507 0.232766
Car -1 -1 -10 330.000000 180.000000 375.000000 212.000000 1.468104 1.563503 3.733199 -9.305844 1.148899 24.296407 1.334753 0.041224
Car -1 -1 -10 119.000000 186.000000 299.000000 267.000000 1.736705 1.640057 3.762173 -8.385069 1.744383 17.218509 -1.522695 0.011996
