Car -1 -1 -10 639.000000 177.000000 682.000000 213.000000 1.457586 1.623588 3.833678 2.357478 1.663168 33.045959 -1.552050 0.998903
Car -1 -1 -10 266.000000 190.000000 461.000000 305.000000 1.477878 1.669926 4.090724 -3.838325 1.864109 11.904795 1.555573 0.997375
Car -1 -1 -10 404.000000 188.000000 504.000000 246.000000 1.463034 1.528613 3.654844 -4.068703 1.933244 19.958738 1.592158 0.995726
Car -1 -1 -10 47.000000 204.000000 290.000000 317.000000 1.457725 1.619180 3.970387 -6.783188 2.028994 11.465984 1.570641 0.979414
Car -1 -1 -10 762.000000 160.000000 899.000000 208.000000 1.576987 1.678550 4.121709 7.928247 1.297145 26.503614 3.340445 0.973314
Car -1 -1 -10 733.000000 165.000000 827.000000 202.000000 1.605397 1.615336 3.861323 6.940511 1.260071 29.217718 3.305828 0.229776
Car -1 -1 -10 773.000000 161.000000 811.000000 208.000000 1.489012 1.558630 3.507333 6.034263 1.598874 24.168580 2.698582 0.081448
Car -1 -1 -10 394.000000 189.000000 461.000000 234.000000 1.586616 1.599834 3.864257 -6.791294 2.050344 27.115247 -1.804015 0.071772
Car -1 -1 -10 937.000000 149.000000 1008.000000 178.000000 1.660350 1.684758 3.854995 21.147875 0.423729 42.369381 -0.213949 0.027744
Cyclist -1 -1 -10 776.000000 160.000000 808.000000 210.000000 1.653113 0.508349 1.587166 5.056709 1.681092 19.603571 -1.347146 0.024092
