Car -1 -1 -10 788.000000 183.000000 1073.000000 363.000000 1.481005 1.579501 3.631422 3.200328 1.725775 7.938300 -1.548951 0.999248
Car -1 -1 -10 22.000000 183.000000 353.000000 282.000000 1.504383 1.668368 4.148369 -6.441594 1.654593 11.462801 -3.203660 0.999016
Car -1 -1 -10 678.000000 181.000000 736.000000 223.000000 1.492970 1.569291 3.515671 3.461674 1.788542 26.472853 -1.607021 0.998350
Car -1 -1 -10 333.000000 179.000000 476.000000 238.000000 1.548394 1.641759 4.138346 -5.863544 1.693189 20.461597 -3.196394 0.997571
Car -1 -1 -10 382.000000 176.000000 508.000000 226.000000 1.609471 1.663630 4.191228 -5.515325 1.779832 25.254252 0.866735 0.989653
Car -1 -1 -10 233.000000 181.000000 429.000000 249.000000 1.507723 1.667692 3.957780 -6.598451 1.696708 16.902768 -3.152276 0.984946
Car -1 -1 -10 722.000000 176.000000 900.000000 281.000000 1.562998 1.630904 3.793986 3.291189 1.653991 13.084416 -1.575307 0.979345
Car -1 -1 -10 3.000000 224.000000 96.000000 379.000000 1.439405 1.610940 3.997147 -5.493078 1.639257 4.245359 0.045995 0.545848
Car -1 -1 -10 446.000000 176.000000 542.000000 211.000000 1.501613 1.653728 4.082448 -4.804328 1.674885 35.284223 -3.096869 0.496092
Car -1 -1 -10 702.000000 177.000000 789.000000 224.000000 1.552313 1.623624 4.013445 7.669384 1.441682 35.141712 -1.503081 0.114204
