Pedestrian -1 -1 -10 415.000000 172.000000 454.000000 206.000000 1.802179 0.559899 0.961284 -8.895487 0.729391 36.333638 -0.244054 0.013678
Car -1 -1 -10 573.000000 175.000000 612.000000 210.000000 1.553159 1.625581 3.909507 -0.773656 1.082684 35.267195 -1.593496 0.999518
Car -1 -1 -10 149.000000 184.000000 389.000000 312.000000 1.493724 1.615393 4.013218 -4.675042 1.561518 10.604064 -1.572750 0.999265
Car -1 -1 -10 393.000000 185.000000 480.000000 240.000000 1.453957 1.607328 3.739800 -4.604694 1.463620 19.855971 -1.568618 0.998852
Car -1 -1 -10 52.000000 176.000000 209.000000 247.000000 1.499797 1.635686 3.878668 -12.139257 1.385295 18.822979 -1.578804 0.995238
Car -1 -1 -10 335.000000 179.000000 404.000000 220.000000 1.503413 1.554991 3.608105 -9.070012 1.333294 27.648793 -1.572920 0.773401
Car -1 -1 -10 434.000000 179.000000 492.000000 222.000000 1.499954 1.627658 3.909687 -5.545760 1.332630 27.887995 -1.614887 0.648968
Car -1 -1 -10 412.000000 172.000000 455.000000 205.000000 1.501285 1.618956 3.762177 -9.097625 0.584726 38.257542 -1.772897 0.394399
Car -1 -1 -10 0.000000 180.000000 100.000000 315.000000 1.513478 1.596848 3.655231 -8.372394 1.547241 8.903113 -1.588832 0.055077
Car -1 -1 -10 398.000000 177.000000 464.000000 215.000000 1.552956 1.615105 3.886744 -5.057927 1.262455 19.313488 -1.196384 0.010416
