Pedestrian -1 -1 -10 401.000000 167.000000 429.000000 245.000000 1.764390 0.718569 0.700446 -4.290526 1.626985 15.885654 -1.646068 0.911006
Pedestrian -1 -1 -10 424.000000 168.000000 442.000000 244.000000 1.787148 0.703382 0.737588 -4.727583 1.385726 19.268746 2.300925 0.107351
Pedestrian -1 -1 -10 410.000000 169.000000 450.000000 250.000000 1.797456 0.726126 0.715989 -4.724875 1.454102 19.048247 -1.506473 0.022429
Car -1 -1 -10 664.000000 179.000000 717.000000 221.000000 1.410009 1.609501 3.904009 2.942178 1.660469 26.934130 -1.581244 0.998727
Car -1 -1 -10 224.000000 183.000000 481.000000 356.000000 1.579562 1.623469 4.071457 -2.659405 1.689524 8.404077 -1.618015 0.998581
Car -1 -1 -10 404.000000 183.000000 537.000000 279.000000 1.538568 1.656202 4.123144 -2.607155 1.768602 13.610973 -1.518460 0.997751
Car -1 -1 -10 715.000000 183.000000 882.000000 300.000000 1.431656 1.580973 3.719902 2.656458 1.632455 11.133900 -1.602078 0.994972
Car -1 -1 -10 553.000000 178.000000 586.000000 209.000000 1.563064 1.644874 4.148050 -2.312694 1.890418 40.948781 -1.638836 0.991814
Car -1 -1 -10 770.000000 170.000000 1197.000000 375.000000 1.568264 1.610100 3.706382 2.414380 1.590394 5.557929 -1.573231 0.978639
Car -1 -1 -10 648.000000 179.000000 690.000000 208.000000 1.568720 1.646679 3.998829 3.238878 1.891006 39.518209 -1.652656 0.902941
Car -1 -1 -10 643.000000 179.000000 670.000000 204.000000 1.502471 1.626762 3.846582 3.438096 1.827492 39.249539 1.461085 0.255966
Car -1 -1 -10 755.000000 179.000000 971.000000 336.000000 1.585067 1.624445 3.786606 2.441150 1.571265 5.479326 -1.572525 0.016068
Cyclist -1 -1 -10 389.000000 170.000000 434.000000 246.000000 1.728474 0.652903 1.695494 -4.346574 1.347984 16.248615 -2.438946 0.154173
Cyclist -1 -1 -10 356.000000 173.000000 471.000000 243.000000 1.696384 0.687596 1.667842 -5.049428 1.282114 18.636215 2.746042 0.025806
Cyclist -1 -1 -10 401.000000 183.000000 537.000000 280.000000 1.728895 0.557898 1.756061 -2.044336 1.783185 12.434106 1.843399 0.016095
