Pedestrian -1 -1 -10 743.000000 149.000000 808.000000 275.000000 1.786505 0.735974 0.930092 2.601665 1.348735 10.891054 0.754151 0.997752
Pedestrian -1 -1 -10 438.000000 147.000000 509.000000 298.000000 1.844433 0.728692 0.986516 -1.891429 1.496875 9.178827 0.217280 0.953239
Pedestrian -1 -1 -10 94.000000 174.000000 126.000000 280.000000 1.731155 0.565481 0.683433 -9.308279 1.643493 13.109878 0.418903 0.949279
Pedestrian -1 -1 -10 74.000000 178.000000 106.000000 288.000000 1.686817 0.553547 0.669409 -9.336877 1.649603 12.830042 0.416879 0.832096
Pedestrian -1 -1 -10 985.000000 149.000000 1002.000000 212.000000 1.748709 0.612511 0.758632 10.597588 0.795127 19.488476 0.931186 0.785110
Pedestrian -1 -1 -10 38.000000 181.000000 185.000000 364.000000 1.827686 0.634482 0.804649 -9.046637 1.835797 12.700801 -2.495289 0.233382
Pedestrian -1 -1 -10 807.000000 154.000000 824.000000 184.000000 1.762640 0.674885 0.843876 12.471417 0.308629 41.817611 1.855911 0.188746
Pedestrian -1 -1 -10 73.000000 172.000000 146.000000 334.000000 1.715227 0.661182 0.741758 -9.308228 1.524647 12.956588 -2.638664 0.062931
Pedestrian -1 -1 -10 1.000000 178.000000 20.000000 250.000000 1.690849 0.552720 0.574230 -10.384146 1.403676 12.304582 -0.111156 0.036743
Pedestrian -1 -1 -10 1.000000 170.000000 22.000000 324.000000 1.796687 0.525238 0.467468 -9.655844 1.483280 11.462673 1.921261 0.018607
Pedestrian -1 -1 -10 3.000000 190.000000 327.000000 365.000000 1.699996 0.657549 0.729052 -2.332173 1.686840 3.531944 0.049876 0.013751
Car -1 -1 -10 1.000000 193.000000 349.000000 367.000000 1.519874 1.595494 3.809256 -3.190195 1.666662 4.582581 -1.562357 0.988787
Car -1 -1 -10 38.000000 181.000000 185.000000 364.000000 1.489314 1.604417 3.994761 -3.895263 1.478334 3.236749 -3.207049 0.048238
Cyclist -1 -1 -10 423.000000 145.000000 541.000000 281.000000 1.640267 0.682383 1.802773 -2.151071 1.338639 11.290797 0.041631 0.997512
Cyclist -1 -1 -10 984.000000 150.000000 1002.000000 212.000000 1.772350 0.592716 1.791152 10.584492 0.783764 19.511712 -1.009455 0.390602
Cyclist -1 -1 -10 3.000000 190.000000 327.000000 365.000000 1.769526 0.666802 1.750335 -2.605078 1.650228 4.118912 -1.530709 0.052994
Cyclist -1 -1 -10 38.000000 181.000000 185.000000 364.000000 1.680761 0.557759 1.647688 -9.174570 1.412767 12.901160 -1.175836 0.044314
Cyclist -1 -1 -10 85.000000 176.000000 132.000000 281.000000 1.647887 0.513789 1.621854 -9.276655 1.371123 13.050912 1.574373 0.016518
Cyclist -1 -1 -10 2.000000 165.000000 21.000000 339.000000 1.701790 0.648351 1.733264 -2.769408 1.340133 3.175077 -2.269675 0.011866
