Car -1 -1 -10 782.000000 203.000000 1097.000000 373.000000 1.486063 1.574432 3.525837 2.933487 1.809136 7.277132 -1.606253 0.998706
Car -1 -1 -10 85.000000 178.000000 345.000000 288.000000 1.526545 1.650101 3.825555 -6.607987 1.727326 11.904374 -3.255401 0.990346
Car -1 -1 -10 723.000000 175.000000 869.000000 232.000000 1.705628 1.642181 3.926379 6.063171 1.904454 25.040559 3.111116 0.973608
Car -1 -1 -10 395.000000 183.000000 499.000000 218.000000 1.583893 1.683502 3.902215 -6.562703 1.985851 30.872614 -3.171836 0.961944
Car -1 -1 -10 794.000000 188.000000 1043.000000 280.000000 1.501608 1.608412 4.012487 6.178755 1.869584 14.727101 3.139242 0.915254
Car -1 -1 -10 -10.000000 171.000000 233.000000 377.000000 1.594074 1.558546 3.951629 -6.105076 1.704883 6.989760 -0.001354 0.830585
Car -1 -1 -10 435.000000 180.000000 521.000000 214.000000 1.689594 1.729667 4.244378 -6.658372 1.919852 35.947203 -3.248054 0.810456
Car -1 -1 -10 319.000000 183.000000 453.000000 236.000000 1.469221 1.540042 3.820207 -6.922997 1.760820 21.794078 0.108580 0.684751
Car -1 -1 -10 788.000000 183.000000 956.000000 253.000000 1.483315 1.591489 3.798799 6.323041 1.841753 17.262081 0.044505 0.629850
Car -1 -1 -10 -1.000000 179.000000 82.000000 383.000000 1.486652 1.635485 4.169739 -5.911222 1.740934 4.699690 0.025859 0.050916
Cyclist -1 -1 -10 813.000000 192.000000 1066.000000 286.000000 1.670146 0.820067 1.891383 6.234232 1.781674 14.411840 3.198849 0.027762
