Pedestrian -1 -1 -10 375.000000 171.000000 415.000000 286.000000 1.773200 0.587650 0.890182 -3.278083 1.603529 11.170201 1.806202 0.997290
Pedestrian -1 -1 -10 741.000000 178.000000 793.000000 315.000000 1.720296 0.625626 0.909741 2.082317 1.604160 9.417012 -1.300046 0.995660
Pedestrian -1 -1 -10 867.000000 166.000000 911.000000 287.000000 1.695210 0.593463 0.773367 4.259357 1.504843 10.741383 1.861055 0.987505
Pedestrian -1 -1 -10 642.000000 171.000000 672.000000 244.000000 1.804940 0.638367 0.962720 1.386675 1.530986 18.711457 -2.485430 0.984976
Pedestrian -1 -1 -10 914.000000 168.000000 955.000000 289.000000 1.697251 0.572462 0.602991 4.684114 1.583477 10.135989 1.942022 0.956033
Pedestrian -1 -1 -10 715.000000 176.000000 752.000000 281.000000 1.747209 0.651012 0.816235 2.079305 1.614218 11.783265 -1.448817 0.893442
Pedestrian -1 -1 -10 295.000000 171.000000 332.000000 268.000000 1.623615 0.512957 0.677872 -4.588417 1.451979 11.358564 1.173650 0.863175
Pedestrian -1 -1 -10 781.000000 169.000000 814.000000 254.000000 1.732524 0.630885 0.762683 3.757547 1.376372 14.045256 3.244532 0.826561
Pedestrian -1 -1 -10 687.000000 182.000000 722.000000 270.000000 1.656135 0.588228 0.794506 1.912041 1.657303 13.129853 -1.379928 0.733010
Pedestrian -1 -1 -10 766.000000 171.000000 802.000000 265.000000 1.727767 0.573646 0.730213 3.627925 1.442135 14.052558 -1.444349 0.652134
Pedestrian -1 -1 -10 732.000000 178.000000 770.000000 280.000000 1.809122 0.522015 0.844582 2.263356 1.687248 11.933944 0.761614 0.304453
Car -1 -1 -10 552.000000 181.000000 598.000000 217.000000 1.503715 1.647653 3.900466 -1.225437 1.484299 32.215603 1.647312 0.998758
Cyclist -1 -1 -10 284.000000 173.000000 340.000000 273.000000 1.762621 0.626820 1.795572 -4.643536 1.563949 11.499533 1.205360 0.615780
Cyclist -1 -1 -10 274.000000 210.000000 357.000000 287.000000 1.624600 0.532635 1.715975 -4.561052 1.693718 11.254868 1.253802 0.061628
Cyclist -1 -1 -10 866.000000 170.000000 911.000000 285.000000 1.785040 0.600501 1.738843 4.260220 1.558452 10.773859 1.929444 0.015926
