Pedestrian -1 -1 -10 424.000000 178.000000 442.000000 228.000000 1.862459 0.714407 0.836754 -6.327322 2.028788 25.526075 1.390022 0.957451
Pedestrian -1 -1 -10 405.000000 182.000000 421.000000 222.000000 1.751993 0.650832 0.641089 -7.232551 1.906569 26.081010 -1.446488 0.771817
Pedestrian -1 -1 -10 413.000000 182.000000 423.000000 226.000000 1.739679 0.589724 0.534390 -6.898745 1.902732 25.331767 1.326430 0.067508
Pedestrian -1 -1 -10 410.000000 180.000000 436.000000 230.000000 1.888614 0.615918 0.822962 -6.485864 1.791009 25.299772 -1.629960 0.056057
Pedestrian -1 -1 -10 398.000000 195.000000 474.000000 253.000000 1.784914 0.644800 0.871686 -4.273654 2.207781 17.530246 -3.173345 0.018094
Pedestrian -1 -1 -10 725.000000 184.000000 753.000000 217.000000 1.772177 0.697368 0.703611 5.610174 2.150505 33.682109 -1.884034 0.016451
Car -1 -1 -10 699.000000 183.000000 837.000000 281.000000 1.487839 1.581876 3.607594 2.698742 1.701789 12.982140 -1.595274 0.999741
Car -1 -1 -10 394.000000 196.000000 479.000000 253.000000 1.435679 1.576754 3.560857 -4.574502 2.001092 19.153476 -1.620006 0.998950
Car -1 -1 -10 656.000000 183.000000 714.000000 232.000000 1.494247 1.573179 3.608660 2.314521 1.795878 23.307633 -1.562622 0.995674
Car -1 -1 -10 447.000000 181.000000 506.000000 230.000000 1.602646 1.627994 4.011009 -5.059606 2.000821 28.370872 -1.601251 0.990136
Car -1 -1 -10 633.000000 180.000000 666.000000 210.000000 1.570198 1.598623 3.891277 2.163033 1.910688 39.214107 -1.582642 0.984155
Car -1 -1 -10 493.000000 185.000000 532.000000 213.000000 1.564395 1.608770 3.845693 -5.598788 2.209391 42.231505 1.507622 0.729679
Car -1 -1 -10 0.000000 220.000000 120.000000 372.000000 1.501876 1.613584 3.914056 -4.567240 1.830691 3.502455 1.528825 0.496457
Car -1 -1 -10 469.000000 184.000000 517.000000 222.000000 1.457277 1.583616 3.977672 -4.898309 1.933935 28.339799 -1.559469 0.024915
Cyclist -1 -1 -10 725.000000 184.000000 750.000000 217.000000 1.689301 0.577367 1.664650 5.570730 1.826581 33.785059 -0.911068 0.082141
Cyclist -1 -1 -10 406.000000 182.000000 432.000000 223.000000 1.726942 0.646461 1.601891 -6.908428 1.776069 25.490012 0.218848 0.024473
Cyclist -1 -1 -10 418.000000 180.000000 442.000000 226.000000 1.704643 0.800274 1.717468 -6.328356 1.733258 25.607538 2.877710 0.017119
