Pedestrian -1 -1 -10 432.000000 177.000000 440.000000 212.000000 1.715107 0.521653 0.619839 -4.794687 1.867043 19.256651 -0.153368 0.033905
Pedestrian -1 -1 -10 415.000000 180.000000 426.000000 215.000000 1.667944 0.546716 0.562620 -6.915514 1.525460 25.953376 2.295329 0.031255
Pedestrian -1 -1 -10 428.000000 178.000000 436.000000 211.000000 1.730616 0.631617 0.673248 -7.413275 1.466713 29.202883 0.293054 0.011573
Pedestrian -1 -1 -10 411.000000 179.000000 428.000000 232.000000 1.760901 0.611160 0.674995 -6.956522 1.810207 25.650290 -1.866330 0.010797
Car -1 -1 -10 758.000000 176.000000 1085.000000 367.000000 1.502089 1.615703 3.962930 2.781399 1.596117 7.353283 -1.560286 0.999633
Car -1 -1 -10 306.000000 195.000000 447.000000 284.000000 1.496606 1.601157 3.824123 -4.465856 1.992862 14.151279 1.550769 0.999431
Car -1 -1 -10 710.000000 176.000000 847.000000 270.000000 1.578338 1.605454 3.767393 3.013283 1.614902 13.756115 -1.576358 0.998144
Car -1 -1 -10 678.000000 177.000000 749.000000 232.000000 1.511124 1.592663 3.811390 3.003472 1.668285 22.238419 -1.558481 0.992436
Car -1 -1 -10 396.000000 181.000000 489.000000 254.000000 1.637496 1.518118 3.734910 -4.355548 1.960275 19.586886 1.548956 0.986913
Car -1 -1 -10 455.000000 182.000000 521.000000 234.000000 1.599776 1.651320 4.051059 -4.204064 1.921009 25.231314 1.598148 0.980195
Car -1 -1 -10 1.000000 206.000000 93.000000 332.000000 1.477075 1.597768 4.096382 -9.545116 1.956613 9.817938 -0.001267 0.261075
Car -1 -1 -10 887.000000 169.000000 1050.000000 278.000000 1.470067 1.643687 4.036266 6.766198 0.901171 10.683768 1.554938 0.038574
