Pedestrian -1 -1 -10 748.000000 177.000000 756.000000 203.000000 1.837978 0.492374 0.705563 1.084528 1.260669 4.959872 0.164344 0.028400
Pedestrian -1 -1 -10 749.000000 179.000000 760.000000 211.000000 1.682667 0.592305 0.532444 4.050593 1.627761 20.901612 -2.061860 0.011192
Car -1 -1 -10 538.000000 185.000000 580.000000 213.000000 1.531248 1.642406 3.942736 -2.996941 2.184398 40.387925 1.604906 0.999259
Car -1 -1 -10 301.000000 193.000000 445.000000 288.000000 1.475948 1.593894 3.952625 -4.528308 1.935415 13.681373 1.574780 0.998599
Car -1 -1 -10 108.000000 205.000000 353.000000 359.000000 1.447534 1.572255 3.799511 -4.530847 1.936527 9.098631 1.584170 0.995499
Car -1 -1 -10 737.000000 178.000000 841.000000 258.000000 1.702525 1.705701 4.337945 4.321984 1.833901 18.143578 -1.521891 0.984538
Car -1 -1 -10 717.000000 185.000000 772.000000 234.000000 1.475052 1.590773 3.818721 4.632549 2.063471 24.526751 -1.497578 0.964207
Car -1 -1 -10 3.000000 201.000000 185.000000 372.000000 1.536416 1.628904 3.885701 -4.633157 1.707759 4.593294 1.528556 0.927260
Car -1 -1 -10 704.000000 184.000000 753.000000 224.000000 1.548100 1.594863 3.613100 4.963513 2.057214 30.048220 -1.571236 0.806110
Car -1 -1 -10 698.000000 184.000000 735.000000 216.000000 1.524499 1.578778 3.772258 5.258733 2.115461 35.290501 -1.524125 0.375233
Car -1 -1 -10 561.000000 184.000000 590.000000 209.000000 1.580216 1.623183 3.740775 -2.043973 2.518718 46.093938 1.722782 0.237048
