Pedestrian -1 -1 -10 576.000000 170.000000 598.000000 221.000000 1.655361 0.774603 0.470528 -0.603968 1.518316 20.049710 1.546974 0.023023
Car -1 -1 -10 454.000000 172.000000 544.000000 243.000000 1.656572 1.704875 4.043750 -3.029975 1.711969 19.547171 1.582587 0.999483
Car -1 -1 -10 640.000000 176.000000 671.000000 202.000000 1.471665 1.680189 3.969417 2.670951 1.711584 44.448132 1.549220 0.999483
Car -1 -1 -10 764.000000 181.000000 997.000000 372.000000 1.579420 1.565720 3.380259 2.483846 1.729090 7.621797 -1.528041 0.998956
Car -1 -1 -10 520.000000 179.000000 567.000000 221.000000 1.498411 1.590189 3.755880 -2.610445 1.746533 27.460199 -1.526131 0.996639
Car -1 -1 -10 703.000000 185.000000 847.000000 292.000000 1.472839 1.592823 3.720504 2.500770 1.739784 12.195654 -1.484453 0.996357
Car -1 -1 -10 103.000000 172.000000 364.000000 260.000000 1.459200 1.639074 4.078590 -7.112332 1.509243 13.386584 -3.150232 0.996163
Car -1 -1 -10 760.000000 186.000000 948.000000 271.000000 1.496887 1.582309 3.955185 4.066373 1.490766 12.051282 2.417458 0.030972
Car -1 -1 -10 768.000000 187.000000 869.000000 239.000000 1.525490 1.541506 3.561878 5.778907 1.302090 19.816262 1.488294 0.012136
Car -1 -1 -10 576.000000 168.000000 598.000000 210.000000 1.457432 1.463804 2.941430 -0.866769 1.423579 23.875109 0.906688 0.010686
Cyclist -1 -1 -10 573.000000 171.000000 602.000000 235.000000 1.752616 0.567209 1.744700 -0.611669 1.744438 20.165063 1.724199 0.999651
Cyclist -1 -1 -10 576.000000 168.000000 598.000000 210.000000 1.687510 0.593297 1.662519 -0.564546 1.697327 20.118095 -1.545063 0.035866
