Pedestrian -1 -1 -10 457.000000 176.000000 471.000000 206.000000 1.831730 0.616890 0.887196 -9.516987 1.621476 46.972791 -0.210495 0.288552
Pedestrian -1 -1 -10 521.000000 174.000000 530.000000 203.000000 1.769896 0.466018 0.673838 -1.592536 1.516122 14.422425 -0.030672 0.189158
Pedestrian -1 -1 -10 578.000000 171.000000 595.000000 199.000000 1.830891 0.578554 0.860674 -1.416061 1.183793 48.778150 2.555643 0.044242
Pedestrian -1 -1 -10 508.000000 173.000000 516.000000 199.000000 1.785045 0.650410 0.796988 -6.485783 1.116518 49.575458 -1.205175 0.012234
Pedestrian -1 -1 -10 518.000000 176.000000 539.000000 202.000000 1.781071 0.707472 0.707739 -4.162725 1.758167 40.450834 -1.534940 0.010290
Car -1 -1 -10 524.000000 178.000000 559.000000 204.000000 1.529960 1.648491 4.009891 -3.803018 1.305869 42.693680 -1.614299 0.998227
Car -1 -1 -10 889.000000 150.000000 1007.000000 189.000000 1.513878 1.597530 3.909007 13.757745 0.315174 28.314526 3.109812 0.982120
Cyclist -1 -1 -10 396.000000 181.000000 419.000000 216.000000 1.742391 0.513486 1.782105 -10.615037 1.850183 37.709865 -1.443187 0.971430
Cyclist -1 -1 -10 624.000000 172.000000 656.000000 197.000000 1.761295 0.625491 1.741966 2.184857 1.111382 47.459549 0.052854 0.951692
Cyclist -1 -1 -10 574.000000 174.000000 601.000000 199.000000 1.793188 0.557483 1.708468 -1.548066 1.065219 49.036002 2.591991 0.755957
