Pedestrian -1 -1 -10 721.000000 176.000000 734.000000 207.000000 1.730696 0.640817 0.599055 6.051277 1.654610 36.559052 1.860948 0.020302
Car -1 -1 -10 695.000000 179.000000 828.000000 270.000000 1.451610 1.628993 4.036596 2.654293 1.594529 13.613948 -1.595311 0.999507
Car -1 -1 -10 658.000000 171.000000 708.000000 214.000000 1.457558 1.555044 3.597632 2.903449 1.532600 28.507157 1.564583 0.997824
Car -1 -1 -10 37.000000 193.000000 374.000000 305.000000 1.430604 1.609939 4.099424 -6.222289 1.730995 10.877316 -3.041131 0.993770
Car -1 -1 -10 180.000000 182.000000 407.000000 263.000000 1.513716 1.581177 3.916270 -6.752525 1.708887 15.987987 0.128103 0.923018
Car -1 -1 -10 379.000000 181.000000 495.000000 223.000000 1.501779 1.645635 3.823541 -5.885845 1.835608 25.529083 -2.915742 0.905838
Car -1 -1 -10 456.000000 176.000000 534.000000 205.000000 1.501569 1.575955 3.715075 -6.257867 1.536893 38.597437 -3.197090 0.736360
Car -1 -1 -10 413.000000 178.000000 520.000000 213.000000 1.513731 1.616283 4.027000 -6.835142 1.740561 32.132425 -3.185407 0.457637
Car -1 -1 -10 292.000000 183.000000 466.000000 230.000000 1.707967 1.720177 4.229042 -6.564837 1.692881 21.952964 -3.091538 0.047855
Car -1 -1 -10 6.000000 200.000000 222.000000 299.000000 1.547460 1.569831 3.588828 -7.245152 1.652002 11.218334 -2.770687 0.033235
Car -1 -1 -10 216.000000 180.000000 357.000000 225.000000 1.569757 1.597881 3.931834 -10.004915 1.521921 22.082287 0.033535 0.013181
Car -1 -1 -10 482.000000 175.000000 552.000000 200.000000 1.539669 1.631579 3.726449 -5.553311 1.676035 45.315941 0.858786 0.010723
