Pedestrian -1 -1 -10 229.000000 159.000000 285.000000 297.000000 1.751166 0.712063 0.731346 -4.590132 1.453371 9.701187 -1.512313 0.997655
Pedestrian -1 -1 -10 418.000000 190.000000 465.000000 288.000000 1.593156 0.673769 0.831844 -2.163506 1.657438 9.482472 -1.787745 0.533544
Pedestrian -1 -1 -10 440.000000 187.000000 466.000000 264.000000 1.688611 0.575287 0.640666 -2.628359 1.264185 12.604553 -1.276967 0.267016
Pedestrian -1 -1 -10 370.000000 192.000000 426.000000 291.000000 1.597512 0.704811 0.886866 -2.800228 1.628838 9.512637 -1.472509 0.221376
Pedestrian -1 -1 -10 1137.000000 26.000000 1198.000000 237.000000 1.736563 0.538189 0.594954 8.155111 1.748124 10.571980 3.224822 0.200065
Pedestrian -1 -1 -10 1190.000000 75.000000 1237.000000 187.000000 1.740901 0.537237 0.569660 8.181364 1.170250 9.647389 3.275949 0.127737
Pedestrian -1 -1 -10 410.000000 192.000000 445.000000 253.000000 1.734536 0.545844 0.553243 -3.818066 1.696852 15.224411 2.723928 0.069305
Pedestrian -1 -1 -10 380.000000 193.000000 413.000000 252.000000 1.707547 0.560114 0.662603 -5.516078 1.674648 18.495659 0.342776 0.066549
Pedestrian -1 -1 -10 428.000000 193.000000 455.000000 250.000000 1.737978 0.536758 0.585486 -3.200245 1.747300 13.681463 2.335237 0.051329
Pedestrian -1 -1 -10 405.000000 191.000000 434.000000 280.000000 1.723604 0.510332 0.657282 -4.122817 1.631546 15.367485 -0.138669 0.046739
Pedestrian -1 -1 -10 367.000000 194.000000 396.000000 252.000000 1.683416 0.619270 0.668384 -5.334870 1.859445 16.852995 -1.460893 0.018336
Car -1 -1 -10 800.000000 130.000000 1227.000000 372.000000 1.771110 1.646303 3.757197 3.169136 1.472743 6.473906 -1.622312 0.989995
Car -1 -1 -10 1015.000000 132.000000 1231.000000 322.000000 1.522227 1.620900 3.945931 3.002999 1.122077 6.164293 -1.601023 0.033359
Cyclist -1 -1 -10 368.000000 194.000000 428.000000 278.000000 1.704842 0.655839 1.735319 -2.853526 1.643553 9.516267 -0.181842 0.059669
Cyclist -1 -1 -10 358.000000 194.000000 408.000000 248.000000 1.674225 0.542902 1.570122 -5.652046 1.796094 17.603018 -1.846122 0.043916
Cyclist -1 -1 -10 1130.000000 25.000000 1198.000000 211.000000 1.705202 0.587001 1.631714 10.071482 0.933024 12.776219 -0.846875 0.012488
