Pedestrian -1 -1 -10 548.000000 163.000000 583.000000 259.000000 1.800882 0.564386 1.059691 -0.730606 1.540478 13.692954 -2.637396 0.999094
Pedestrian -1 -1 -10 867.000000 154.000000 951.000000 358.000000 1.771826 0.690840 0.886743 2.683929 1.507362 6.517080 -1.562014 0.998732
Pedestrian -1 -1 -10 771.000000 165.000000 843.000000 362.000000 1.723895 0.490103 0.751339 1.785983 1.556280 6.589263 -1.717596 0.998254
Pedestrian -1 -1 -10 997.000000 158.000000 1043.000000 269.000000 1.665960 0.543377 0.717068 6.128911 1.280347 10.643481 1.007141 0.996767
Pedestrian -1 -1 -10 205.000000 163.000000 279.000000 339.000000 1.746041 0.675713 1.048773 -3.789021 1.560119 7.453048 -2.363400 0.994838
Pedestrian -1 -1 -10 720.000000 165.000000 746.000000 238.000000 1.736637 0.581262 0.846923 2.955450 1.316839 16.521678 -1.827944 0.977176
Pedestrian -1 -1 -10 1134.000000 147.000000 1188.000000 263.000000 1.736228 0.682567 0.849412 8.194156 1.258352 10.631899 3.312382 0.972407
Pedestrian -1 -1 -10 954.000000 153.000000 989.000000 249.000000 1.717708 0.584913 0.602006 6.630100 1.261420 12.974486 3.244741 0.931701
Pedestrian -1 -1 -10 492.000000 172.000000 512.000000 227.000000 1.811170 0.721891 0.849528 -3.171793 1.498038 22.832246 2.496037 0.546475
Pedestrian -1 -1 -10 126.000000 172.000000 223.000000 329.000000 1.750291 0.710663 0.787589 -4.894509 1.685731 8.335282 -0.431718 0.288788
Pedestrian -1 -1 -10 1017.000000 152.000000 1037.000000 205.000000 1.814602 0.726573 0.486735 9.820304 1.016907 16.312200 -0.588248 0.048314
Pedestrian -1 -1 -10 428.000000 170.000000 451.000000 223.000000 1.763784 0.720389 0.812205 -5.780448 1.511064 25.781104 -1.787462 0.044975
Car -1 -1 -10 461.000000 165.000000 539.000000 218.000000 1.845946 1.714745 3.990554 -3.972462 1.243007 26.881586 1.441321 0.039581
Car -1 -1 -10 485.000000 165.000000 522.000000 226.000000 1.730998 1.625692 3.865670 -3.735986 1.304649 26.924787 -1.734010 0.018722
Car -1 -1 -10 503.000000 166.000000 545.000000 208.000000 1.574098 1.565198 3.834452 -3.793484 0.808919 34.740814 1.607981 0.011470
Cyclist -1 -1 -10 124.000000 170.000000 222.000000 329.000000 1.674494 0.554639 1.815535 -4.995549 1.602312 8.422505 2.179208 0.918580
Cyclist -1 -1 -10 488.000000 167.000000 526.000000 227.000000 1.699511 0.582407 1.863652 -2.835119 1.352064 22.231096 1.446579 0.322573
Cyclist -1 -1 -10 1131.000000 146.000000 1189.000000 265.000000 1.765094 0.616546 1.815612 8.302775 1.222719 10.960038 2.974665 0.113855
Cyclist -1 -1 -10 197.000000 166.000000 281.000000 329.000000 1.781017 0.517132 1.709663 -3.856752 1.605565 7.501179 -2.506424 0.084615
Cyclist -1 -1 -10 505.000000 166.000000 539.000000 222.000000 1.698164 0.548958 1.771934 -2.591447 1.436817 22.232659 1.856462 0.048907
Cyclist -1 -1 -10 546.000000 163.000000 582.000000 262.000000 1.776923 0.467762 1.720735 -0.903544 1.509450 13.766808 -2.463662 0.015356
