Pedestrian -1 -1 -10 98.000000 164.000000 127.000000 262.000000 1.790332 0.626015 0.693644 -12.258611 1.558309 17.581218 1.928488 0.742979
Pedestrian -1 -1 -10 75.000000 169.000000 134.000000 276.000000 1.746007 0.582711 0.610182 -9.603896 1.852474 13.891701 -2.783243 0.011782
Car -1 -1 -10 662.000000 175.000000 736.000000 237.000000 1.787825 1.697808 4.089839 2.662047 1.910067 22.801299 -1.614560 0.997774
Car -1 -1 -10 343.000000 182.000000 473.000000 238.000000 1.596310 1.636990 4.168393 -6.350961 1.903507 20.556383 0.025403 0.989788
Car -1 -1 -10 875.000000 219.000000 1242.000000 374.000000 1.512920 1.597022 3.812332 2.947142 1.743899 3.548815 -1.595123 0.956464
Car -1 -1 -10 206.000000 185.000000 428.000000 263.000000 1.553076 1.593760 3.698807 -6.678947 1.952535 16.588006 -2.451865 0.910973
Car -1 -1 -10 377.000000 174.000000 504.000000 225.000000 1.549670 1.598737 3.713108 -6.497045 1.735148 27.676278 -3.231060 0.884616
Car -1 -1 -10 634.000000 180.000000 663.000000 205.000000 1.555136 1.640506 3.965370 2.973217 1.978332 45.454719 -0.046515 0.603341
Car -1 -1 -10 647.000000 181.000000 694.000000 220.000000 1.478261 1.590085 3.836017 2.577373 1.896222 33.869959 -1.600005 0.592055
Car -1 -1 -10 467.000000 178.000000 542.000000 204.000000 1.516620 1.545488 3.509860 -5.838550 2.246894 45.205540 -2.342875 0.129144
Car -1 -1 -10 428.000000 177.000000 524.000000 213.000000 1.574347 1.607124 3.848093 -5.793124 1.769430 36.992504 -1.665364 0.092762
Car -1 -1 -10 1.000000 199.000000 167.000000 322.000000 1.513334 1.606461 3.688287 -7.242324 1.834803 9.692387 -2.185520 0.044898
Cyclist -1 -1 -10 199.000000 182.000000 408.000000 280.000000 1.670424 0.675288 1.795915 -4.332828 1.995312 11.997020 2.568531 0.010757
