Pedestrian -1 -1 -10 671.000000 170.000000 681.000000 199.000000 1.862830 0.669552 0.861211 4.415623 1.577498 46.855953 1.569225 0.028242
Car -1 -1 -10 587.000000 170.000000 637.000000 213.000000 1.621644 1.670747 3.898345 0.158820 1.565785 31.161552 1.686907 0.999593
Car -1 -1 -10 746.000000 179.000000 818.000000 247.000000 1.516671 1.573419 3.178570 4.516430 1.744856 18.208124 -1.454616 0.999276
Car -1 -1 -10 397.000000 180.000000 561.000000 296.000000 1.480708 1.541465 3.724234 -1.854611 1.622500 11.404925 -1.462032 0.998955
Car -1 -1 -10 9.000000 186.000000 409.000000 374.000000 1.497581 1.584521 3.650865 -2.696178 1.579563 4.534735 1.648985 0.994570
Car -1 -1 -10 619.000000 174.000000 652.000000 205.000000 1.560082 1.634172 4.021959 1.306399 1.729331 39.038206 -1.402280 0.980590
Car -1 -1 -10 735.000000 182.000000 783.000000 230.000000 1.504805 1.608273 3.698325 4.980636 1.898898 23.280403 -1.418012 0.977072
Car -1 -1 -10 861.000000 211.000000 1255.000000 376.000000 1.475130 1.563615 3.692999 2.644641 1.620397 3.676869 -1.484252 0.967173
Car -1 -1 -10 438.000000 169.000000 547.000000 224.000000 1.510290 1.576526 3.905698 -4.188662 1.295779 25.298963 0.138013 0.842608
Cyclist -1 -1 -10 670.000000 169.000000 682.000000 198.000000 1.764686 0.499905 1.712078 4.340214 1.439047 46.967039 -0.922953 0.934887
Cyclist -1 -1 -10 448.000000 169.000000 541.000000 219.000000 1.674323 0.900250 1.789864 -3.857254 1.283404 24.668074 0.225560 0.019922
