Pedestrian -1 -1 -10 907.000000 136.000000 989.000000 332.000000 1.790416 0.607493 1.086165 3.355451 1.347653 7.095240 1.402909 0.998945
Pedestrian -1 -1 -10 622.000000 143.000000 690.000000 354.000000 1.755360 0.607010 0.786039 0.523411 1.467250 6.461940 1.166870 0.998411
Pedestrian -1 -1 -10 756.000000 153.000000 823.000000 339.000000 1.659187 0.494289 0.648745 1.716593 1.372379 6.745870 1.263684 0.995789
Pedestrian -1 -1 -10 798.000000 150.000000 906.000000 366.000000 1.748012 0.542863 0.561202 2.571340 1.413437 7.496511 3.295831 0.968641
Pedestrian -1 -1 -10 536.000000 150.000000 556.000000 206.000000 1.691162 0.557210 0.709797 -1.742406 0.735107 20.613427 -2.217754 0.943214
Pedestrian -1 -1 -10 635.000000 143.000000 658.000000 202.000000 1.732629 0.624427 0.623729 1.294348 0.497279 22.146535 2.703641 0.924236
Pedestrian -1 -1 -10 1030.000000 161.000000 1230.000000 369.000000 1.743269 0.649382 0.654456 1.594230 1.512883 2.078278 1.241369 0.889059
Pedestrian -1 -1 -10 824.000000 142.000000 888.000000 317.000000 1.715720 0.561459 0.715444 2.494987 1.071241 7.016347 -1.711549 0.831904
Pedestrian -1 -1 -10 245.000000 132.000000 275.000000 261.000000 1.845182 0.671961 0.953736 -5.715324 1.066895 11.787075 0.475207 0.679866
Pedestrian -1 -1 -10 520.000000 141.000000 539.000000 200.000000 1.770763 0.645459 0.962253 -2.194048 0.577441 20.169378 -2.734353 0.662271
Pedestrian -1 -1 -10 256.000000 134.000000 285.000000 250.000000 1.816713 0.545813 0.919160 -5.705269 1.052672 11.784034 0.162972 0.494965
Pedestrian -1 -1 -10 234.000000 126.000000 265.000000 279.000000 1.835277 0.632115 0.815053 -5.746314 0.956861 11.726562 0.071137 0.070430
Pedestrian -1 -1 -10 628.000000 149.000000 664.000000 249.000000 1.736508 0.494895 0.679431 0.573729 1.151075 11.610850 0.172013 0.068471
Pedestrian -1 -1 -10 516.000000 143.000000 531.000000 186.000000 1.764379 0.604524 0.702480 -3.611402 0.373985 29.958819 2.453559 0.046990
Pedestrian -1 -1 -10 547.000000 146.000000 561.000000 187.000000 1.744875 0.623893 0.576984 -1.972451 0.337359 28.932795 1.997549 0.045057
Pedestrian -1 -1 -10 238.000000 136.000000 306.000000 245.000000 1.808493 0.587372 0.970105 -5.637548 1.017184 11.810098 0.009725 0.032439
Pedestrian -1 -1 -10 351.000000 141.000000 386.000000 206.000000 1.715148 0.541562 0.607054 -4.872189 1.488213 14.042248 2.232130 0.017978
Pedestrian -1 -1 -10 859.000000 146.000000 962.000000 346.000000 1.723407 0.585482 0.672753 1.402274 1.467431 3.561237 -1.742636 0.010210
Car -1 -1 -10 1039.000000 156.000000 1226.000000 368.000000 1.504084 1.625473 3.987650 0.838179 1.107612 3.344309 -0.962864 0.016435
Cyclist -1 -1 -10 341.000000 141.000000 389.000000 209.000000 1.635395 0.535085 1.575213 -6.461774 1.474825 19.310357 -1.874145 0.754955
Cyclist -1 -1 -10 286.000000 146.000000 352.000000 202.000000 1.720389 0.481992 1.715177 -8.066018 0.444378 20.596792 -2.358551 0.267803
Cyclist -1 -1 -10 315.000000 144.000000 369.000000 200.000000 1.631143 0.529599 1.603617 -6.788725 1.471546 18.521069 -1.909088 0.125084
Cyclist -1 -1 -10 238.000000 136.000000 306.000000 245.000000 1.809013 0.601964 1.839505 -5.791134 1.093452 11.947697 0.613237 0.101932
Cyclist -1 -1 -10 633.000000 143.000000 659.000000 206.000000 1.813354 0.503225 1.773780 1.235523 0.625690 22.134410 1.512756 0.094955
Cyclist -1 -1 -10 268.000000 140.000000 319.000000 214.000000 1.712779 0.636592 1.791704 -7.563221 0.586727 17.304143 -1.327684 0.089705
Cyclist -1 -1 -10 309.000000 141.000000 343.000000 197.000000 1.641773 0.543099 1.571822 -7.284473 1.516112 18.633216 -1.921555 0.080187
Cyclist -1 -1 -10 1037.000000 152.000000 1224.000000 365.000000 1.699288 0.723309 1.699384 1.554291 1.248422 2.029579 0.643117 0.068000
Cyclist -1 -1 -10 799.000000 145.000000 905.000000 355.000000 1.721150 0.405065 1.249091 4.647300 2.050868 13.244308 -1.243169 0.055558
Cyclist -1 -1 -10 254.000000 133.000000 285.000000 250.000000 1.807148 0.700176 1.858377 -5.725322 0.980198 12.003887 0.112950 0.034625
Cyclist -1 -1 -10 536.000000 146.000000 557.000000 203.000000 1.726816 0.501299 1.677313 -1.769236 0.735141 20.821529 -1.220010 0.020915
Cyclist -1 -1 -10 244.000000 132.000000 272.000000 261.000000 1.773024 0.620050 1.724914 -5.709989 0.979275 11.905902 1.109550 0.019514
