Car -1 -1 -10 693.000000 184.000000 806.000000 264.000000 1.385273 1.611310 3.964384 2.727102 1.664715 15.011935 -1.565507 0.999646
Car -1 -1 -10 551.000000 176.000000 587.000000 203.000000 1.455002 1.596076 3.634267 -2.177050 1.543276 38.999201 1.544357 0.998278
Car -1 -1 -10 -5.000000 176.000000 319.000000 326.000000 1.527603 1.620644 3.986989 -6.033032 1.587690 8.713842 0.022120 0.995736
Car -1 -1 -10 673.000000 179.000000 725.000000 223.000000 1.431519 1.581702 3.787343 2.973854 1.672798 24.109651 -1.585437 0.988113
Car -1 -1 -10 348.000000 174.000000 498.000000 230.000000 1.564143 1.597450 3.870334 -5.852731 1.798791 23.566489 -3.119132 0.984601
Car -1 -1 -10 267.000000 174.000000 445.000000 245.000000 1.533306 1.615797 4.056040 -5.960548 1.449791 16.129867 -0.020447 0.960194
Car -1 -1 -10 414.000000 174.000000 513.000000 215.000000 1.526678 1.620073 3.934998 -5.999677 1.516980 30.588626 -3.235327 0.881066
Car -1 -1 -10 647.000000 171.000000 681.000000 199.000000 1.584782 1.608343 3.752507 3.123640 1.561353 42.583131 -1.632856 0.876580
Car -1 -1 -10 480.000000 174.000000 548.000000 200.000000 1.502233 1.624147 3.874185 -5.648375 1.579151 45.997436 -0.052010 0.806826
Car -1 -1 -10 194.000000 171.000000 391.000000 263.000000 1.604031 1.687644 4.101459 -6.885509 1.524800 15.994142 -3.403323 0.255352
