Pedestrian -1 -1 -10 462.000000 170.000000 473.000000 197.000000 1.783498 0.644033 0.765547 -7.327548 1.107958 36.415247 -2.361461 0.048951
Car -1 -1 -10 440.000000 177.000000 507.000000 225.000000 1.509630 1.614985 3.904344 -4.759020 1.703179 25.277826 1.539030 0.998994
Car -1 -1 -10 674.000000 176.000000 757.000000 240.000000 1.481179 1.614842 3.938708 2.611739 1.598914 18.598946 -1.580754 0.998200
Car -1 -1 -10 2.000000 190.000000 305.000000 373.000000 1.481388 1.615038 3.890791 -4.452026 1.788549 6.824368 1.558402 0.997661
Car -1 -1 -10 801.000000 192.000000 1142.000000 377.000000 1.470554 1.551761 3.556352 2.875396 1.678755 6.597988 -1.571474 0.997006
Car -1 -1 -10 739.000000 179.000000 915.000000 304.000000 1.525247 1.557339 3.595390 3.007288 1.676769 11.068776 -1.609934 0.983387
Car -1 -1 -10 660.000000 176.000000 723.000000 224.000000 1.537425 1.589931 3.759038 2.668311 1.630055 24.978758 -1.586523 0.945034
Car -1 -1 -10 649.000000 174.000000 689.000000 210.000000 1.539661 1.623331 3.903966 2.672363 1.584591 33.352507 1.514397 0.714090
Car -1 -1 -10 472.000000 173.000000 521.000000 215.000000 1.589467 1.602520 3.738754 -4.837778 1.623684 30.804989 1.519860 0.566224
Car -1 -1 -10 190.000000 174.000000 350.000000 232.000000 1.506121 1.588504 4.074368 -9.878746 1.629596 20.549272 0.039400 0.520471
Car -1 -1 -10 497.000000 172.000000 536.000000 207.000000 1.655660 1.628929 4.150331 -4.535764 1.674407 36.563988 1.580291 0.269509
