Pedestrian -1 -1 -10 427.000000 164.000000 458.000000 243.000000 1.764682 0.643235 0.848454 -3.755576 1.369162 16.205820 1.278703 0.970600
Pedestrian -1 -1 -10 408.000000 166.000000 438.000000 242.000000 1.802146 0.721448 0.975194 -4.090239 1.342755 16.029921 1.290355 0.891966
Pedestrian -1 -1 -10 401.000000 168.000000 412.000000 213.000000 1.739891 0.586546 0.718522 -7.835112 1.219812 27.733768 1.366988 0.591270
Pedestrian -1 -1 -10 405.000000 164.000000 425.000000 221.000000 1.666911 0.519578 0.559863 -5.629068 1.928134 21.253396 0.392528 0.251924
Pedestrian -1 -1 -10 411.000000 161.000000 422.000000 210.000000 1.699701 0.590466 0.616962 -7.572798 1.516733 27.810339 -1.310329 0.207561
Pedestrian -1 -1 -10 405.000000 165.000000 416.000000 213.000000 1.731436 0.611710 0.829837 -7.769861 1.280233 27.632304 0.895174 0.142350
Pedestrian -1 -1 -10 396.000000 167.000000 406.000000 210.000000 1.759199 0.547832 0.744104 -7.874411 1.226968 27.750595 2.244013 0.037584
Pedestrian -1 -1 -10 413.000000 167.000000 433.000000 219.000000 1.666391 0.524664 0.562669 -5.631679 1.925996 21.250310 -2.319523 0.036646
Pedestrian -1 -1 -10 424.000000 167.000000 445.000000 230.000000 1.714268 0.616645 0.700723 -4.026632 1.516438 16.049810 -1.210047 0.019580
Car -1 -1 -10 541.000000 163.000000 585.000000 208.000000 1.774418 1.643753 3.852658 -2.116812 1.108979 33.303107 -1.722294 0.029148
Cyclist -1 -1 -10 396.000000 167.000000 420.000000 211.000000 1.780455 0.601990 1.720508 -8.068375 1.272541 28.207476 0.796022 0.047454
Cyclist -1 -1 -10 408.000000 163.000000 420.000000 210.000000 1.725898 0.663491 1.675095 -7.593002 1.302643 27.869332 1.864701 0.012346
