Pedestrian -1 -1 -10 110.000000 162.000000 172.000000 311.000000 1.736297 0.723711 0.756765 -4.647501 1.567915 7.231303 -1.638582 0.969890
Pedestrian -1 -1 -10 214.000000 166.000000 248.000000 293.000000 1.742535 0.794439 0.672846 -5.278194 1.423681 10.036838 -1.035497 0.742359
Pedestrian -1 -1 -10 241.000000 169.000000 270.000000 266.000000 1.713241 0.641377 0.582670 -4.733802 1.459361 9.604379 -1.408524 0.515588
Pedestrian -1 -1 -10 183.000000 173.000000 287.000000 316.000000 1.816542 0.740314 0.773194 -4.874497 1.620302 9.378712 2.139222 0.224227
Pedestrian -1 -1 -10 135.000000 176.000000 391.000000 335.000000 1.693135 0.618900 0.707371 -2.508191 1.778715 6.462086 -1.601813 0.165185
Pedestrian -1 -1 -10 233.000000 174.000000 305.000000 261.000000 1.756385 0.636010 0.693806 -8.897516 1.643903 19.914295 -1.411495 0.123468
Pedestrian -1 -1 -10 62.000000 182.000000 214.000000 340.000000 1.774663 0.748258 0.716276 -4.672240 1.670553 7.202800 -1.981695 0.072479
Pedestrian -1 -1 -10 253.000000 167.000000 273.000000 242.000000 1.719906 0.599706 0.641275 -14.569309 1.659393 29.678708 -2.571339 0.032747
Pedestrian -1 -1 -10 8.000000 202.000000 361.000000 369.000000 1.726526 0.682400 0.849614 -1.946782 1.824693 3.257788 0.035625 0.025482
Pedestrian -1 -1 -10 237.000000 184.000000 370.000000 257.000000 1.833910 0.736553 0.741443 -8.147485 1.874663 19.651177 -1.708297 0.010943
Car -1 -1 -10 666.000000 175.000000 765.000000 247.000000 1.455327 1.600593 3.877855 2.275839 1.516851 16.694128 -1.614201 0.998551
Car -1 -1 -10 510.000000 176.000000 555.000000 217.000000 1.565947 1.663224 3.853392 -3.197940 1.739105 30.344428 -1.642306 0.997752
Car -1 -1 -10 638.000000 175.000000 693.000000 216.000000 1.562682 1.623413 4.015029 2.128122 1.659320 29.392400 -1.661128 0.994201
Car -1 -1 -10 0.000000 205.000000 369.000000 372.000000 1.477006 1.615136 3.886864 -2.772262 1.601101 3.286458 -1.554293 0.989080
Car -1 -1 -10 134.000000 189.000000 404.000000 337.000000 1.466596 1.600288 3.878471 -3.507947 1.666823 7.766391 -1.633562 0.727050
Car -1 -1 -10 626.000000 175.000000 667.000000 208.000000 1.546720 1.629480 3.978652 1.914982 1.760162 35.656465 -1.597852 0.667028
Car -1 -1 -10 539.000000 178.000000 565.000000 205.000000 1.585641 1.642495 3.765634 -3.520456 1.968814 44.203177 -1.640666 0.421796
Car -1 -1 -10 233.000000 187.000000 369.000000 247.000000 1.504601 1.515133 3.798372 -8.992036 1.999345 20.503318 -3.222104 0.200318
Car -1 -1 -10 62.000000 182.000000 214.000000 340.000000 1.518306 1.605532 3.676389 -3.611151 1.608541 7.315663 -2.663061 0.044294
Car -1 -1 -10 622.000000 173.000000 653.000000 199.000000 1.609903 1.641703 3.777457 1.945115 1.551480 45.789394 -1.537880 0.028522
Car -1 -1 -10 191.000000 178.000000 352.000000 283.000000 1.563957 1.592100 3.664160 -4.891712 1.264244 11.044820 0.636246 0.016367
Cyclist -1 -1 -10 160.000000 186.000000 372.000000 337.000000 1.762229 0.559102 1.757255 -2.956473 1.692265 6.637015 1.645196 0.170947
Cyclist -1 -1 -10 48.000000 191.000000 235.000000 326.000000 1.664452 0.519374 1.600360 -9.872420 1.676320 15.477856 -2.162331 0.135926
Cyclist -1 -1 -10 207.000000 182.000000 359.000000 251.000000 1.787489 0.754895 1.796476 -8.383205 1.683785 19.825364 -3.193117 0.113765
Cyclist -1 -1 -10 251.000000 178.000000 296.000000 254.000000 1.772039 0.624293 1.205420 -10.817529 1.695615 23.209849 -2.007050 0.052132
Cyclist -1 -1 -10 183.000000 173.000000 287.000000 316.000000 1.685211 0.586347 1.564248 -4.723736 1.474950 9.258185 -2.011104 0.028819
Cyclist -1 -1 -10 95.000000 159.000000 181.000000 318.000000 1.704522 0.623499 1.817744 -4.914787 1.298203 7.745621 -2.614551 0.023056
Cyclist -1 -1 -10 238.000000 171.000000 276.000000 259.000000 1.719955 0.361822 1.181744 -9.954091 1.584164 19.994732 -2.072880 0.016817
Cyclist -1 -1 -10 8.000000 202.000000 361.000000 369.000000 1.724252 0.703649 1.780791 -2.128508 1.688167 3.338550 -1.524562 0.016510
