Pedestrian -1 -1 -10 453.000000 174.000000 468.000000 207.000000 1.811712 0.662751 0.769315 -8.945913 1.435449 43.457840 -0.744841 0.484567
Pedestrian -1 -1 -10 508.000000 171.000000 517.000000 202.000000 1.837400 0.648619 0.857626 -6.008337 1.250757 45.016065 -0.138791 0.120411
Pedestrian -1 -1 -10 595.000000 168.000000 608.000000 197.000000 1.763955 0.666889 0.880481 -0.342038 0.908968 46.605702 1.121817 0.032965
Pedestrian -1 -1 -10 569.000000 173.000000 581.000000 200.000000 1.808816 0.664836 0.792700 -2.073489 1.155065 44.917778 3.096727 0.032851
Car -1 -1 -10 517.000000 177.000000 554.000000 205.000000 1.500398 1.606109 3.834108 -3.843020 1.283502 39.067448 -1.598891 0.990603
Car -1 -1 -10 930.000000 147.000000 1068.000000 191.000000 1.569350 1.629883 4.035552 13.586797 0.393028 25.002556 3.194861 0.967351
Cyclist -1 -1 -10 383.000000 179.000000 410.000000 214.000000 1.719791 0.408383 1.778187 -10.532393 1.763895 35.551578 -1.580227 0.964687
Cyclist -1 -1 -10 641.000000 169.000000 675.000000 197.000000 1.721963 0.744230 1.809681 3.093337 1.085682 44.102885 0.008050 0.598810
Cyclist -1 -1 -10 586.000000 171.000000 617.000000 198.000000 1.693306 0.683661 1.717718 -0.380471 0.920987 46.659676 -0.063420 0.075162
Cyclist -1 -1 -10 454.000000 174.000000 470.000000 207.000000 1.696177 0.609696 1.617827 -9.003215 2.131934 43.877750 -1.895565 0.014131
