Pedestrian -1 -1 -10 309.000000 163.000000 342.000000 270.000000 1.754881 0.739786 0.531438 -4.652802 1.599022 11.656805 -1.515359 0.967536
Pedestrian -1 -1 -10 354.000000 170.000000 386.000000 282.000000 1.734930 0.622496 0.805498 -5.096172 1.409411 14.812479 0.657696 0.818938
Pedestrian -1 -1 -10 311.000000 168.000000 374.000000 276.000000 1.731856 0.667508 0.693581 -5.233879 1.435200 14.613718 0.635968 0.404034
Pedestrian -1 -1 -10 348.000000 175.000000 422.000000 279.000000 1.656949 0.557953 0.678568 -5.133404 1.225124 15.292431 -1.280468 0.185796
Pedestrian -1 -1 -10 998.000000 93.000000 1098.000000 299.000000 1.682416 0.583595 0.575137 3.289965 1.515640 5.616680 -1.730618 0.140930
Pedestrian -1 -1 -10 281.000000 173.000000 350.000000 277.000000 1.785237 0.683233 0.792704 -5.014884 1.582841 12.053439 -1.462961 0.072278
Pedestrian -1 -1 -10 307.000000 180.000000 477.000000 272.000000 1.822504 0.772525 0.752704 -3.227253 1.763914 11.789693 2.809537 0.058475
Car -1 -1 -10 662.000000 180.000000 730.000000 232.000000 1.439805 1.608658 3.936302 2.474383 1.632166 21.969242 -1.618602 0.999000
Car -1 -1 -10 763.000000 183.000000 1195.000000 376.000000 1.467222 1.599673 3.790283 2.478595 1.637310 6.140252 -1.598559 0.998386
Car -1 -1 -10 532.000000 179.000000 569.000000 214.000000 1.552247 1.645659 3.974837 -2.969460 1.897788 35.725956 -1.656884 0.996201
Car -1 -1 -10 189.000000 192.000000 490.000000 361.000000 1.552741 1.621767 3.921188 -2.749331 1.797189 8.235947 -1.519937 0.992037
Car -1 -1 -10 -12.000000 199.000000 346.000000 375.000000 1.463956 1.624470 3.830121 -2.745032 1.585545 3.620138 -1.631616 0.956636
Car -1 -1 -10 639.000000 179.000000 689.000000 213.000000 1.496041 1.640336 3.909045 2.538882 1.821980 34.532015 -1.655435 0.954883
Car -1 -1 -10 338.000000 187.000000 488.000000 265.000000 1.492128 1.593653 3.708190 -3.615659 1.674087 13.698617 -1.692825 0.777710
Car -1 -1 -10 632.000000 179.000000 666.000000 206.000000 1.529563 1.449229 3.152642 2.163055 2.434959 45.963578 -1.525880 0.468876
Car -1 -1 -10 254.000000 186.000000 460.000000 293.000000 1.481964 1.577875 3.869860 -4.093439 1.687569 12.563418 0.019296 0.086593
Car -1 -1 -10 1119.000000 216.000000 1239.000000 368.000000 1.533273 1.576411 3.522851 2.459691 1.452473 3.177952 2.745758 0.074294
Car -1 -1 -10 348.000000 175.000000 422.000000 279.000000 1.498739 1.597975 3.786618 -3.417311 1.565337 7.300737 -1.916548 0.019958
Cyclist -1 -1 -10 348.000000 185.000000 485.000000 267.000000 1.726505 0.552535 1.739610 -3.119175 1.588725 12.730064 1.811437 0.160163
Cyclist -1 -1 -10 348.000000 174.000000 403.000000 280.000000 1.703717 0.598240 1.698967 -5.115732 0.971807 15.338799 -1.366010 0.073181
Cyclist -1 -1 -10 287.000000 172.000000 352.000000 278.000000 1.741526 0.551705 1.646680 -5.007382 1.399809 12.441460 0.567815 0.042091
Cyclist -1 -1 -10 180.000000 192.000000 494.000000 355.000000 1.719032 0.576207 1.764386 -2.300566 1.899418 7.196885 1.706788 0.010785
