Car -1 -1 -10 124.000000 191.000000 378.000000 332.000000 1.507082 1.613474 3.805670 -4.749886 1.821500 9.993840 1.576340 0.999647
Car -1 -1 -10 510.000000 178.000000 551.000000 209.000000 1.521202 1.585666 3.555041 -4.056546 1.795353 36.968674 1.599373 0.999328
Car -1 -1 -10 332.000000 186.000000 455.000000 265.000000 1.500272 1.586207 3.794323 -4.667859 1.800644 15.731176 1.587179 0.999259
Car -1 -1 -10 783.000000 183.000000 975.000000 299.000000 1.469680 1.609180 3.742267 3.760298 1.639447 10.728063 -1.545246 0.999007
Car -1 -1 -10 405.000000 184.000000 496.000000 239.000000 1.438341 1.604486 3.962798 -4.618795 1.808198 21.078084 1.599276 0.998466
Car -1 -1 -10 725.000000 180.000000 850.000000 255.000000 1.442916 1.641378 4.078076 3.685072 1.608873 16.069118 -1.596988 0.996458
Car -1 -1 -10 703.000000 177.000000 781.000000 232.000000 1.474921 1.591491 3.767346 3.779929 1.664792 21.050591 -1.539836 0.995031
Car -1 -1 -10 912.000000 194.000000 1240.000000 375.000000 1.497668 1.638859 3.956706 3.846190 1.707306 5.268366 -1.540315 0.983889
Car -1 -1 -10 694.000000 176.000000 752.000000 220.000000 1.509244 1.566780 3.644342 4.061611 1.740798 26.550671 -1.529496 0.958997
Car -1 -1 -10 529.000000 176.000000 564.000000 204.000000 1.503700 1.637385 4.068675 -3.788414 1.772365 41.797795 1.629469 0.895155
Car -1 -1 -10 688.000000 176.000000 728.000000 212.000000 1.534573 1.612393 3.944816 4.414020 1.692293 32.152223 -1.557676 0.296747
Car -1 -1 -10 914.000000 171.000000 985.000000 202.000000 1.519685 1.602127 3.771404 12.231712 1.335511 25.667549 0.421682 0.091271
