Pedestrian -1 -1 -10 636.000000 156.000000 663.000000 230.000000 1.738448 0.642023 0.877811 1.060688 1.148449 17.460070 1.448451 0.989869
Pedestrian -1 -1 -10 81.000000 157.000000 188.000000 374.000000 1.719800 0.721714 0.900596 -3.968270 1.543575 6.092286 -2.095956 0.987939
Pedestrian -1 -1 -10 9.000000 161.000000 109.000000 369.000000 1.724508 0.669732 0.832663 -4.574249 1.639612 6.039650 0.969677 0.922591
Pedestrian -1 -1 -10 2.000000 164.000000 61.000000 356.000000 1.836354 0.618856 0.861465 -5.291790 1.629631 6.698542 -0.216193 0.870999
Pedestrian -1 -1 -10 492.000000 167.000000 509.000000 214.000000 1.778472 0.696314 0.872739 -3.746695 1.210510 26.736993 -1.723827 0.788602
Pedestrian -1 -1 -10 474.000000 168.000000 492.000000 215.000000 1.691049 0.603689 0.690392 -4.384177 1.065895 26.561330 1.450765 0.650241
Pedestrian -1 -1 -10 352.000000 167.000000 375.000000 220.000000 1.743893 0.670995 0.966841 -7.920189 1.251627 23.942885 -2.047998 0.278060
Pedestrian -1 -1 -10 43.000000 174.000000 147.000000 361.000000 1.759705 0.663049 0.807100 -4.340114 1.562406 6.025247 1.879291 0.259386
Pedestrian -1 -1 -10 442.000000 167.000000 452.000000 198.000000 1.818478 0.672924 0.636867 -9.234222 1.046559 42.505435 -1.876263 0.217106
Pedestrian -1 -1 -10 1.000000 159.000000 29.000000 362.000000 1.730035 0.682896 0.588928 -5.321647 1.425600 6.537929 -2.914804 0.181779
Pedestrian -1 -1 -10 28.000000 163.000000 76.000000 265.000000 1.829127 0.805893 0.691911 -10.188992 1.248032 13.344225 1.092451 0.099641
Pedestrian -1 -1 -10 82.000000 173.000000 335.000000 335.000000 1.771364 0.646401 0.863702 -4.360373 2.134878 8.393325 -3.435238 0.067692
Pedestrian -1 -1 -10 89.000000 162.000000 134.000000 354.000000 1.753537 0.666069 0.793984 -5.344164 1.396526 7.876465 -0.061341 0.052880
Pedestrian -1 -1 -10 415.000000 168.000000 425.000000 194.000000 1.791171 0.677565 0.879535 -13.969570 1.031466 55.470764 -0.087744 0.017768
Pedestrian -1 -1 -10 116.000000 183.000000 202.000000 329.000000 1.768701 0.691674 1.079275 -4.983961 1.609830 7.906172 -3.596598 0.013527
Car -1 -1 -10 131.000000 180.000000 355.000000 319.000000 1.539840 1.633172 3.998386 -4.824197 1.593423 10.224840 1.457057 0.995001
Car -1 -1 -10 81.000000 169.000000 208.000000 339.000000 1.663199 1.617817 3.470015 -5.277935 1.568901 7.660013 -2.094680 0.045883
Cyclist -1 -1 -10 367.000000 160.000000 434.000000 282.000000 1.776474 0.657543 1.742610 -3.246938 1.459539 11.316328 1.463670 0.999479
Cyclist -1 -1 -10 350.000000 167.000000 375.000000 220.000000 1.797848 0.518765 1.672528 -8.093337 1.355336 24.080112 -2.005076 0.520188
Cyclist -1 -1 -10 474.000000 167.000000 493.000000 215.000000 1.796819 0.527164 1.720524 -4.489615 1.243365 26.702212 1.458529 0.080132
Cyclist -1 -1 -10 78.000000 174.000000 212.000000 353.000000 1.738213 0.581253 1.684765 -4.084966 1.517760 6.187371 -2.690815 0.032622
Cyclist -1 -1 -10 0.000000 162.000000 78.000000 354.000000 1.767792 0.519657 1.656713 -5.089266 1.569559 6.574198 -2.211759 0.027038
