Car -1 -1 -10 557.000000 178.000000 613.000000 231.000000 1.483925 1.666079 3.705476 -0.786485 1.348984 24.578919 -1.597142 0.999522
Car -1 -1 -10 454.000000 177.000000 528.000000 238.000000 1.570624 1.672871 3.922931 -3.338296 1.461801 21.479433 -1.608697 0.999024
Car -1 -1 -10 39.000000 168.000000 417.000000 373.000000 1.604957 1.637872 3.840260 -3.276228 1.600390 6.940447 -1.573829 0.998205
Car -1 -1 -10 393.000000 185.000000 451.000000 215.000000 1.504150 1.617554 3.713621 -8.387370 1.407229 32.526846 -1.590426 0.516382
Car -1 -1 -10 0.000000 191.000000 107.000000 323.000000 1.512254 1.589665 3.659780 -8.211423 1.647460 10.560015 0.942107 0.415145
Car -1 -1 -10 359.000000 181.000000 406.000000 208.000000 1.509632 1.642008 3.959587 -12.857103 1.284144 41.110160 -1.567538 0.331723
Car -1 -1 -10 502.000000 183.000000 541.000000 215.000000 1.517481 1.605950 3.761579 -4.207779 1.370391 34.830910 -1.574460 0.176287
Car -1 -1 -10 206.000000 181.000000 386.000000 265.000000 1.817758 1.671051 4.058707 -7.882196 1.711992 20.175590 -1.519328 0.121414
Car -1 -1 -10 6.000000 185.000000 230.000000 362.000000 1.456109 1.602154 3.757244 -2.788399 1.517623 6.320779 0.115137 0.075444
Car -1 -1 -10 307.000000 180.000000 367.000000 216.000000 1.442620 1.601826 3.470336 -5.176790 1.276036 14.086003 0.318554 0.028394
Car -1 -1 -10 253.000000 178.000000 369.000000 240.000000 1.548436 1.659860 3.865100 -7.994066 1.367720 19.738174 -1.485607 0.024587
