Pedestrian -1 -1 -10 650.000000 163.000000 673.000000 233.000000 1.749821 0.658470 0.778039 1.556408 1.338583 19.082314 -2.068916 0.988073
Pedestrian -1 -1 -10 670.000000 165.000000 697.000000 232.000000 1.778595 0.709103 0.861141 2.127636 1.346404 19.221690 -1.582569 0.984387
Pedestrian -1 -1 -10 952.000000 208.000000 1060.000000 374.000000 1.793288 0.566412 0.863655 2.548786 1.817204 4.651249 3.055747 0.863106
Pedestrian -1 -1 -10 466.000000 164.000000 493.000000 232.000000 1.752878 0.693769 0.931678 -3.102431 1.300630 18.369772 -1.812542 0.812780
Pedestrian -1 -1 -10 1010.000000 178.000000 1219.000000 372.000000 1.706127 0.681882 0.786252 2.591535 1.576393 3.577373 0.597945 0.460835
Pedestrian -1 -1 -10 900.000000 198.000000 1157.000000 374.000000 1.829772 0.783696 0.784772 2.223924 2.012632 3.452796 2.041195 0.257302
Pedestrian -1 -1 -10 1068.000000 180.000000 1180.000000 342.000000 1.791099 0.677283 0.698093 5.626120 1.623906 7.605936 0.776282 0.062143
Pedestrian -1 -1 -10 547.000000 168.000000 560.000000 203.000000 1.798053 0.675080 0.854767 -2.369507 1.145658 34.954052 -1.762424 0.056700
Car -1 -1 -10 574.000000 167.000000 609.000000 192.000000 1.549033 1.659947 3.905080 -0.675260 0.769405 59.095510 1.940220 0.011010
Cyclist -1 -1 -10 1024.000000 172.000000 1214.000000 367.000000 1.661215 0.737725 1.665745 2.739619 1.444837 3.674786 2.641370 0.303284
Cyclist -1 -1 -10 955.000000 205.000000 1068.000000 376.000000 1.672301 0.529222 1.769707 2.400701 1.595202 4.521739 -1.475702 0.198459
Cyclist -1 -1 -10 623.000000 166.000000 642.000000 201.000000 1.769893 0.525246 1.735758 1.488286 0.992646 35.771150 1.962384 0.181816
Cyclist -1 -1 -10 920.000000 195.000000 1168.000000 373.000000 1.747828 0.639154 1.666010 2.142671 1.482638 3.698035 -2.183818 0.025507
Cyclist -1 -1 -10 466.000000 164.000000 493.000000 232.000000 1.788759 0.582970 1.714973 -3.201194 1.328748 18.456894 -1.822433 0.015530
Cyclist -1 -1 -10 669.000000 164.000000 697.000000 230.000000 1.782034 0.520078 1.643485 2.106283 1.325179 19.339705 -1.396872 0.014909
Cyclist -1 -1 -10 1071.000000 178.000000 1187.000000 305.000000 1.673203 0.574840 1.516752 6.896057 1.406453 9.564422 2.656085 0.013149
