Car -1 -1 -10 601.000000 176.000000 679.000000 249.000000 1.503596 1.676477 3.768659 0.762185 1.308049 17.768637 -1.515640 0.999392
Car -1 -1 -10 136.000000 185.000000 399.000000 322.000000 1.507985 1.655207 4.149804 -4.411575 1.561601 10.081922 -1.565573 0.999171
Car -1 -1 -10 60.000000 182.000000 195.000000 247.000000 1.452027 1.578210 3.718101 -12.327904 1.453187 18.858843 -1.565432 0.994307
Car -1 -1 -10 650.000000 180.000000 689.000000 208.000000 1.496783 1.589500 3.686238 3.876388 1.180291 41.220646 -1.368026 0.751212
Car -1 -1 -10 0.000000 186.000000 71.000000 309.000000 1.503003 1.635063 3.978773 -8.122035 1.647078 7.904408 1.509830 0.521424
Car -1 -1 -10 487.000000 175.000000 537.000000 202.000000 1.513705 1.629394 3.827715 -5.664148 0.801672 41.768246 -3.208617 0.125129
Car -1 -1 -10 320.000000 178.000000 372.000000 221.000000 1.462303 1.606999 3.827207 -8.587616 1.142406 24.850720 -1.811640 0.117096
Car -1 -1 -10 153.000000 172.000000 224.000000 199.000000 1.493501 1.625887 3.913037 -22.905863 0.986604 39.574800 1.434837 0.063953
Car -1 -1 -10 617.000000 167.000000 654.000000 194.000000 1.572399 1.616132 3.712453 0.369624 1.121448 18.235777 -2.183941 0.043193
Car -1 -1 -10 449.000000 167.000000 541.000000 207.000000 1.511122 1.582760 3.697253 -3.960505 0.715421 24.913333 -1.600171 0.011950
Car -1 -1 -10 240.000000 177.000000 326.000000 215.000000 1.533515 1.605711 4.098053 -11.825509 0.914016 26.191899 -1.613909 0.011675
