Car -1 -1 -10 444.000000 180.000000 501.000000 232.000000 1.535066 1.664911 3.531357 -4.547331 1.421301 23.994181 -1.747305 0.999572
Car -1 -1 -10 539.000000 177.000000 620.000000 243.000000 1.570841 1.650695 3.790272 -0.952757 1.462713 19.837334 -1.738524 0.999320
Car -1 -1 -10 79.000000 190.000000 284.000000 292.000000 1.446955 1.585620 3.921266 -6.977566 1.606850 12.360336 -1.710917 0.999143
Car -1 -1 -10 247.000000 184.000000 352.000000 241.000000 1.440881 1.624388 4.059705 -8.771252 1.490097 20.874530 -1.740550 0.997225
Car -1 -1 -10 348.000000 183.000000 398.000000 218.000000 1.471315 1.616500 4.156976 -10.649256 1.382401 32.670845 -1.739469 0.997128
Car -1 -1 -10 -1.000000 203.000000 73.000000 354.000000 1.538508 1.649228 3.916572 -6.308499 1.606800 5.654812 -1.660292 0.262180
Car -1 -1 -10 1.000000 169.000000 90.000000 282.000000 1.554463 1.637623 3.781590 -11.692018 1.539825 13.379619 1.502622 0.168276
Car -1 -1 -10 380.000000 182.000000 414.000000 211.000000 1.504417 1.500979 3.335885 -12.556530 1.482600 46.233469 1.274361 0.164684
Car -1 -1 -10 143.000000 189.000000 214.000000 216.000000 1.533273 1.576411 3.522851 -18.938171 1.030618 31.260991 1.539493 0.063536
Car -1 -1 -10 305.000000 183.000000 343.000000 209.000000 1.452443 1.444394 2.744664 -9.484563 1.477151 23.398113 0.597249 0.035102
Car -1 -1 -10 177.000000 189.000000 242.000000 215.000000 1.427728 1.588757 3.426229 -10.268842 1.320414 18.365913 0.177475 0.019900
