Car -1 -1 -10 466.000000 171.000000 545.000000 233.000000 1.662465 1.676867 3.973944 -3.049297 1.666018 21.676221 1.585296 0.999749
Car -1 -1 -10 727.000000 179.000000 887.000000 320.000000 1.529062 1.530884 3.264457 2.434795 1.674379 9.676510 -1.541504 0.999594
Car -1 -1 -10 520.000000 174.000000 567.000000 215.000000 1.465519 1.579273 3.696790 -2.812606 1.638244 29.538932 -1.547572 0.997143
Car -1 -1 -10 688.000000 183.000000 795.000000 269.000000 1.458002 1.581410 3.650945 2.436241 1.691057 14.318888 -1.504909 0.994848
Car -1 -1 -10 150.000000 170.000000 387.000000 245.000000 1.452856 1.613565 4.006348 -7.188171 1.439124 15.387046 -3.172318 0.993318
Car -1 -1 -10 0.000000 229.000000 195.000000 371.000000 1.544611 1.636018 3.879740 -3.067749 1.600951 1.971527 -1.541335 0.951998
Car -1 -1 -10 1.000000 239.000000 72.000000 370.000000 1.509959 1.619864 3.893501 -2.725902 1.467545 1.324287 -1.632083 0.032667
Car -1 -1 -10 748.000000 183.000000 868.000000 263.000000 1.434612 1.548910 3.891155 5.253286 1.316470 15.178934 1.307363 0.029811
Cyclist -1 -1 -10 582.000000 168.000000 604.000000 222.000000 1.738405 0.600749 1.779436 -0.555253 1.564774 24.994052 1.640843 0.998709
Cyclist -1 -1 -10 579.000000 169.000000 600.000000 200.000000 1.704186 0.366741 1.306962 -0.705095 1.543999 21.652890 -1.618543 0.017432
