Pedestrian -1 -1 -10 386.000000 175.000000 399.000000 203.000000 1.730106 0.656257 0.699813 -13.093364 1.382437 43.210766 -0.210442 0.388959
Pedestrian -1 -1 -10 1004.000000 152.000000 1027.000000 215.000000 1.778886 0.579415 0.786509 10.326456 0.907419 18.025319 3.571027 0.033063
Pedestrian -1 -1 -10 1011.000000 163.000000 1036.000000 212.000000 1.749950 0.543894 0.555745 7.484127 1.736736 12.896055 3.494829 0.015188
Car -1 -1 -10 438.000000 174.000000 470.000000 202.000000 1.578638 1.620438 3.872297 -8.360233 1.304494 39.583249 1.421144 0.997149
Car -1 -1 -10 248.000000 176.000000 325.000000 221.000000 1.731171 1.672975 4.098929 -14.397470 1.763480 32.132674 1.546772 0.994315
Car -1 -1 -10 905.000000 160.000000 1062.000000 208.000000 1.489883 1.650185 4.027498 12.458246 0.898998 23.732901 0.118912 0.990979
Car -1 -1 -10 -1.000000 202.000000 293.000000 365.000000 1.529458 1.587829 3.922525 -3.299469 1.763735 3.374373 -1.566593 0.977838
Cyclist -1 -1 -10 386.000000 174.000000 398.000000 204.000000 1.806671 0.580252 1.777801 -13.314362 1.297249 43.807646 2.214585 0.054285
Cyclist -1 -1 -10 7.000000 201.000000 276.000000 360.000000 1.643295 0.833468 1.838667 -2.543771 1.635578 3.570885 1.600939 0.015994
Cyclist -1 -1 -10 909.000000 159.000000 1060.000000 206.000000 1.772298 0.741883 1.908824 11.786700 0.937960 23.291481 0.194979 0.013990
