Car -1 -1 -10 573.000000 174.000000 614.000000 210.000000 1.514240 1.632512 3.924478 -0.722391 1.086302 33.385555 -1.588529 0.999563
Car -1 -1 -10 163.000000 188.000000 397.000000 316.000000 1.442619 1.578358 3.785752 -4.450456 1.558314 10.362855 -1.580473 0.999138
Car -1 -1 -10 344.000000 179.000000 452.000000 246.000000 1.476927 1.615928 3.950054 -5.260502 1.404305 18.380005 -1.603129 0.999013
Car -1 -1 -10 185.000000 187.000000 287.000000 238.000000 1.534660 1.591028 3.813094 -9.012951 1.489288 18.400539 -1.579517 0.943659
Car -1 -1 -10 1.000000 187.000000 111.000000 313.000000 1.452193 1.642463 3.977342 -8.408209 1.652201 8.845860 -1.584895 0.259845
Car -1 -1 -10 179.000000 183.000000 333.000000 258.000000 1.475802 1.587634 3.809290 -8.929663 1.493828 18.418015 -1.504773 0.226434
Car -1 -1 -10 349.000000 172.000000 409.000000 211.000000 1.569226 1.655691 3.807597 -8.491524 0.992083 27.766198 -1.466657 0.209934
Car -1 -1 -10 502.000000 175.000000 544.000000 203.000000 1.575597 1.684170 3.929929 -5.381880 0.862837 45.621953 -1.697261 0.068573
Car -1 -1 -10 229.000000 186.000000 296.000000 226.000000 1.579176 1.640341 3.810636 -12.265132 1.100900 27.535279 1.175222 0.055823
Car -1 -1 -10 534.000000 163.000000 559.000000 192.000000 1.533273 1.576411 3.522851 -4.686198 0.943509 45.005775 1.992190 0.031947
Car -1 -1 -10 249.000000 182.000000 330.000000 222.000000 1.579344 1.613442 3.789616 -12.103449 1.168138 27.668717 -1.503040 0.028828
Car -1 -1 -10 478.000000 174.000000 534.000000 212.000000 1.655453 1.662532 4.003580 -4.337134 1.011015 30.197399 -1.565833 0.019519
