Car -1 -1 -10 578.000000 178.000000 620.000000 216.000000 1.550779 1.666382 3.887467 -0.390131 1.308561 32.211708 -1.582606 0.999697
Car -1 -1 -10 351.000000 183.000000 488.000000 271.000000 1.490727 1.628222 3.865097 -3.690913 1.467871 14.527480 -1.529492 0.999431
Car -1 -1 -10 489.000000 183.000000 544.000000 223.000000 1.461299 1.632289 3.895560 -3.406865 1.272726 26.784804 -1.560470 0.999065
Car -1 -1 -10 148.000000 174.000000 320.000000 264.000000 1.579370 1.638958 3.909285 -7.884949 1.447097 15.619910 -1.567087 0.997847
Car -1 -1 -10 1.000000 186.000000 195.000000 258.000000 1.489676 1.613193 3.666545 -12.186570 1.582383 17.219042 -1.566704 0.917225
Car -1 -1 -10 309.000000 183.000000 405.000000 233.000000 1.494060 1.638832 3.649473 -7.852343 1.464732 22.182496 -1.478829 0.395617
Car -1 -1 -10 445.000000 180.000000 495.000000 207.000000 1.531140 1.609257 3.879039 -7.843576 1.165879 41.165754 -1.615401 0.287598
Car -1 -1 -10 0.000000 190.000000 148.000000 313.000000 1.528905 1.636613 3.904256 -8.758694 1.703069 10.024010 -1.581973 0.232995
Car -1 -1 -10 278.000000 181.000000 358.000000 224.000000 1.529717 1.586902 3.740813 -12.961141 1.257772 30.257449 -3.058178 0.097221
Car -1 -1 -10 214.000000 177.000000 308.000000 218.000000 1.546090 1.595158 3.568491 -11.816149 1.135885 24.889501 1.700878 0.014820
Car -1 -1 -10 231.000000 179.000000 279.000000 214.000000 1.531426 1.582752 3.733761 -16.003936 0.765705 32.508700 -2.074200 0.011449
