Pedestrian -1 -1 -10 1162.000000 162.000000 1237.000000 296.000000 1.721048 0.454139 0.665536 10.627531 1.797504 13.143403 3.723281 0.033686
Pedestrian -1 -1 -10 1145.000000 181.000000 1240.000000 376.000000 1.663851 0.610659 0.674445 4.301435 1.963465 4.957351 0.071041 0.015628
Car -1 -1 -10 630.000000 178.000000 683.000000 221.000000 1.437091 1.615818 4.044986 1.752317 1.752777 28.132100 -1.670623 0.999014
Car -1 -1 -10 782.000000 168.000000 1034.000000 279.000000 1.541563 1.599476 3.998696 5.478449 1.743210 12.691296 -0.006202 0.989380
Car -1 -1 -10 1014.000000 186.000000 1235.000000 359.000000 1.531720 1.603870 3.859567 6.332600 1.700898 7.376603 -0.039434 0.988253
Car -1 -1 -10 868.000000 188.000000 1187.000000 313.000000 1.557017 1.619873 3.951294 5.790769 1.708474 9.782186 3.096662 0.985427
Car -1 -1 -10 301.000000 179.000000 450.000000 231.000000 1.474502 1.554535 3.781949 -7.034036 1.744042 22.369467 -3.198249 0.984810
Car -1 -1 -10 0.000000 155.000000 298.000000 306.000000 1.751518 1.684833 3.964711 -7.181555 1.579299 10.951180 -0.059376 0.980409
Car -1 -1 -10 367.000000 180.000000 474.000000 225.000000 1.488035 1.590574 3.966024 -7.010272 1.717667 24.806456 -3.197433 0.740840
Car -1 -1 -10 614.000000 175.000000 649.000000 202.000000 1.568946 1.617433 3.693313 1.533318 1.871654 43.040356 -1.553264 0.583673
Car -1 -1 -10 1147.000000 192.000000 1242.000000 375.000000 1.520914 1.615983 3.944623 5.610002 1.709710 4.393971 0.058357 0.579493
Car -1 -1 -10 460.000000 178.000000 510.000000 203.000000 1.530476 1.638416 3.875909 -6.422017 1.588570 36.870248 -1.602702 0.109407
Cyclist -1 -1 -10 461.000000 175.000000 500.000000 245.000000 1.703039 0.562834 1.733920 -3.370166 1.760183 18.659590 1.539087 0.998667
Cyclist -1 -1 -10 464.000000 179.000000 507.000000 215.000000 1.509672 1.640494 4.024492 -6.353979 1.532981 35.333489 -3.181483 0.487037
Cyclist -1 -1 -10 475.000000 179.000000 501.000000 206.000000 1.790985 0.565161 1.726532 -6.152869 1.725217 35.340121 -1.806978 0.044153
Cyclist -1 -1 -10 426.000000 181.000000 490.000000 229.000000 1.606966 0.769405 1.788896 -5.236838 1.806501 24.104966 0.103937 0.020519
