Pedestrian -1 -1 -10 0.000000 229.000000 32.000000 365.000000 1.684361 0.493462 0.443034 -4.317850 2.068039 5.195216 -0.109416 0.030285
Pedestrian -1 -1 -10 0.000000 231.000000 22.000000 301.000000 1.685206 0.565946 0.539995 -6.462655 1.713527 7.621690 -2.940399 0.018645
Car -1 -1 -10 671.000000 174.000000 764.000000 248.000000 1.712661 1.683564 3.998642 2.644691 1.814749 18.775617 -1.624745 0.997403
Car -1 -1 -10 268.000000 183.000000 443.000000 249.000000 1.434454 1.540340 4.178086 -6.281112 1.823862 17.348280 -3.159929 0.993619
Car -1 -1 -10 333.000000 171.000000 466.000000 235.000000 1.546311 1.622134 3.851774 -6.779462 1.711934 22.574649 -3.254297 0.991405
Car -1 -1 -10 169.000000 181.000000 396.000000 269.000000 1.483647 1.599305 3.791548 -6.594925 1.668426 13.551812 -3.076704 0.967044
Car -1 -1 -10 652.000000 180.000000 713.000000 223.000000 1.504681 1.618656 3.917078 2.658290 1.819562 29.962528 -1.586835 0.882632
Car -1 -1 -10 635.000000 179.000000 670.000000 205.000000 1.525336 1.608145 3.820618 2.424323 1.875453 41.789338 -1.603586 0.676912
Car -1 -1 -10 375.000000 172.000000 503.000000 221.000000 1.707005 1.610375 3.977981 -6.449630 1.617247 25.696315 0.077418 0.293651
Car -1 -1 -10 969.000000 215.000000 1229.000000 369.000000 1.471762 1.577424 3.965692 3.197492 1.425161 5.175813 1.194272 0.254100
Car -1 -1 -10 424.000000 174.000000 513.000000 212.000000 1.548919 1.587478 3.629765 -5.932253 1.742382 32.971549 -2.797963 0.169509
Car -1 -1 -10 452.000000 176.000000 531.000000 205.000000 1.545776 1.500912 3.324570 -6.239733 2.014499 43.522191 -2.333756 0.149621
Car -1 -1 -10 79.000000 188.000000 348.000000 296.000000 1.589645 1.614598 3.793418 -5.968408 1.903787 11.631451 1.649822 0.126184
Cyclist -1 -1 -10 968.000000 203.000000 1231.000000 371.000000 1.701098 0.584581 1.615970 2.519184 1.963747 3.873289 1.051620 0.111404
Cyclist -1 -1 -10 0.000000 223.000000 33.000000 373.000000 1.712978 0.531420 1.608745 -4.465828 1.947642 5.198501 -2.256327 0.099612
Cyclist -1 -1 -10 0.000000 231.000000 29.000000 306.000000 1.721921 0.368493 1.203061 -8.841638 2.172491 10.556727 -2.288591 0.022601
Cyclist -1 -1 -10 4.000000 210.000000 103.000000 337.000000 1.742740 0.514705 1.382797 -5.228974 1.915087 6.529037 -2.161493 0.014325
Cyclist -1 -1 -10 96.000000 183.000000 363.000000 283.000000 1.717876 0.692966 1.820750 -5.471520 1.845014 10.858553 2.519081 0.012811
