Pedestrian -1 -1 -10 605.000000 151.000000 640.000000 236.000000 1.761079 0.689894 0.967803 0.378470 1.114513 16.187172 -2.548877 0.997985
Pedestrian -1 -1 -10 825.000000 154.000000 903.000000 366.000000 1.721183 0.619874 0.828218 2.225049 1.445004 6.350012 -1.659491 0.997900
Pedestrian -1 -1 -10 138.000000 145.000000 258.000000 376.000000 1.781547 0.726521 0.848048 -3.089593 1.486213 5.487899 1.584822 0.994982
Pedestrian -1 -1 -10 727.000000 157.000000 772.000000 293.000000 1.734430 0.563224 0.779011 1.855569 1.426877 9.125993 -2.032160 0.988302
Pedestrian -1 -1 -10 802.000000 146.000000 846.000000 327.000000 1.799940 0.621005 0.790459 2.287175 1.496289 7.687633 -1.390518 0.955226
Pedestrian -1 -1 -10 763.000000 164.000000 801.000000 280.000000 1.738015 0.630986 0.718642 2.671313 1.414518 10.529804 -1.744014 0.953691
Pedestrian -1 -1 -10 711.000000 164.000000 749.000000 278.000000 1.773234 0.658487 0.817450 1.882785 1.401083 10.603183 -1.354937 0.936400
Pedestrian -1 -1 -10 3.000000 154.000000 71.000000 352.000000 1.655985 0.511044 0.531756 -4.641979 1.426687 5.838792 -2.320105 0.812587
Pedestrian -1 -1 -10 668.000000 158.000000 685.000000 206.000000 1.757427 0.600584 0.765865 2.684168 0.874735 26.382669 -1.930540 0.693112
Pedestrian -1 -1 -10 680.000000 157.000000 698.000000 207.000000 1.763990 0.731092 0.935467 3.237261 0.842488 26.392254 -1.958315 0.573013
Pedestrian -1 -1 -10 5.000000 158.000000 160.000000 368.000000 1.703081 0.613342 0.914545 -4.384916 1.686968 5.888773 1.547388 0.426720
Pedestrian -1 -1 -10 751.000000 157.000000 788.000000 269.000000 1.800692 0.697554 0.816538 2.671908 1.433630 11.125203 1.765624 0.266418
Pedestrian -1 -1 -10 798.000000 153.000000 832.000000 263.000000 1.782276 0.639606 0.727013 3.452500 1.222179 11.548498 -0.852214 0.172778
Car -1 -1 -10 538.000000 163.000000 594.000000 207.000000 1.520686 1.656975 3.904450 -1.342808 0.888974 27.586973 1.648852 0.998236
Cyclist -1 -1 -10 0.000000 155.000000 83.000000 358.000000 1.748847 0.605144 1.716791 -4.923046 1.536668 5.993328 0.835950 0.302492
Cyclist -1 -1 -10 7.000000 154.000000 172.000000 371.000000 1.744339 0.650581 1.781239 -4.839232 1.774346 6.219531 2.398076 0.036692
Cyclist -1 -1 -10 801.000000 154.000000 856.000000 320.000000 1.751141 0.605935 1.769852 2.332481 1.310576 7.824410 -1.242876 0.028962
Cyclist -1 -1 -10 603.000000 149.000000 639.000000 237.000000 1.779864 0.502714 1.737402 0.333419 1.148618 16.342816 2.328742 0.025115
