Car -1 -1 -10 745.000000 190.000000 988.000000 348.000000 1.442323 1.549024 3.537593 2.744633 1.724268 8.586759 -1.579479 0.998288
Car -1 -1 -10 -3.000000 180.000000 277.000000 327.000000 1.472078 1.521877 3.707831 -6.199384 1.702395 8.990864 -0.063250 0.997584
Car -1 -1 -10 636.000000 178.000000 669.000000 205.000000 1.440687 1.597687 3.949740 2.351384 1.826058 42.652058 -1.660453 0.994883
Car -1 -1 -10 801.000000 175.000000 1069.000000 271.000000 1.644689 1.689867 4.068078 6.290762 1.647512 13.886315 0.057178 0.990803
Car -1 -1 -10 266.000000 180.000000 435.000000 247.000000 1.517805 1.616595 4.026556 -6.550738 1.707488 18.252501 -3.133871 0.990024
Car -1 -1 -10 324.000000 175.000000 458.000000 234.000000 1.538304 1.504256 3.181423 -6.345415 1.691596 21.189410 -3.283435 0.948307
Car -1 -1 -10 726.000000 180.000000 824.000000 226.000000 1.474271 1.528756 3.797514 6.397676 1.939119 25.367942 -0.054418 0.930260
Car -1 -1 -10 764.000000 180.000000 882.000000 238.000000 1.442446 1.559996 3.731471 5.858591 1.742215 19.500913 -0.034710 0.914420
Car -1 -1 -10 58.000000 182.000000 404.000000 263.000000 1.521452 1.647377 4.046246 -6.172153 1.553594 14.137139 -1.469748 0.794933
Car -1 -1 -10 429.000000 178.000000 525.000000 211.000000 1.489366 1.552860 3.727578 -6.334868 1.722883 36.751301 0.057011 0.637028
Cyclist -1 -1 -10 551.000000 176.000000 563.000000 207.000000 1.709174 0.472243 1.675383 -2.923595 1.865734 39.362495 -1.447193 0.012467
