Pedestrian -1 -1 -10 354.000000 146.000000 460.000000 368.000000 1.779189 0.739736 0.817221 -1.674549 1.510772 6.053899 1.926447 0.997915
Pedestrian -1 -1 -10 992.000000 124.000000 1195.000000 372.000000 1.733371 0.677503 0.887003 2.137397 1.426422 3.171208 -1.564470 0.940158
Pedestrian -1 -1 -10 751.000000 150.000000 766.000000 200.000000 1.745433 0.661561 0.706317 5.839654 0.533619 26.332926 -1.950185 0.362847
Pedestrian -1 -1 -10 985.000000 161.000000 1102.000000 367.000000 1.706206 0.566315 0.618575 2.879098 1.450596 4.799588 -1.630126 0.296139
Pedestrian -1 -1 -10 561.000000 155.000000 569.000000 185.000000 1.799256 0.565030 0.650058 -2.471742 0.073903 48.585269 -3.105806 0.170123
Pedestrian -1 -1 -10 588.000000 158.000000 601.000000 185.000000 1.697796 0.730529 0.836205 -0.513454 0.400582 46.975980 -1.023486 0.070419
Pedestrian -1 -1 -10 548.000000 155.000000 561.000000 196.000000 1.642258 0.595443 0.670693 -1.712120 0.958192 26.421492 -1.538483 0.053846
Pedestrian -1 -1 -10 998.000000 178.000000 1032.000000 288.000000 1.697706 0.639289 0.682079 4.661936 1.449291 8.509745 -0.665128 0.034988
Pedestrian -1 -1 -10 578.000000 160.000000 592.000000 185.000000 1.758272 0.649977 0.927951 -1.011420 0.370758 46.731307 0.003833 0.030240
Pedestrian -1 -1 -10 558.000000 156.000000 566.000000 186.000000 1.883144 0.600079 0.883749 -2.568555 0.271686 48.383824 0.494043 0.016732
Pedestrian -1 -1 -10 1120.000000 168.000000 1238.000000 373.000000 1.805965 0.839967 0.730948 4.246061 1.948311 5.372366 2.438212 0.012085
Car -1 -1 -10 178.000000 135.000000 500.000000 346.000000 1.979862 1.754901 4.084447 -2.649541 1.415284 8.360752 1.682032 0.683523
Car -1 -1 -10 420.000000 144.000000 558.000000 253.000000 1.781909 1.589596 3.882646 -2.069563 1.122284 15.034890 1.618410 0.577597
Car -1 -1 -10 330.000000 138.000000 478.000000 360.000000 1.568012 1.605120 3.624930 -1.088530 1.251375 7.299982 -0.891778 0.494126
Car -1 -1 -10 335.000000 153.000000 526.000000 269.000000 1.682734 1.626574 3.972188 -2.625655 1.188720 11.842351 -2.473952 0.027419
Cyclist -1 -1 -10 996.000000 113.000000 1214.000000 378.000000 1.690369 0.612295 1.668321 2.163605 1.230266 3.279719 3.351213 0.070786
Cyclist -1 -1 -10 1120.000000 168.000000 1238.000000 373.000000 1.616262 0.703742 1.763173 4.350016 1.594233 5.372532 1.708462 0.014453
