Pedestrian -1 -1 -10 672.000000 165.000000 743.000000 329.000000 1.704046 0.700440 0.745195 1.056753 1.516465 7.897243 -1.931857 0.994331
Pedestrian -1 -1 -10 621.000000 168.000000 684.000000 334.000000 1.733042 0.598614 0.889738 0.464537 1.567120 7.817854 -1.894454 0.992574
Pedestrian -1 -1 -10 190.000000 166.000000 263.000000 337.000000 1.734348 0.664130 0.893804 -4.033060 1.547489 7.576133 -1.586535 0.973411
Pedestrian -1 -1 -10 210.000000 169.000000 328.000000 360.000000 1.655284 0.589703 0.676801 -2.362351 1.523922 5.461484 1.234449 0.248700
Pedestrian -1 -1 -10 764.000000 165.000000 796.000000 246.000000 1.733296 0.663489 0.728499 3.819305 1.360954 15.374705 -1.389304 0.179539
Pedestrian -1 -1 -10 695.000000 169.000000 778.000000 304.000000 1.700237 0.696307 0.932921 1.233268 1.428961 8.097870 -0.880701 0.156314
Pedestrian -1 -1 -10 733.000000 166.000000 766.000000 245.000000 1.734441 0.597985 0.776569 3.882370 1.370945 18.974379 2.791254 0.079144
Pedestrian -1 -1 -10 669.000000 169.000000 690.000000 258.000000 1.713897 0.606562 0.596402 2.014502 1.502615 18.940943 -1.524612 0.035434
Pedestrian -1 -1 -10 734.000000 164.000000 753.000000 222.000000 1.781995 0.488361 0.609866 4.335591 1.177152 22.809289 2.815934 0.022049
Pedestrian -1 -1 -10 634.000000 175.000000 662.000000 217.000000 1.754005 0.720419 0.549173 2.281199 1.528566 36.728410 -1.495241 0.015746
Pedestrian -1 -1 -10 655.000000 174.000000 671.000000 230.000000 1.757541 0.635584 0.813287 2.895930 1.474539 35.518838 -1.949463 0.015679
Pedestrian -1 -1 -10 642.000000 168.000000 703.000000 276.000000 1.719906 0.599706 0.641275 1.437571 2.149387 12.803895 -2.024064 0.012734
Car -1 -1 -10 488.000000 172.000000 534.000000 212.000000 1.861759 1.736504 4.146329 -4.983331 1.457294 40.057947 1.604806 0.032822
Cyclist -1 -1 -10 383.000000 168.000000 455.000000 295.000000 1.739894 0.615777 1.780159 -2.797783 1.581793 10.824165 1.693154 0.999869
Cyclist -1 -1 -10 225.000000 170.000000 360.000000 377.000000 1.703539 0.554512 1.661414 -2.337147 1.609271 5.513997 1.540849 0.999377
Cyclist -1 -1 -10 716.000000 162.000000 791.000000 290.000000 1.715860 0.528001 1.674178 2.188028 1.659340 10.082976 -1.969944 0.626225
Cyclist -1 -1 -10 191.000000 167.000000 293.000000 356.000000 1.733475 0.632967 1.777642 -3.927178 1.584181 7.459313 1.771166 0.546413
Cyclist -1 -1 -10 757.000000 166.000000 800.000000 249.000000 1.764018 0.498762 1.659187 3.811875 1.345543 15.782330 -1.768865 0.129606
Cyclist -1 -1 -10 684.000000 165.000000 754.000000 319.000000 1.765944 0.650258 1.698651 1.037176 1.543588 8.036469 -1.396860 0.124023
Cyclist -1 -1 -10 728.000000 163.000000 770.000000 263.000000 1.821236 0.404068 1.677924 3.829043 1.401790 18.495777 0.723979 0.061580
Cyclist -1 -1 -10 391.000000 176.000000 412.000000 224.000000 1.697375 0.502849 1.685951 -8.985034 1.134863 32.030889 -1.341303 0.040019
Cyclist -1 -1 -10 771.000000 166.000000 924.000000 339.000000 1.706909 0.642660 1.742054 2.650437 1.708113 7.392638 3.438601 0.029531
Cyclist -1 -1 -10 1143.000000 196.000000 1235.000000 268.000000 1.681714 0.505149 1.556122 13.389169 1.677419 16.267293 -0.915865 0.015244
Cyclist -1 -1 -10 220.000000 184.000000 323.000000 315.000000 1.729289 0.612390 1.721751 -4.110647 1.615739 7.887255 -1.961403 0.010538
