Pedestrian -1 -1 -10 636.000000 169.000000 646.000000 199.000000 1.779720 0.678429 0.629747 1.185771 1.361361 26.136204 -1.868064 0.080438
Pedestrian -1 -1 -10 621.000000 174.000000 632.000000 204.000000 1.763336 0.654441 0.701410 0.477387 1.397846 25.128504 -0.959762 0.019795
Pedestrian -1 -1 -10 824.000000 178.000000 868.000000 212.000000 1.819649 0.631100 0.996743 10.075769 1.784871 31.401000 0.164651 0.017442
Car -1 -1 -10 846.000000 175.000000 992.000000 284.000000 1.606007 1.607365 3.641471 5.147825 1.668094 12.544856 -1.317263 0.999645
Car -1 -1 -10 596.000000 176.000000 696.000000 252.000000 1.507151 1.602611 4.018311 0.949226 1.610018 16.550470 -1.367036 0.999639
Car -1 -1 -10 644.000000 179.000000 727.000000 236.000000 1.486761 1.661623 4.122260 2.275132 1.723145 21.558740 -1.283570 0.996748
Car -1 -1 -10 731.000000 175.000000 761.000000 201.000000 1.515985 1.649894 3.949633 9.038907 1.880299 47.855750 -1.370521 0.975268
Car -1 -1 -10 824.000000 178.000000 867.000000 212.000000 1.508768 1.595390 3.725185 10.775057 1.737039 33.123059 -1.363366 0.796252
Car -1 -1 -10 846.000000 176.000000 931.000000 246.000000 1.523016 1.579640 3.462756 6.773036 1.751971 17.944387 -1.357653 0.054321
Car -1 -1 -10 816.000000 178.000000 850.000000 204.000000 1.583834 1.619153 3.817844 14.091316 1.863160 45.454829 -1.274393 0.037686
Cyclist -1 -1 -10 636.000000 169.000000 646.000000 200.000000 1.758110 0.647994 1.426487 1.071112 1.098466 26.111259 2.708236 0.010049
