Pedestrian -1 -1 -10 686.000000 165.000000 699.000000 206.000000 1.804910 0.647793 0.749637 4.276540 1.530698 37.579383 -1.888611 0.310125
Pedestrian -1 -1 -10 693.000000 168.000000 702.000000 208.000000 1.720378 0.637670 0.826853 4.502023 1.470218 37.511843 -2.079266 0.045838
Pedestrian -1 -1 -10 525.000000 177.000000 541.000000 217.000000 1.739009 0.681596 0.833045 -3.570614 1.962558 32.651946 1.413399 0.034199
Pedestrian -1 -1 -10 544.000000 172.000000 558.000000 208.000000 1.719413 0.558110 0.798314 -2.957541 1.901917 33.150521 2.513783 0.024143
Car -1 -1 -10 690.000000 172.000000 808.000000 270.000000 1.534892 1.597894 3.647694 2.496366 1.637197 13.952065 -1.583924 0.999448
Car -1 -1 -10 337.000000 182.000000 451.000000 261.000000 1.587807 1.624091 3.852726 -5.142705 1.904183 17.445400 1.586484 0.998706
Car -1 -1 -10 467.000000 184.000000 514.000000 218.000000 1.477777 1.675941 4.050536 -5.500973 2.023466 33.323071 1.539212 0.998085
Car -1 -1 -10 0.000000 202.000000 158.000000 377.000000 1.548476 1.626831 3.961868 -4.577163 1.708699 3.686206 -1.599715 0.394122
Cyclist -1 -1 -10 523.000000 176.000000 542.000000 217.000000 1.802811 0.650968 1.833639 -3.562984 1.911387 32.759300 1.451599 0.997894
Cyclist -1 -1 -10 539.000000 173.000000 558.000000 215.000000 1.735186 0.691686 1.884126 -2.953801 1.897477 33.126637 1.610340 0.934227
Cyclist -1 -1 -10 528.000000 177.000000 553.000000 212.000000 1.730962 0.620548 1.760405 -3.267656 1.811117 32.849738 0.399172 0.115679
Cyclist -1 -1 -10 547.000000 173.000000 558.000000 205.000000 1.731007 0.628269 1.691911 -2.768149 1.754035 33.349202 1.981176 0.044924
Cyclist -1 -1 -10 705.000000 176.000000 736.000000 204.000000 1.681216 0.610573 1.652612 5.839546 1.574171 37.904723 -1.552072 0.017805
Cyclist -1 -1 -10 537.000000 177.000000 549.000000 206.000000 1.693526 0.654683 1.742281 -2.936467 1.786829 33.102058 1.532610 0.010634
