Car -1 -1 -10 574.000000 174.000000 611.000000 208.000000 1.524721 1.644289 3.759287 -0.842792 0.998421 36.836984 -1.587133 0.999556
Car -1 -1 -10 456.000000 180.000000 510.000000 219.000000 1.469102 1.597641 3.758932 -4.776427 1.265520 27.980593 -1.590466 0.998938
Car -1 -1 -10 88.000000 183.000000 368.000000 346.000000 1.445157 1.572753 3.663395 -4.325644 1.547389 8.840138 -1.535879 0.998397
Car -1 -1 -10 368.000000 180.000000 468.000000 245.000000 1.470419 1.609556 3.969830 -4.801296 1.394426 18.637173 -1.566914 0.998321
Car -1 -1 -10 322.000000 179.000000 397.000000 224.000000 1.485897 1.657276 3.905643 -8.906973 1.278369 25.739675 -1.499923 0.869422
Car -1 -1 -10 4.000000 164.000000 111.000000 264.000000 1.881763 1.727063 4.202727 -12.209692 1.492994 14.106580 1.549054 0.611137
Car -1 -1 -10 159.000000 176.000000 324.000000 251.000000 1.533654 1.653545 3.771454 -8.776502 1.125232 16.601498 1.581647 0.517326
Car -1 -1 -10 379.000000 178.000000 441.000000 207.000000 1.527995 1.641769 3.747274 -12.372299 1.242024 43.398022 -1.850707 0.257732
Car -1 -1 -10 252.000000 178.000000 311.000000 207.000000 1.562860 1.622573 3.744115 -12.331233 1.200357 26.114531 -1.505951 0.013379
Car -1 -1 -10 204.000000 179.000000 318.000000 224.000000 1.636318 1.671241 3.735765 -12.359484 1.316153 26.825082 -1.565535 0.010639
