Pedestrian -1 -1 -10 836.000000 140.000000 895.000000 330.000000 1.738174 0.562416 0.757328 2.490434 1.387836 6.753790 1.389870 0.998271
Pedestrian -1 -1 -10 758.000000 144.000000 802.000000 254.000000 1.770102 0.639600 0.798231 2.664246 1.078206 11.019471 1.312942 0.998074
Pedestrian -1 -1 -10 478.000000 151.000000 497.000000 208.000000 1.624979 0.494525 0.662571 -3.331799 0.754879 19.254512 0.970448 0.954983
Pedestrian -1 -1 -10 648.000000 141.000000 671.000000 203.000000 1.852461 0.632094 0.663590 1.513831 0.596324 20.772464 -2.043628 0.851866
Pedestrian -1 -1 -10 491.000000 139.000000 505.000000 187.000000 1.734269 0.520465 0.658055 -2.370900 1.327171 13.717972 -0.059329 0.391630
Pedestrian -1 -1 -10 495.000000 143.000000 515.000000 203.000000 1.664998 0.600529 0.691480 -2.784625 0.700125 19.757051 1.312930 0.290814
Pedestrian -1 -1 -10 250.000000 133.000000 285.000000 259.000000 1.838982 0.592123 0.862859 -5.786956 1.169756 11.946330 2.201758 0.255897
Pedestrian -1 -1 -10 259.000000 136.000000 316.000000 262.000000 1.824809 0.747905 0.980171 -5.089999 1.109108 11.603278 -2.031740 0.150525
Pedestrian -1 -1 -10 447.000000 143.000000 465.000000 192.000000 1.819714 0.712443 0.927087 -5.524382 0.454835 26.118832 1.356843 0.134805
Pedestrian -1 -1 -10 280.000000 144.000000 318.000000 226.000000 1.833386 0.636742 0.737339 -7.434585 0.876614 17.280386 0.597302 0.067519
Pedestrian -1 -1 -10 420.000000 142.000000 447.000000 202.000000 1.854206 0.576579 1.122091 -5.087599 0.679769 20.631773 0.379756 0.023225
Pedestrian -1 -1 -10 408.000000 139.000000 431.000000 198.000000 1.781538 0.592796 0.856395 -5.257819 0.442849 20.178854 0.408964 0.020438
Pedestrian -1 -1 -10 643.000000 146.000000 659.000000 193.000000 1.832401 0.672423 0.833040 1.660958 0.475998 26.341946 1.521572 0.017197
Cyclist -1 -1 -10 495.000000 143.000000 516.000000 206.000000 1.714943 0.490537 1.639442 -2.778595 0.755382 19.983585 1.468039 0.966364
Cyclist -1 -1 -10 411.000000 144.000000 452.000000 211.000000 1.749641 0.501151 1.702882 -5.157019 0.610227 20.209851 -1.352544 0.729823
Cyclist -1 -1 -10 268.000000 140.000000 336.000000 242.000000 1.782730 0.611911 1.722369 -5.159229 1.050480 11.878866 -1.459015 0.628534
Cyclist -1 -1 -10 376.000000 145.000000 465.000000 215.000000 1.774121 0.535930 1.465655 -4.641506 0.822241 18.540260 2.369448 0.447144
Cyclist -1 -1 -10 288.000000 144.000000 374.000000 217.000000 1.724658 0.525876 1.538311 -6.983811 1.311816 18.397036 0.125018 0.249205
Cyclist -1 -1 -10 648.000000 141.000000 671.000000 203.000000 1.771159 0.589147 1.716507 1.320801 0.555478 20.914490 1.571489 0.238543
Cyclist -1 -1 -10 478.000000 145.000000 499.000000 204.000000 1.687698 0.538913 1.626682 -3.240700 0.760590 19.385234 1.416430 0.215332
Cyclist -1 -1 -10 395.000000 143.000000 436.000000 201.000000 1.701139 0.472328 1.570836 -4.042785 1.095237 15.110276 -1.838846 0.214539
Cyclist -1 -1 -10 323.000000 147.000000 368.000000 198.000000 1.712645 0.686193 1.751645 -11.177993 0.229272 30.243853 -2.049915 0.196405
Cyclist -1 -1 -10 432.000000 143.000000 453.000000 200.000000 1.744413 0.696733 1.571443 -5.744646 0.583497 25.110277 -1.769668 0.157465
Cyclist -1 -1 -10 357.000000 147.000000 431.000000 200.000000 1.704507 0.501576 1.691357 -7.097065 0.996711 23.296008 -1.245834 0.131151
Cyclist -1 -1 -10 445.000000 143.000000 466.000000 196.000000 1.819874 0.645942 1.773203 -5.577821 0.488198 26.143747 1.261058 0.115905
Cyclist -1 -1 -10 252.000000 136.000000 295.000000 258.000000 1.782068 0.527488 1.718251 -5.616698 1.086504 11.927761 2.132557 0.103167
Cyclist -1 -1 -10 342.000000 145.000000 388.000000 196.000000 1.741643 0.497639 1.595668 -7.490936 0.891807 23.112421 2.099153 0.095598
Cyclist -1 -1 -10 371.000000 143.000000 409.000000 195.000000 1.745713 0.524058 1.560229 -7.128297 0.426474 23.051163 0.876772 0.093953
Cyclist -1 -1 -10 490.000000 140.000000 506.000000 193.000000 1.696534 0.398979 1.206117 -3.429431 1.389296 22.185111 -1.048766 0.060095
