Pedestrian -1 -1 -10 679.000000 174.000000 756.000000 236.000000 1.815419 0.792355 1.075118 2.639111 1.763715 18.849616 -0.033246 0.015245
Car -1 -1 -10 465.000000 170.000000 530.000000 217.000000 1.507363 1.656656 3.976242 -3.956452 1.432571 25.720694 1.551775 0.997848
Car -1 -1 -10 680.000000 175.000000 755.000000 236.000000 1.539228 1.583925 3.602519 2.881130 1.628203 20.338195 -1.627870 0.995485
Car -1 -1 -10 654.000000 172.000000 720.000000 222.000000 1.538766 1.602644 3.732382 2.460116 1.559548 24.848504 -1.624722 0.993931
Car -1 -1 -10 772.000000 187.000000 1068.000000 367.000000 1.458360 1.601555 3.932728 3.127984 1.749202 8.282662 -1.585676 0.993678
Car -1 -1 -10 717.000000 181.000000 872.000000 280.000000 1.531272 1.547263 3.433871 3.125914 1.739404 13.417037 -1.643531 0.992965
Car -1 -1 -10 225.000000 170.000000 454.000000 325.000000 1.557552 1.627483 3.882161 -3.337580 1.573000 9.636451 1.526646 0.991663
Car -1 -1 -10 636.000000 172.000000 686.000000 210.000000 1.510015 1.626895 4.080553 2.237547 1.502034 30.757429 -1.633704 0.892115
Car -1 -1 -10 1033.000000 221.000000 1245.000000 373.000000 1.510785 1.632680 3.920963 3.458022 1.821344 2.556323 1.568124 0.840975
Car -1 -1 -10 495.000000 170.000000 536.000000 207.000000 1.467177 1.546659 3.895170 -4.195956 1.349471 31.184332 1.626339 0.357108
Car -1 -1 -10 0.000000 128.000000 361.000000 377.000000 1.780545 1.681790 4.170935 -2.939556 1.554724 3.971718 1.500922 0.335759
