Car -1 -1 -10 277.000000 189.000000 409.000000 270.000000 1.563951 1.569259 3.696413 -5.797745 1.984814 15.860626 1.582730 0.999193
Car -1 -1 -10 744.000000 178.000000 964.000000 317.000000 1.480764 1.595353 3.755717 3.005092 1.586073 9.850532 -1.618548 0.997693
Car -1 -1 -10 373.000000 189.000000 455.000000 245.000000 1.460964 1.547053 3.735138 -5.738122 2.001382 21.075713 1.549950 0.997456
Car -1 -1 -10 708.000000 179.000000 818.000000 257.000000 1.503764 1.546736 3.478614 3.130375 1.606608 15.187142 -1.682779 0.986751
Car -1 -1 -10 692.000000 180.000000 767.000000 230.000000 1.462254 1.604362 3.815087 3.394920 1.663711 20.986789 -1.543254 0.895656
Car -1 -1 -10 842.000000 165.000000 924.000000 203.000000 1.512220 1.639114 3.971950 11.671058 1.070046 30.580433 3.015097 0.397818
Car -1 -1 -10 1111.000000 221.000000 1243.000000 374.000000 1.504486 1.553284 3.576837 2.674182 1.628705 2.940644 2.771756 0.069904
Car -1 -1 -10 2.000000 186.000000 99.000000 260.000000 1.517306 1.570466 3.884755 -15.147193 1.937914 17.790358 -0.034271 0.061721
Car -1 -1 -10 836.000000 177.000000 929.000000 237.000000 1.606654 1.556971 3.777547 10.474487 1.981834 29.035343 -0.024076 0.019654
Cyclist -1 -1 -10 835.000000 168.000000 928.000000 217.000000 1.727969 0.638179 1.886772 10.783886 1.443493 29.177903 3.023878 0.011243
