Car -1 -1 -10 649.000000 179.000000 738.000000 242.000000 1.502632 1.573862 3.513984 1.987135 1.673521 18.545696 -1.708614 0.999147
Car -1 -1 -10 732.000000 178.000000 954.000000 319.000000 1.537751 1.593182 3.836781 2.825948 1.658326 9.472550 1.497782 0.997896
Car -1 -1 -10 367.000000 187.000000 438.000000 241.000000 1.431516 1.614327 3.762290 -6.064539 1.893706 21.217090 -1.771214 0.996603
Car -1 -1 -10 560.000000 179.000000 600.000000 211.000000 1.456474 1.579928 3.755342 -1.655071 1.817595 37.647536 -1.742272 0.976017
Car -1 -1 -10 841.000000 130.000000 1244.000000 373.000000 1.822292 1.724718 4.122846 2.932492 1.631448 4.391551 -1.566601 0.646869
Car -1 -1 -10 614.000000 182.000000 681.000000 223.000000 1.540162 1.608639 3.622883 1.094625 1.680910 25.414478 -1.700525 0.030441
Car -1 -1 -10 426.000000 180.000000 456.000000 208.000000 1.554627 1.641488 3.870111 -9.821155 2.212906 42.540866 -1.793952 0.018542
Car -1 -1 -10 436.000000 179.000000 468.000000 216.000000 1.561398 1.644664 3.886335 -9.780895 2.217235 42.562079 -1.782352 0.011391
Cyclist -1 -1 -10 441.000000 175.000000 467.000000 233.000000 1.768417 0.547328 1.750400 -5.004257 1.886527 23.258509 1.433880 0.997010
Cyclist -1 -1 -10 466.000000 175.000000 493.000000 226.000000 1.740529 0.573623 1.800982 -4.602450 1.873957 25.356239 1.517455 0.989728
Cyclist -1 -1 -10 427.000000 178.000000 464.000000 215.000000 1.737674 0.489976 1.614736 -9.720467 2.278328 41.253994 -1.867263 0.086251
