Pedestrian -1 -1 -10 425.000000 178.000000 442.000000 222.000000 1.767500 0.652382 0.552520 -6.178116 1.958799 25.130404 -1.744918 0.076855
Car -1 -1 -10 737.000000 175.000000 959.000000 316.000000 1.545930 1.642598 4.092405 2.824552 1.587280 9.448754 -1.564747 0.999688
Car -1 -1 -10 347.000000 188.000000 463.000000 264.000000 1.500977 1.604123 3.864477 -4.422051 1.902867 16.208408 1.522580 0.999519
Car -1 -1 -10 700.000000 173.000000 821.000000 255.000000 1.573181 1.609081 3.772382 3.014142 1.568587 15.665123 -1.578240 0.998053
Car -1 -1 -10 418.000000 176.000000 500.000000 241.000000 1.664437 1.550762 3.758966 -4.390519 1.855074 21.514405 1.554451 0.993889
Car -1 -1 -10 675.000000 174.000000 738.000000 224.000000 1.514569 1.595866 3.799043 3.049240 1.551536 24.114382 -1.554757 0.981963
Car -1 -1 -10 466.000000 176.000000 527.000000 226.000000 1.571333 1.638163 3.999562 -4.209827 1.857774 26.965400 1.606055 0.959559
Car -1 -1 -10 0.000000 194.000000 178.000000 302.000000 1.541854 1.611149 3.978919 -9.385658 1.832912 11.488420 0.012049 0.947814
Car -1 -1 -10 1126.000000 212.000000 1240.000000 370.000000 1.481739 1.577665 3.834171 2.875670 1.536523 1.123757 -1.560905 0.208411
Car -1 -1 -10 665.000000 173.000000 715.000000 214.000000 1.575678 1.613600 3.903429 3.293944 1.579451 30.310914 -1.596767 0.113193
