Pedestrian -1 -1 -10 1070.000000 157.000000 1245.000000 367.000000 1.706192 0.541457 0.727009 4.275003 1.951389 5.965474 0.766757 0.043612
Car -1 -1 -10 307.000000 188.000000 432.000000 260.000000 1.526870 1.591871 3.792840 -5.705803 1.938638 17.368387 1.587211 0.999699
Car -1 -1 -10 382.000000 186.000000 467.000000 237.000000 1.491426 1.538000 3.723161 -5.698864 1.930919 22.848390 1.600250 0.996482
Car -1 -1 -10 788.000000 154.000000 898.000000 193.000000 1.634212 1.678854 4.037978 9.366421 0.938787 29.880292 2.965965 0.982047
Car -1 -1 -10 1066.000000 172.000000 1234.000000 370.000000 1.489580 1.623192 3.924204 3.358730 1.676373 2.129614 -1.610143 0.964442
Car -1 -1 -10 426.000000 184.000000 492.000000 227.000000 1.474014 1.544969 3.696457 -5.549562 1.913258 27.675420 1.579313 0.957640
Car -1 -1 -10 0.000000 206.000000 179.000000 373.000000 1.583487 1.669967 3.861890 -5.826964 1.894555 6.408600 -1.552834 0.754258
Car -1 -1 -10 665.000000 173.000000 705.000000 202.000000 1.555171 1.627119 4.072884 3.623795 1.397914 35.754371 1.549363 0.706083
Car -1 -1 -10 464.000000 183.000000 513.000000 214.000000 1.490166 1.620853 3.910794 -5.612344 1.974006 33.726629 1.566852 0.693776
Car -1 -1 -10 1122.000000 132.000000 1240.000000 174.000000 1.516035 1.639176 3.918417 22.622375 0.090622 29.121280 -0.391278 0.581493
Car -1 -1 -10 739.000000 157.000000 850.000000 192.000000 1.593789 1.683524 3.988110 9.257033 0.928482 34.823743 -0.715644 0.333195
Car -1 -1 -10 496.000000 179.000000 538.000000 207.000000 1.567595 1.615696 3.965964 -5.253217 1.951406 41.293555 1.642887 0.298770
Car -1 -1 -10 1070.000000 138.000000 1187.000000 173.000000 1.605287 1.657608 3.853241 22.603760 0.157252 32.576796 1.755589 0.181258
Car -1 -1 -10 1029.000000 142.000000 1113.000000 172.000000 1.586214 1.615510 3.740696 23.488096 0.166187 37.035975 -1.726486 0.153221
Cyclist -1 -1 -10 1053.000000 144.000000 1245.000000 378.000000 1.681297 0.569125 1.767629 2.659500 1.788309 2.835510 -1.574446 0.024246
