Car -1 -1 -10 581.000000 179.000000 618.000000 214.000000 1.535426 1.596863 3.648806 -0.413981 1.297377 35.411440 -1.584468 0.999613
Car -1 -1 -10 427.000000 188.000000 520.000000 252.000000 1.427219 1.630717 3.927302 -3.332364 1.497938 17.971979 -1.571255 0.999533
Car -1 -1 -10 305.000000 185.000000 399.000000 240.000000 1.453885 1.578127 3.786605 -7.486449 1.515242 21.229403 -1.571974 0.998295
Car -1 -1 -10 -4.000000 192.000000 352.000000 375.000000 1.485818 1.580674 3.849961 -3.561099 1.572279 5.896685 -1.578715 0.991927
Car -1 -1 -10 396.000000 181.000000 444.000000 218.000000 1.538678 1.593930 3.830031 -7.918368 1.417197 30.810219 -1.345534 0.971252
Car -1 -1 -10 484.000000 185.000000 529.000000 215.000000 1.481484 1.661628 4.147760 -4.749320 1.401642 33.606628 -1.533568 0.743992
Car -1 -1 -10 268.000000 186.000000 338.000000 221.000000 1.452055 1.620106 3.889823 -12.370328 1.570678 29.767339 -1.463572 0.698945
Car -1 -1 -10 331.000000 180.000000 382.000000 208.000000 1.512797 1.542158 3.629063 -15.644567 1.227841 42.716219 0.752018 0.469342
Car -1 -1 -10 57.000000 187.000000 209.000000 241.000000 1.514170 1.580073 3.595182 -12.637824 1.204536 19.525343 1.507229 0.144428
Car -1 -1 -10 5.000000 187.000000 246.000000 264.000000 1.538611 1.657909 3.937601 -12.525528 1.662600 19.527661 -1.588899 0.041496
