Pedestrian -1 -1 -10 527.000000 170.000000 539.000000 211.000000 1.681763 0.610793 0.679553 -3.589043 1.625201 33.220598 1.355398 0.731454
Pedestrian -1 -1 -10 704.000000 162.000000 719.000000 210.000000 1.800651 0.675267 0.834580 4.275702 1.497364 30.693027 -1.809822 0.106766
Car -1 -1 -10 21.000000 185.000000 332.000000 356.000000 1.580187 1.607729 3.841884 -4.970485 1.783470 8.967759 1.574382 0.999449
Car -1 -1 -10 774.000000 167.000000 1248.000000 376.000000 1.522206 1.586209 3.543610 2.619962 1.603924 5.362092 -1.573509 0.946034
Car -1 -1 -10 417.000000 182.000000 499.000000 232.000000 1.547753 1.586244 3.879011 -5.339619 1.832531 24.799767 1.518896 0.810492
Car -1 -1 -10 514.000000 176.000000 542.000000 205.000000 1.526375 1.606263 3.697927 -5.751142 2.293916 42.800769 1.432063 0.352926
Car -1 -1 -10 840.000000 177.000000 1040.000000 288.000000 1.481439 1.580420 3.892831 5.928725 1.443802 13.012033 1.392292 0.067245
Cyclist -1 -1 -10 488.000000 169.000000 520.000000 241.000000 1.747538 0.678958 1.794883 -2.818382 1.731662 19.388332 1.584506 0.999385
Cyclist -1 -1 -10 460.000000 171.000000 492.000000 244.000000 1.743281 0.568317 1.760174 -3.607743 1.773819 18.993775 1.602811 0.998904
Cyclist -1 -1 -10 527.000000 171.000000 539.000000 210.000000 1.733479 0.606939 1.787863 -3.548876 1.680258 33.213519 1.542040 0.868944
Cyclist -1 -1 -10 430.000000 179.000000 493.000000 232.000000 1.664210 0.602933 1.635044 -5.040945 2.313646 23.077505 2.881324 0.743906
Cyclist -1 -1 -10 517.000000 174.000000 543.000000 206.000000 1.680443 0.539924 1.708829 -3.562011 1.589961 33.240228 1.532196 0.371114
Cyclist -1 -1 -10 494.000000 175.000000 516.000000 217.000000 1.666324 0.653307 1.688404 -2.846447 1.554009 19.375813 1.500930 0.037825
Cyclist -1 -1 -10 503.000000 173.000000 514.000000 207.000000 1.684530 0.423485 1.100471 -3.468089 1.703880 23.637112 -1.028566 0.021181
