Pedestrian -1 -1 -10 1083.000000 149.000000 1186.000000 369.000000 1.703999 0.629349 0.708895 3.832589 1.333772 5.324994 -1.524623 0.996654
Pedestrian -1 -1 -10 523.000000 164.000000 536.000000 202.000000 1.805488 0.683823 0.661031 -3.946647 0.896322 38.564856 1.481902 0.757374
Pedestrian -1 -1 -10 605.000000 163.000000 616.000000 193.000000 1.769272 0.683340 0.870181 0.530555 0.672217 43.867833 -1.703839 0.323118
Pedestrian -1 -1 -10 538.000000 163.000000 548.000000 201.000000 1.805055 0.472913 0.676115 -0.301592 0.989672 4.892599 -0.044851 0.307326
Pedestrian -1 -1 -10 611.000000 162.000000 619.000000 192.000000 1.805528 0.706211 0.800602 0.819100 0.756313 45.228211 1.621260 0.254490
Pedestrian -1 -1 -10 622.000000 165.000000 631.000000 193.000000 1.805643 0.622719 0.679126 1.544441 0.666399 44.157254 -1.603155 0.157654
Pedestrian -1 -1 -10 528.000000 163.000000 545.000000 203.000000 1.716949 0.581660 0.559611 -2.767606 0.705399 34.392195 -1.625237 0.151651
Pedestrian -1 -1 -10 580.000000 162.000000 591.000000 195.000000 1.684175 0.628513 0.624998 -0.504644 1.319634 18.550866 -2.267192 0.062959
Pedestrian -1 -1 -10 563.000000 165.000000 585.000000 202.000000 1.784842 0.640810 0.651823 -1.702189 0.601780 44.580697 -1.579197 0.059070
Pedestrian -1 -1 -10 614.000000 163.000000 623.000000 192.000000 1.785071 0.654804 0.844232 0.961616 0.727719 45.424207 -2.075495 0.049047
Pedestrian -1 -1 -10 577.000000 161.000000 587.000000 197.000000 1.719906 0.599706 0.641275 -1.424736 0.482583 44.020882 -2.149737 0.047930
Pedestrian -1 -1 -10 585.000000 163.000000 593.000000 191.000000 1.810974 0.629637 0.660978 -0.892759 0.639655 54.422527 -1.630901 0.037772
Pedestrian -1 -1 -10 1074.000000 156.000000 1176.000000 264.000000 1.744067 0.661797 0.778501 7.402464 1.022773 10.400353 -1.301154 0.027513
Pedestrian -1 -1 -10 539.000000 167.000000 559.000000 200.000000 1.719727 0.625143 0.634644 -2.707521 0.413385 34.396810 -1.122165 0.026612
Pedestrian -1 -1 -10 532.000000 166.000000 540.000000 200.000000 1.758507 0.623752 0.723663 -4.362737 0.400809 45.921663 0.937867 0.018889
Pedestrian -1 -1 -10 543.000000 165.000000 551.000000 200.000000 1.719907 0.599707 0.641275 -2.922443 0.710206 41.524052 -2.198314 0.013418
Car -1 -1 -10 514.000000 175.000000 593.000000 240.000000 1.438945 1.639008 3.957211 -1.097129 1.297250 17.695485 1.613064 0.999510
Car -1 -1 -10 993.000000 157.000000 1145.000000 220.000000 1.490204 1.551620 3.517242 10.714768 1.714650 16.485095 3.027401 0.310968
Car -1 -1 -10 1037.000000 154.000000 1204.000000 241.000000 1.581862 1.635980 3.756058 7.524237 1.069248 11.728708 -1.559001 0.012178
Cyclist -1 -1 -10 522.000000 166.000000 541.000000 201.000000 1.741008 0.595344 1.706809 -3.804911 0.885241 38.072338 -1.008847 0.040927
Cyclist -1 -1 -10 561.000000 166.000000 585.000000 205.000000 1.742103 0.655514 1.651043 -1.732915 0.419367 44.563094 0.443253 0.029171
Cyclist -1 -1 -10 571.000000 163.000000 582.000000 200.000000 1.737159 0.656782 1.652706 -1.750724 0.423522 44.546324 0.442766 0.014935
Cyclist -1 -1 -10 1062.000000 153.000000 1165.000000 241.000000 1.698455 0.496165 1.598748 7.327857 0.760544 10.549261 0.048471 0.013893
Cyclist -1 -1 -10 577.000000 161.000000 587.000000 197.000000 1.712979 0.531420 1.608745 -1.494258 0.288405 44.149923 -1.595188 0.012952
