Pedestrian -1 -1 -10 722.000000 179.000000 736.000000 220.000000 1.719906 0.599706 0.641275 5.358530 2.224382 31.057935 -1.960026 0.913447
Pedestrian -1 -1 -10 708.000000 169.000000 717.000000 213.000000 1.759256 0.461608 0.685444 1.753566 1.280168 12.240889 0.237493 0.294207
Pedestrian -1 -1 -10 707.000000 169.000000 726.000000 217.000000 1.807212 0.643276 0.765570 5.485320 1.527769 35.044017 -0.869000 0.173983
Pedestrian -1 -1 -10 715.000000 175.000000 731.000000 220.000000 1.719906 0.599706 0.641275 4.589167 1.745751 28.694027 -1.968138 0.051120
Pedestrian -1 -1 -10 705.000000 171.000000 713.000000 209.000000 1.740742 0.452029 0.658462 5.640026 1.545222 40.387264 2.618358 0.034545
Pedestrian -1 -1 -10 659.000000 179.000000 724.000000 229.000000 1.761297 0.801306 0.874669 2.425725 2.094380 22.738138 -2.966832 0.020543
Pedestrian -1 -1 -10 644.000000 176.000000 676.000000 205.000000 1.833454 0.581500 1.001704 2.707313 2.098790 42.083628 -2.924551 0.013539
Car -1 -1 -10 714.000000 189.000000 872.000000 297.000000 1.440445 1.599149 3.692131 2.687856 1.704523 11.310150 -1.548295 0.999726
Car -1 -1 -10 518.000000 179.000000 572.000000 220.000000 1.479903 1.658449 3.989415 -2.603719 1.806132 28.477768 1.585617 0.999144
Car -1 -1 -10 660.000000 180.000000 724.000000 228.000000 1.490933 1.643110 3.961146 2.610542 1.760496 24.295229 1.526984 0.998489
Car -1 -1 -10 559.000000 180.000000 586.000000 205.000000 1.567250 1.595498 3.667474 -2.385105 1.952192 43.987346 1.536346 0.990506
Car -1 -1 -10 8.000000 215.000000 313.000000 373.000000 1.518936 1.629057 3.936977 -2.656669 1.632803 2.421961 1.571327 0.926007
Car -1 -1 -10 645.000000 177.000000 677.000000 205.000000 1.590101 1.597272 3.770504 2.988366 1.869898 44.143545 -1.559293 0.881821
Car -1 -1 -10 638.000000 175.000000 665.000000 201.000000 1.515140 1.529742 3.339418 3.142445 2.073592 47.316198 1.506658 0.139308
Car -1 -1 -10 173.000000 229.000000 326.000000 376.000000 1.584731 1.592340 3.763824 -2.744207 1.723494 2.773163 1.590385 0.011891
Cyclist -1 -1 -10 722.000000 179.000000 738.000000 222.000000 1.737932 0.522969 1.572099 4.824053 1.813276 29.400526 -0.830000 0.040640
