Pedestrian -1 -1 -10 0.000000 199.000000 154.000000 377.000000 1.641334 0.721364 0.553926 -3.043670 1.704397 3.829426 1.313828 0.234133
Car -1 -1 -10 661.000000 180.000000 758.000000 250.000000 1.445867 1.625930 3.974763 2.280251 1.670657 17.437870 -1.621933 0.999369
Car -1 -1 -10 638.000000 174.000000 680.000000 211.000000 1.513403 1.645853 3.720656 2.174267 1.690965 32.515918 -1.613491 0.992542
Car -1 -1 -10 12.000000 192.000000 378.000000 289.000000 1.442622 1.565488 4.077275 -6.581145 1.713465 11.885667 -3.163168 0.978555
Car -1 -1 -10 183.000000 186.000000 410.000000 266.000000 1.448216 1.581830 4.009318 -6.434547 1.815776 14.637612 -3.087183 0.972948
Car -1 -1 -10 375.000000 181.000000 494.000000 220.000000 1.594863 1.657011 4.047670 -6.576615 1.910234 29.170002 -0.080530 0.919277
Car -1 -1 -10 451.000000 178.000000 522.000000 205.000000 1.522930 1.577239 3.714509 -6.607112 1.806465 43.832929 0.837020 0.497050
Car -1 -1 -10 274.000000 185.000000 430.000000 240.000000 1.521274 1.548666 3.833678 -7.123592 1.818425 19.665963 0.089356 0.317647
Car -1 -1 -10 7.000000 203.000000 201.000000 347.000000 1.522077 1.589967 3.926517 -3.178479 1.283077 4.570806 -1.708901 0.317499
Car -1 -1 -10 1176.000000 123.000000 1243.000000 368.000000 1.523536 1.614540 3.884572 4.798632 1.397029 3.611604 1.709668 0.284882
Car -1 -1 -10 429.000000 179.000000 504.000000 214.000000 1.544866 1.601127 3.941952 -7.518486 1.911366 35.819839 -3.146746 0.218719
Car -1 -1 -10 1.000000 199.000000 178.000000 274.000000 1.516724 1.565788 3.505443 -14.116575 1.799906 21.342164 1.545022 0.020306
Car -1 -1 -10 202.000000 193.000000 359.000000 244.000000 1.533436 1.573587 4.136737 -8.020696 1.130763 18.283623 1.664280 0.010398
Cyclist -1 -1 -10 -3.000000 195.000000 181.000000 377.000000 1.628084 0.572133 1.606401 -3.076538 1.600381 3.694860 1.583309 0.860389
Cyclist -1 -1 -10 8.000000 197.000000 323.000000 329.000000 1.707798 0.746232 1.746679 -4.905033 2.096962 8.792540 2.470126 0.046227
