Car -1 -1 -10 560.000000 179.000000 622.000000 235.000000 1.503506 1.675480 3.745736 -0.527163 1.391799 22.526925 -1.579263 0.999386
Car -1 -1 -10 376.000000 176.000000 502.000000 272.000000 1.578774 1.639874 3.897942 -3.260359 1.471806 14.448471 -1.580678 0.999012
Car -1 -1 -10 9.000000 197.000000 422.000000 373.000000 1.521121 1.642351 4.090271 -3.264285 1.641785 6.794119 -1.567948 0.998743
Car -1 -1 -10 488.000000 179.000000 546.000000 225.000000 1.530816 1.641033 4.033504 -3.315851 1.417083 26.880992 -1.586258 0.998454
Car -1 -1 -10 301.000000 184.000000 359.000000 217.000000 1.471798 1.638114 3.815634 -12.547685 1.438566 32.871237 -1.556187 0.640434
Car -1 -1 -10 187.000000 187.000000 281.000000 237.000000 1.517373 1.515869 3.383506 -11.595866 1.808243 22.028276 0.542909 0.328129
Car -1 -1 -10 346.000000 179.000000 427.000000 225.000000 1.500317 1.616569 3.871833 -7.783428 1.364113 25.710802 -1.506437 0.089793
Car -1 -1 -10 104.000000 196.000000 218.000000 239.000000 1.588431 1.648823 3.861798 -12.424719 1.709398 21.688657 0.618832 0.059019
Car -1 -1 -10 54.000000 197.000000 277.000000 288.000000 1.460564 1.582504 3.871797 -7.555478 1.552539 13.640941 -1.554032 0.021167
Cyclist -1 -1 -10 187.000000 192.000000 299.000000 243.000000 1.674179 0.526335 1.601895 -7.258127 1.319889 14.742189 -2.014289 0.020018
