Car -1 -1 -10 163.000000 188.000000 429.000000 345.000000 1.509950 1.603372 3.823887 -3.539015 1.567002 8.837535 -1.549689 0.999786
Car -1 -1 -10 582.000000 178.000000 622.000000 214.000000 1.542794 1.638021 3.920860 -0.319880 1.274746 34.281875 -1.596248 0.999738
Car -1 -1 -10 457.000000 185.000000 530.000000 238.000000 1.438872 1.620311 3.882207 -3.329462 1.410354 21.016495 -1.572958 0.999502
Car -1 -1 -10 127.000000 186.000000 309.000000 275.000000 1.438862 1.607022 3.779681 -7.579955 1.544496 14.420704 -1.503922 0.994022
Car -1 -1 -10 355.000000 184.000000 426.000000 228.000000 1.405549 1.568822 3.836128 -7.467304 1.410663 24.467673 -1.580446 0.946849
Car -1 -1 -10 5.000000 183.000000 203.000000 254.000000 1.467839 1.606383 3.967765 -11.435232 1.522582 16.458112 -1.600821 0.914927
Car -1 -1 -10 505.000000 183.000000 536.000000 211.000000 1.523469 1.631606 3.903588 -4.834391 1.269106 36.306492 -2.336584 0.694411
Car -1 -1 -10 418.000000 180.000000 470.000000 213.000000 1.559536 1.650459 3.973569 -7.634449 1.311802 34.582213 -1.587507 0.587104
Car -1 -1 -10 0.000000 197.000000 92.000000 323.000000 1.505738 1.611510 3.782168 -7.709137 1.577228 7.807581 -1.610163 0.253514
Car -1 -1 -10 314.000000 183.000000 371.000000 215.000000 1.471728 1.611456 3.918900 -12.799482 1.302598 33.541612 -3.133371 0.243140
