Pedestrian -1 -1 -10 244.000000 181.000000 290.000000 293.000000 1.776591 0.702343 0.766792 -5.780789 1.856934 12.170045 1.534953 0.968212
Pedestrian -1 -1 -10 200.000000 192.000000 234.000000 292.000000 1.771614 0.688858 0.616676 -6.788841 1.998904 12.295937 1.233312 0.958597
Pedestrian -1 -1 -10 566.000000 177.000000 574.000000 203.000000 1.790335 0.631961 0.754031 -3.063190 2.165239 53.919945 -0.037301 0.270741
Pedestrian -1 -1 -10 0.000000 215.000000 77.000000 370.000000 1.667854 0.601766 0.661145 -4.718991 2.316784 6.159132 1.879837 0.087203
Pedestrian -1 -1 -10 206.000000 197.000000 278.000000 287.000000 1.681584 0.548477 0.630209 -6.788586 1.949204 13.313755 -1.383624 0.014961
Car -1 -1 -10 717.000000 182.000000 861.000000 290.000000 1.454524 1.572476 3.571237 2.673866 1.642488 11.670006 -1.553273 0.999738
Car -1 -1 -10 658.000000 177.000000 710.000000 219.000000 1.498217 1.563013 3.676595 2.739488 1.671296 27.363249 -1.590988 0.999182
Car -1 -1 -10 348.000000 182.000000 474.000000 267.000000 1.656092 1.700397 4.011693 -4.510934 1.942643 16.805349 -1.542795 0.998973
Car -1 -1 -10 468.000000 184.000000 521.000000 224.000000 1.524049 1.627693 3.859180 -4.916822 2.032201 30.792920 1.577247 0.998799
Car -1 -1 -10 19.000000 213.000000 343.000000 374.000000 1.472678 1.579812 3.610572 -4.239829 1.903995 7.705873 -1.596063 0.997650
Car -1 -1 -10 -1.000000 199.000000 94.000000 368.000000 1.493298 1.612360 3.845551 -4.851247 1.927922 7.984673 -2.177346 0.015308
Cyclist -1 -1 -10 183.000000 205.000000 242.000000 281.000000 1.752168 0.490799 1.357403 -8.008105 1.751026 14.434340 -2.078371 0.029019
Cyclist -1 -1 -10 0.000000 179.000000 76.000000 368.000000 1.699511 0.468909 1.716072 -4.836062 2.233109 6.309650 -2.347582 0.019146
Cyclist -1 -1 -10 160.000000 199.000000 296.000000 292.000000 1.735980 0.602539 1.666823 -3.705130 1.791937 6.570708 -1.421125 0.018792
Cyclist -1 -1 -10 236.000000 185.000000 293.000000 289.000000 1.653834 0.793829 1.778800 -5.891177 1.719541 12.233361 2.269712 0.017666
Cyclist -1 -1 -10 577.000000 174.000000 588.000000 202.000000 1.736643 0.523334 1.723053 -2.232208 2.122657 54.463808 -1.539297 0.015849
