Car -1 -1 -10 660.000000 176.000000 722.000000 223.000000 1.431319 1.635067 4.043781 2.685864 1.590664 24.374203 -1.574953 0.998931
Car -1 -1 -10 -1.000000 172.000000 299.000000 313.000000 1.566172 1.642760 4.164195 -6.477392 1.484326 8.593117 -0.005204 0.985816
Car -1 -1 -10 229.000000 172.000000 448.000000 248.000000 1.563795 1.616742 4.062801 -6.316021 1.595810 16.490921 -0.020070 0.985751
Car -1 -1 -10 385.000000 172.000000 509.000000 216.000000 1.627448 1.683581 4.087117 -5.727355 1.545576 26.347322 0.769564 0.808351
Car -1 -1 -10 730.000000 177.000000 853.000000 249.000000 1.551293 1.614454 3.853229 4.162555 1.619053 16.245680 -0.108741 0.798439
Car -1 -1 -10 458.000000 169.000000 545.000000 201.000000 1.486539 1.575804 4.075759 -6.119410 1.475535 38.458937 -3.053168 0.560040
Car -1 -1 -10 91.000000 182.000000 357.000000 261.000000 1.564248 1.581316 3.946607 -6.623431 1.711455 12.878618 -0.372022 0.319013
Car -1 -1 -10 662.000000 170.000000 700.000000 205.000000 1.557825 1.639581 3.866720 4.980552 1.657728 53.707424 -1.458644 0.128526
Car -1 -1 -10 349.000000 170.000000 460.000000 225.000000 1.542909 1.587575 3.931898 -6.390467 1.479670 22.497983 1.692245 0.102394
Car -1 -1 -10 724.000000 173.000000 807.000000 220.000000 1.610070 1.645185 4.015000 5.998506 1.584884 30.256052 -1.453998 0.077085
Car -1 -1 -10 443.000000 175.000000 511.000000 206.000000 1.539948 1.604964 3.829663 -4.439359 1.404600 29.232795 1.358509 0.071313
Car -1 -1 -10 793.000000 131.000000 1254.000000 372.000000 1.770256 1.607804 3.671030 2.655062 1.377919 5.377589 -1.581713 0.039837
