Car -1 -1 -10 575.000000 177.000000 610.000000 209.000000 1.520340 1.641651 4.008807 -0.843850 1.125605 38.117566 -1.591931 0.999482
Car -1 -1 -10 305.000000 186.000000 446.000000 275.000000 1.453136 1.563868 3.687021 -4.414157 1.490389 14.069927 -1.545291 0.999084
Car -1 -1 -10 281.000000 176.000000 370.000000 236.000000 1.545192 1.627452 3.726151 -8.543149 1.426807 22.281274 -1.607517 0.995603
Car -1 -1 -10 479.000000 182.000000 523.000000 213.000000 1.457961 1.594024 3.816418 -4.832824 1.240598 33.408400 -1.581803 0.995483
Car -1 -1 -10 424.000000 182.000000 495.000000 229.000000 1.463786 1.606725 3.985463 -4.885272 1.375487 24.138508 -1.576877 0.988197
Car -1 -1 -10 0.000000 198.000000 209.000000 296.000000 1.402338 1.602989 3.857207 -8.288485 1.620966 11.931242 -1.603380 0.963499
Car -1 -1 -10 2.000000 249.000000 138.000000 375.000000 1.528946 1.640175 4.010597 -4.047548 1.777652 3.108904 -1.602660 0.727063
Car -1 -1 -10 56.000000 163.000000 219.000000 246.000000 1.984778 1.730129 4.250599 -12.333759 1.515931 19.413929 -1.543560 0.098615
Car -1 -1 -10 888.000000 210.000000 1228.000000 370.000000 1.534593 1.556952 3.694123 2.599632 1.776444 4.272186 -1.544288 0.014722
Car -1 -1 -10 518.000000 167.000000 551.000000 201.000000 1.831791 1.705654 3.729534 -4.906351 0.717914 48.846353 -1.596784 0.013185
