Pedestrian -1 -1 -10 162.000000 173.000000 252.000000 368.000000 1.730578 0.597662 0.863088 -3.380660 1.579326 6.101507 -1.555562 0.998781
Pedestrian -1 -1 -10 856.000000 148.000000 936.000000 323.000000 1.714315 0.515067 0.790526 2.607418 1.446799 6.383338 3.409402 0.988690
Pedestrian -1 -1 -10 904.000000 150.000000 935.000000 228.000000 1.694328 0.629211 0.663088 5.390748 1.042528 12.281723 -1.689167 0.412210
Pedestrian -1 -1 -10 482.000000 168.000000 505.000000 216.000000 1.811066 0.678152 0.936349 -4.232847 1.310710 27.858671 -0.618144 0.176846
Pedestrian -1 -1 -10 471.000000 163.000000 488.000000 215.000000 1.798019 0.516987 0.898257 -4.710415 1.416901 27.682502 0.429854 0.055247
Pedestrian -1 -1 -10 898.000000 156.000000 924.000000 218.000000 1.658818 0.605415 0.760531 5.326127 1.057560 12.307661 -0.622916 0.049922
Pedestrian -1 -1 -10 886.000000 154.000000 929.000000 248.000000 1.723406 0.621036 0.785200 5.411498 1.124600 12.323748 -1.166619 0.043923
Pedestrian -1 -1 -10 888.000000 169.000000 933.000000 211.000000 1.731923 0.547702 0.580426 5.618524 1.430197 13.444920 2.957211 0.018099
Pedestrian -1 -1 -10 547.000000 177.000000 566.000000 216.000000 1.605198 0.761416 0.760038 -1.769552 1.472406 27.444112 -1.255383 0.013718
Pedestrian -1 -1 -10 536.000000 179.000000 555.000000 216.000000 1.685636 0.703733 0.865565 -2.212786 1.462928 27.478929 -3.137943 0.013285
Car -1 -1 -10 678.000000 161.000000 747.000000 221.000000 1.797507 1.634760 3.721448 3.681246 1.221406 24.312719 -1.601780 0.979510
Cyclist -1 -1 -10 678.000000 163.000000 749.000000 222.000000 1.697735 0.394371 1.352771 3.288989 1.812238 21.347305 -1.427855 0.115292
Cyclist -1 -1 -10 709.000000 179.000000 754.000000 232.000000 1.658072 0.532166 1.627162 4.097232 1.383148 22.524064 -1.397522 0.047404
Cyclist -1 -1 -10 482.000000 169.000000 507.000000 216.000000 1.807973 0.429057 1.792764 -4.346089 1.325698 28.111823 -2.114670 0.045822
Cyclist -1 -1 -10 896.000000 152.000000 932.000000 227.000000 1.673131 0.583621 1.656452 5.391296 1.053503 12.589590 -1.209300 0.021959
Cyclist -1 -1 -10 858.000000 147.000000 934.000000 321.000000 1.717380 0.487284 1.629237 2.613824 1.436599 6.510963 -2.094204 0.011418
Cyclist -1 -1 -10 885.000000 171.000000 930.000000 211.000000 1.630736 0.513714 1.585428 8.269746 1.491093 19.061935 -1.161874 0.010711
