Pedestrian -1 -1 -10 706.000000 166.000000 714.000000 210.000000 1.699980 0.556827 0.553151 4.729854 1.362460 34.315285 2.614996 0.077636
Pedestrian -1 -1 -10 811.000000 188.000000 845.000000 257.000000 1.678477 0.547978 0.783245 4.278459 1.904466 14.303498 2.950272 0.039759
Pedestrian -1 -1 -10 709.000000 169.000000 730.000000 224.000000 1.701253 0.525062 0.567869 4.757871 1.233852 29.054788 2.614378 0.022456
Car -1 -1 -10 424.000000 189.000000 523.000000 266.000000 1.494399 1.531624 3.490743 -2.812386 1.840003 15.396016 1.568773 0.999475
Car -1 -1 -10 680.000000 179.000000 784.000000 260.000000 1.574502 1.635312 3.763525 2.493911 1.745992 15.903376 -1.583876 0.999006
Car -1 -1 -10 532.000000 180.000000 570.000000 210.000000 1.589265 1.713018 4.201667 -3.274389 2.029484 40.190661 1.626561 0.998997
Car -1 -1 -10 663.000000 176.000000 719.000000 240.000000 1.472502 1.558975 3.738295 2.346026 1.828825 20.777929 -1.586285 0.971235
Car -1 -1 -10 1068.000000 190.000000 1243.000000 375.000000 1.530902 1.591073 3.841138 3.035255 1.262112 1.515538 1.602103 0.662860
Car -1 -1 -10 655.000000 176.000000 696.000000 228.000000 1.666249 1.625838 3.998708 2.290557 1.715454 25.436873 -1.653067 0.507905
Car -1 -1 -10 640.000000 172.000000 677.000000 210.000000 1.826480 1.664503 3.998226 2.552742 1.868971 39.871285 -1.625028 0.488358
Car -1 -1 -10 1.000000 183.000000 82.000000 368.000000 1.539846 1.588227 3.712711 -3.182083 1.404989 1.480090 -1.591221 0.240663
Car -1 -1 -10 633.000000 176.000000 663.000000 207.000000 1.518183 1.570759 3.719854 2.496893 1.715577 39.764172 -1.630517 0.063231
Cyclist -1 -1 -10 810.000000 186.000000 846.000000 259.000000 1.589878 0.487290 1.599470 4.274501 1.834710 14.225163 1.532994 0.997415
