Pedestrian -1 -1 -10 799.000000 165.000000 809.000000 210.000000 1.687039 0.562728 0.553680 7.035342 1.718149 26.665577 0.820971 0.011440
Car -1 -1 -10 664.000000 176.000000 734.000000 226.000000 1.417901 1.641666 3.954187 2.675269 1.562628 22.444753 -1.567200 0.999601
Car -1 -1 -10 153.000000 175.000000 425.000000 262.000000 1.589286 1.640490 4.011268 -6.126781 1.554124 14.555761 0.003897 0.987448
Car -1 -1 -10 -1.000000 180.000000 289.000000 305.000000 1.475875 1.619640 3.794866 -6.100150 1.569590 9.114682 -3.134388 0.983176
Car -1 -1 -10 729.000000 170.000000 823.000000 217.000000 1.553459 1.636772 3.776737 6.234755 1.519873 27.501339 0.081828 0.895605
Car -1 -1 -10 346.000000 172.000000 505.000000 221.000000 1.504694 1.634998 4.076055 -5.927962 1.557637 23.863106 -0.080760 0.846631
Car -1 -1 -10 443.000000 169.000000 539.000000 202.000000 1.474361 1.585160 4.157599 -6.064063 1.415250 36.513311 -3.055412 0.689726
Car -1 -1 -10 751.000000 176.000000 886.000000 251.000000 1.573664 1.584003 3.789115 3.916221 1.657173 15.909842 -1.403446 0.283298
Car -1 -1 -10 315.000000 170.000000 438.000000 227.000000 1.580912 1.584746 3.799166 -7.061907 1.514969 22.111750 -3.312127 0.163608
Car -1 -1 -10 785.000000 84.000000 1240.000000 368.000000 1.754606 1.738536 4.443854 2.784487 1.361839 4.789927 -1.545041 0.101569
Car -1 -1 -10 435.000000 176.000000 506.000000 207.000000 1.458874 1.549193 3.259678 -4.637367 1.626474 23.133298 0.812636 0.075296
Car -1 -1 -10 254.000000 174.000000 400.000000 233.000000 1.473298 1.565712 3.986521 -7.123215 1.412618 17.475452 -3.159621 0.065742
Car -1 -1 -10 689.000000 169.000000 744.000000 207.000000 1.528736 1.620860 3.825234 5.357530 1.568083 32.070162 -0.780247 0.064764
Car -1 -1 -10 491.000000 168.000000 552.000000 193.000000 1.512670 1.629177 3.829655 -5.676538 1.363287 40.798481 -0.663162 0.051388
Car -1 -1 -10 777.000000 173.000000 835.000000 251.000000 1.535072 1.578871 3.602730 3.614577 1.725077 15.753226 1.873494 0.047711
