Pedestrian -1 -1 -10 872.000000 148.000000 980.000000 370.000000 1.805293 0.617861 0.953339 2.680468 1.532630 5.999664 -1.611081 0.997396
Pedestrian -1 -1 -10 615.000000 165.000000 643.000000 241.000000 1.781003 0.652974 0.983426 0.641909 1.430205 17.412145 3.093252 0.992153
Pedestrian -1 -1 -10 568.000000 166.000000 602.000000 253.000000 1.793698 0.753943 0.967770 -0.395783 1.464623 14.938074 1.548822 0.990118
Pedestrian -1 -1 -10 850.000000 180.000000 881.000000 258.000000 1.748746 0.620616 0.649324 6.354121 1.381955 16.819435 2.844777 0.360228
Pedestrian -1 -1 -10 992.000000 187.000000 1034.000000 279.000000 1.702724 0.527564 0.515183 6.074959 1.468897 10.440312 3.073584 0.243674
Pedestrian -1 -1 -10 755.000000 165.000000 767.000000 208.000000 1.752395 0.687296 0.658131 6.354466 0.913463 28.888046 -1.701225 0.103387
Pedestrian -1 -1 -10 1168.000000 113.000000 1235.000000 371.000000 1.717417 0.596192 0.722553 3.686360 1.148472 4.189234 3.192659 0.082683
Pedestrian -1 -1 -10 875.000000 170.000000 926.000000 272.000000 1.753533 0.627193 0.645520 4.680238 1.848303 12.177950 -0.657439 0.045502
Pedestrian -1 -1 -10 888.000000 178.000000 911.000000 265.000000 1.755622 0.642800 0.679591 6.247763 1.390617 15.108958 -0.701943 0.036512
Pedestrian -1 -1 -10 937.000000 178.000000 976.000000 289.000000 1.770556 0.662969 0.752484 5.088299 1.505271 10.084393 -0.473678 0.025557
Pedestrian -1 -1 -10 896.000000 175.000000 917.000000 247.000000 1.697610 0.526230 0.578076 2.579534 1.502537 6.481839 -1.781393 0.024310
Pedestrian -1 -1 -10 894.000000 157.000000 935.000000 254.000000 1.684643 0.619085 0.657708 2.866218 1.567625 6.720952 -1.836853 0.017584
Pedestrian -1 -1 -10 858.000000 176.000000 905.000000 265.000000 1.735892 0.589007 0.644320 6.379984 1.635593 16.348187 -0.910636 0.014508
Pedestrian -1 -1 -10 909.000000 166.000000 952.000000 253.000000 1.710130 0.528823 0.575374 6.324531 1.261347 13.624801 3.084213 0.011972
Car -1 -1 -10 392.000000 155.000000 558.000000 271.000000 1.896933 1.788177 4.256184 -2.309201 1.416309 14.359490 1.697105 0.952679
Car -1 -1 -10 496.000000 163.000000 585.000000 234.000000 1.820578 1.573988 3.914499 -1.476289 1.332916 20.732247 1.822005 0.084221
Car -1 -1 -10 567.000000 166.000000 604.000000 251.000000 1.677292 1.614725 3.630321 -0.099917 1.347194 15.695186 -2.668464 0.020396
Cyclist -1 -1 -10 1168.000000 113.000000 1235.000000 371.000000 1.741149 0.555324 1.656003 3.841830 1.105059 4.458545 -0.801705 0.024515
Cyclist -1 -1 -10 846.000000 181.000000 886.000000 257.000000 1.775934 0.583858 1.326588 5.395715 1.416807 15.174898 3.017989 0.017838
Cyclist -1 -1 -10 858.000000 176.000000 905.000000 265.000000 1.673513 0.504833 1.518482 5.202507 1.583548 13.854294 0.866425 0.010373
