Car -1 -1 -10 450.000000 179.000000 512.000000 223.000000 1.476107 1.541262 3.581050 -4.684374 1.771852 26.600677 1.630221 0.999420
Car -1 -1 -10 760.000000 182.000000 968.000000 304.000000 1.506001 1.612914 3.730753 3.444182 1.674165 10.778741 -1.587138 0.997370
Car -1 -1 -10 145.000000 193.000000 383.000000 318.000000 1.473479 1.615177 4.002341 -4.933350 1.808577 10.793848 1.563350 0.997217
Car -1 -1 -10 698.000000 177.000000 775.000000 232.000000 1.489696 1.640373 3.968868 3.813577 1.735928 21.956322 -1.574449 0.996719
Car -1 -1 -10 726.000000 179.000000 841.000000 255.000000 1.498664 1.621223 3.805149 3.744063 1.698220 16.396177 -1.552172 0.991154
Car -1 -1 -10 484.000000 178.000000 534.000000 214.000000 1.502181 1.575644 3.743467 -4.482730 1.733072 31.315260 1.642490 0.985343
Car -1 -1 -10 847.000000 191.000000 1250.000000 377.000000 1.436144 1.633921 4.051269 3.456851 1.631858 5.811862 -1.570159 0.973441
Car -1 -1 -10 3.000000 196.000000 227.000000 375.000000 1.432894 1.614832 4.111086 -4.791289 1.859669 5.399574 1.561522 0.937605
Car -1 -1 -10 694.000000 177.000000 745.000000 219.000000 1.542416 1.596292 3.809027 4.128895 1.770177 27.586733 -1.547970 0.493656
Car -1 -1 -10 999.000000 176.000000 1096.000000 216.000000 1.542021 1.638234 3.828003 12.276882 1.230033 20.947842 -0.135306 0.359867
Car -1 -1 -10 1085.000000 172.000000 1240.000000 250.000000 1.605155 1.631074 3.853161 13.427788 1.361834 17.781573 -1.753596 0.247555
