Pedestrian -1 -1 -10 104.000000 164.000000 152.000000 302.000000 1.692380 0.563134 0.496745 -5.098165 1.325017 7.831040 -2.145705 0.911807
Pedestrian -1 -1 -10 157.000000 172.000000 194.000000 292.000000 1.730349 0.536282 0.569408 -8.977313 1.641114 14.646676 2.438683 0.898532
Pedestrian -1 -1 -10 102.000000 174.000000 225.000000 294.000000 1.769826 0.681676 0.645006 -5.034647 1.580725 7.957359 -0.026588 0.161223
Pedestrian -1 -1 -10 128.000000 168.000000 162.000000 299.000000 1.738817 0.553712 0.543523 -8.290703 1.519542 12.581545 2.388377 0.035511
Pedestrian -1 -1 -10 168.000000 181.000000 209.000000 273.000000 1.721890 0.492953 0.629839 -9.062405 2.077268 15.205319 -0.445488 0.027344
Pedestrian -1 -1 -10 13.000000 195.000000 279.000000 357.000000 1.712841 0.620213 0.655990 -2.679889 1.889545 4.147495 0.455984 0.015380
Pedestrian -1 -1 -10 152.000000 188.000000 239.000000 284.000000 1.716999 0.565546 0.660287 -4.913951 1.583098 8.409279 -1.483811 0.010853
Car -1 -1 -10 670.000000 178.000000 785.000000 260.000000 1.486355 1.621503 3.995602 2.204260 1.562176 14.778455 -1.616446 0.998962
Car -1 -1 -10 498.000000 177.000000 547.000000 223.000000 1.588336 1.670308 3.918917 -3.467461 1.875901 28.410718 -1.668834 0.997257
Car -1 -1 -10 634.000000 176.000000 697.000000 221.000000 1.544125 1.633163 4.012024 1.997406 1.696788 27.325052 -1.672677 0.996763
Car -1 -1 -10 -3.000000 195.000000 358.000000 371.000000 1.451166 1.625283 4.078991 -3.494028 1.678155 5.777922 -1.609796 0.995277
Car -1 -1 -10 182.000000 189.000000 327.000000 255.000000 1.483022 1.567043 3.686025 -9.248572 1.949735 18.249105 -3.127338 0.968463
Car -1 -1 -10 620.000000 175.000000 662.000000 207.000000 1.731095 1.690706 4.153748 1.699594 1.874852 44.011960 -1.514514 0.484776
Car -1 -1 -10 531.000000 181.000000 557.000000 208.000000 1.555553 1.652894 3.835698 -3.774539 1.971537 42.104913 -1.637961 0.247035
Car -1 -1 -10 617.000000 174.000000 644.000000 200.000000 1.563653 1.632682 3.901183 1.552880 1.738680 43.979827 -1.633499 0.047529
Car -1 -1 -10 514.000000 180.000000 552.000000 211.000000 1.561379 1.609497 3.713915 -3.228299 1.820003 41.108578 -2.724826 0.040931
Car -1 -1 -10 128.000000 194.000000 328.000000 297.000000 1.494074 1.513761 3.741854 -8.816635 1.989376 18.119709 0.577008 0.019211
Car -1 -1 -10 99.000000 167.000000 149.000000 318.000000 1.460945 1.559909 3.466275 -15.341878 1.845818 22.742712 1.867539 0.010549
Cyclist -1 -1 -10 147.000000 182.000000 210.000000 280.000000 1.725478 0.447575 1.417246 -10.190144 1.476464 17.177749 -1.383937 0.134872
Cyclist -1 -1 -10 169.000000 189.000000 323.000000 264.000000 1.766017 0.751444 1.818532 -8.464809 1.814003 17.602263 -3.259005 0.134668
Cyclist -1 -1 -10 81.000000 182.000000 232.000000 280.000000 1.722285 0.436276 1.404643 -10.901297 1.539311 17.368161 -1.406425 0.064393
Cyclist -1 -1 -10 95.000000 163.000000 163.000000 307.000000 1.725295 0.750830 1.815763 -4.993753 1.192661 7.769131 -2.193034 0.012629
