Car -1 -1 -10 374.000000 190.000000 467.000000 242.000000 1.479990 1.623673 4.040610 -5.878224 2.074515 22.880622 1.626399 0.998476
Car -1 -1 -10 237.000000 196.000000 394.000000 280.000000 1.467075 1.614965 4.027895 -6.029245 2.021460 15.272193 1.550168 0.998344
Car -1 -1 -10 705.000000 176.000000 804.000000 245.000000 1.467345 1.631555 3.966671 3.217497 1.579645 17.166320 -1.574586 0.998220
Car -1 -1 -10 -4.000000 205.000000 273.000000 362.000000 1.460750 1.563872 3.717057 -5.913614 1.997802 9.366471 1.558905 0.996345
Car -1 -1 -10 682.000000 176.000000 757.000000 229.000000 1.557930 1.629234 3.859724 3.130227 1.629496 22.668129 -1.574317 0.986979
Car -1 -1 -10 1011.000000 134.000000 1239.000000 238.000000 1.563858 1.632851 3.999705 9.266516 0.967659 11.205314 3.209594 0.979024
Car -1 -1 -10 660.000000 178.000000 717.000000 213.000000 1.515830 1.595801 3.888420 3.307658 1.708860 32.577657 1.501863 0.959524
Car -1 -1 -10 917.000000 151.000000 1110.000000 222.000000 1.526133 1.590082 3.997456 9.018361 1.081647 16.206896 -0.049996 0.921574
Car -1 -1 -10 430.000000 187.000000 494.000000 228.000000 1.478612 1.588547 3.872348 -5.932447 2.081909 28.951615 1.567964 0.920688
Car -1 -1 -10 844.000000 154.000000 1027.000000 218.000000 1.501659 1.598600 3.978186 8.259401 1.253254 18.871134 3.254793 0.872591
Car -1 -1 -10 481.000000 184.000000 525.000000 214.000000 1.489832 1.625486 3.963818 -5.678148 2.211548 37.886565 1.668124 0.673895
Car -1 -1 -10 652.000000 179.000000 694.000000 206.000000 1.537075 1.618428 3.831219 3.213464 1.675815 37.766745 1.539092 0.480489
