Pedestrian -1 -1 -10 474.000000 157.000000 517.000000 291.000000 1.814484 0.680440 0.891165 -1.515460 1.481784 9.980049 1.492488 0.998679
Pedestrian -1 -1 -10 610.000000 159.000000 640.000000 235.000000 1.756768 0.651098 0.970055 0.432101 1.201272 16.523088 -1.093248 0.998221
Pedestrian -1 -1 -10 430.000000 167.000000 479.000000 296.000000 1.795590 0.706253 0.907252 -2.050693 1.496829 9.657481 1.815538 0.994926
Pedestrian -1 -1 -10 1114.000000 94.000000 1237.000000 367.000000 1.789386 0.690598 1.021721 4.258565 1.206907 5.391649 -1.495892 0.991106
Pedestrian -1 -1 -10 660.000000 162.000000 690.000000 233.000000 1.833121 0.651817 0.878626 1.729362 1.271655 16.976071 2.679934 0.937966
Pedestrian -1 -1 -10 126.000000 229.000000 248.000000 372.000000 1.709469 0.746286 0.699251 -3.068973 2.019366 5.324321 0.549781 0.760729
Pedestrian -1 -1 -10 692.000000 165.000000 714.000000 224.000000 1.760493 0.656538 0.806433 2.701443 1.214433 19.168514 -1.483920 0.729654
Pedestrian -1 -1 -10 0.000000 230.000000 98.000000 367.000000 1.764998 0.769827 0.644319 -3.323134 1.949978 4.107280 -1.183676 0.245497
Pedestrian -1 -1 -10 419.000000 165.000000 442.000000 230.000000 1.734496 0.588741 0.594623 -4.205760 1.264869 17.102418 0.890167 0.223992
Pedestrian -1 -1 -10 673.000000 160.000000 694.000000 222.000000 1.724740 0.478443 0.666258 1.651437 1.483414 15.688762 0.232163 0.121588
Pedestrian -1 -1 -10 255.000000 218.000000 353.000000 363.000000 1.611810 0.635354 0.686432 -2.451705 1.887597 6.008557 0.652042 0.096330
Pedestrian -1 -1 -10 417.000000 165.000000 459.000000 260.000000 1.750910 0.536030 0.594801 -2.816603 1.897683 11.654491 -2.220438 0.088080
Pedestrian -1 -1 -10 3.000000 225.000000 211.000000 371.000000 1.822921 0.797239 0.709996 -2.610208 2.152579 3.849666 1.030096 0.082001
Pedestrian -1 -1 -10 369.000000 192.000000 406.000000 276.000000 1.715873 0.609293 0.669082 -3.822214 1.612737 13.110163 -1.438005 0.073176
Pedestrian -1 -1 -10 1077.000000 138.000000 1106.000000 228.000000 1.742658 0.547886 0.554752 8.239780 1.719776 12.289244 3.557426 0.067338
Pedestrian -1 -1 -10 686.000000 161.000000 707.000000 215.000000 1.712996 0.554835 0.661538 3.092167 0.994499 25.228823 -1.983356 0.049657
Car -1 -1 -10 561.000000 168.000000 593.000000 195.000000 1.545991 1.660526 3.882941 -1.534340 0.769142 44.814111 1.544284 0.997766
Cyclist -1 -1 -10 119.000000 227.000000 250.000000 374.000000 1.687958 0.536815 1.573141 -3.089537 1.902665 5.199434 1.570333 0.376163
Cyclist -1 -1 -10 717.000000 157.000000 754.000000 220.000000 1.721726 0.643380 1.694293 3.685154 0.889251 20.679752 0.671165 0.268424
Cyclist -1 -1 -10 1.000000 221.000000 166.000000 374.000000 1.614926 0.657072 1.651464 -2.985836 1.789653 3.934394 -0.084206 0.164856
Cyclist -1 -1 -10 924.000000 186.000000 1128.000000 369.000000 1.658377 0.710520 1.796553 2.195751 1.721813 4.034905 0.613541 0.100338
Cyclist -1 -1 -10 1038.000000 113.000000 1224.000000 360.000000 1.795904 0.509793 1.721575 4.419274 1.318811 5.465412 -0.852667 0.062356
