Pedestrian -1 -1 -10 18.000000 150.000000 115.000000 352.000000 1.794994 0.688372 1.027132 -5.332292 1.551114 7.102462 -2.395467 0.997020
Pedestrian -1 -1 -10 397.000000 176.000000 424.000000 279.000000 1.749310 0.546905 0.720356 -3.257285 1.703161 12.081476 0.184929 0.992439
Pedestrian -1 -1 -10 476.000000 183.000000 521.000000 286.000000 1.716359 0.638438 1.003811 -1.611427 1.761796 11.125489 1.934179 0.990194
Pedestrian -1 -1 -10 499.000000 173.000000 530.000000 264.000000 1.691413 0.538203 0.588799 -1.925916 1.502312 15.679369 2.018661 0.879436
Pedestrian -1 -1 -10 592.000000 171.000000 611.000000 231.000000 1.768571 0.700487 0.901445 -0.040522 1.445950 21.193333 -1.673064 0.709815
Pedestrian -1 -1 -10 853.000000 169.000000 880.000000 250.000000 1.637590 0.616297 0.829731 5.028367 1.328982 13.701632 -0.703210 0.535462
Pedestrian -1 -1 -10 572.000000 174.000000 589.000000 223.000000 1.766742 0.573663 0.677832 -0.764046 1.465498 25.850791 2.061684 0.084379
Pedestrian -1 -1 -10 618.000000 171.000000 631.000000 211.000000 1.757791 0.613710 0.741491 0.971426 1.395320 33.223955 -2.138825 0.058674
Pedestrian -1 -1 -10 633.000000 170.000000 647.000000 212.000000 1.770654 0.653915 0.669332 1.681589 1.385752 32.280869 -1.533547 0.051499
Pedestrian -1 -1 -10 487.000000 187.000000 516.000000 258.000000 1.690959 0.583112 0.634349 -2.114041 1.463199 15.763505 -1.197010 0.028450
Pedestrian -1 -1 -10 608.000000 170.000000 622.000000 214.000000 1.802609 0.616011 0.731982 0.579857 1.206876 32.134859 -1.511340 0.015454
Pedestrian -1 -1 -10 479.000000 187.000000 507.000000 244.000000 1.719905 0.599706 0.641276 -3.798106 1.221148 23.855949 -2.272474 0.010053
Car -1 -1 -10 866.000000 101.000000 1224.000000 370.000000 1.726585 1.664335 3.920874 2.487928 1.262590 2.937162 -1.563421 0.039529
Cyclist -1 -1 -10 683.000000 165.000000 722.000000 232.000000 1.820524 0.590192 1.869189 2.837051 1.438255 20.500265 1.328460 0.854534
Cyclist -1 -1 -10 474.000000 181.000000 524.000000 289.000000 1.667855 0.495637 1.612482 -1.698857 1.684628 11.218724 2.625906 0.210698
Cyclist -1 -1 -10 393.000000 177.000000 427.000000 273.000000 1.731782 0.604806 1.746924 -3.352248 1.641188 12.549766 -1.392591 0.044590
Cyclist -1 -1 -10 854.000000 169.000000 882.000000 253.000000 1.631819 0.462014 1.606825 5.038402 1.322271 13.901721 -1.622950 0.028355
Cyclist -1 -1 -10 682.000000 166.000000 706.000000 217.000000 1.722121 0.696351 1.759870 3.727158 1.101958 28.172469 -1.466381 0.018178
Cyclist -1 -1 -10 497.000000 175.000000 529.000000 266.000000 1.711904 0.556550 1.660122 -1.949509 1.491440 15.479370 2.084014 0.013072
