Pedestrian -1 -1 -10 1031.000000 148.000000 1128.000000 347.000000 1.709239 0.649065 0.907009 3.953723 1.364280 6.070651 -1.876359 0.990910
Pedestrian -1 -1 -10 535.000000 163.000000 551.000000 201.000000 1.719010 0.607668 0.648518 -2.761235 0.929104 35.810416 -1.125172 0.634257
Pedestrian -1 -1 -10 614.000000 164.000000 624.000000 193.000000 1.815459 0.663366 0.766761 1.066503 0.698392 44.246814 -1.965265 0.553376
Pedestrian -1 -1 -10 621.000000 164.000000 628.000000 193.000000 1.813659 0.720367 0.864167 1.411787 0.727318 46.144207 1.670258 0.525814
Pedestrian -1 -1 -10 604.000000 164.000000 613.000000 190.000000 1.836227 0.685765 0.774960 0.640416 0.469238 55.059288 -1.522971 0.318866
Pedestrian -1 -1 -10 547.000000 163.000000 557.000000 198.000000 1.724413 0.627031 0.635181 -2.362053 0.414331 35.225587 -1.118198 0.316492
Pedestrian -1 -1 -10 580.000000 162.000000 599.000000 203.000000 1.776782 0.730275 0.656864 -0.941617 0.793630 44.697493 -1.108522 0.222072
Pedestrian -1 -1 -10 594.000000 163.000000 603.000000 194.000000 1.723876 0.518617 0.653263 -0.312561 1.429523 15.104828 0.101631 0.153646
Pedestrian -1 -1 -10 630.000000 163.000000 640.000000 193.000000 1.824381 0.644562 0.701338 2.145856 0.750133 45.146015 1.597237 0.128910
Pedestrian -1 -1 -10 1061.000000 153.000000 1083.000000 213.000000 1.735292 0.648931 0.655844 7.453145 0.774000 11.357527 -1.533821 0.064057
Pedestrian -1 -1 -10 779.000000 157.000000 810.000000 226.000000 1.796417 0.678288 0.664456 3.654620 1.278778 13.684413 -1.370336 0.048728
Pedestrian -1 -1 -10 602.000000 163.000000 610.000000 192.000000 1.814509 0.619381 0.750973 0.517429 0.476614 55.075329 -2.090273 0.038549
Pedestrian -1 -1 -10 1055.000000 165.000000 1100.000000 217.000000 1.730184 0.539520 0.563189 8.798312 1.529359 13.467938 3.568660 0.035683
Pedestrian -1 -1 -10 1011.000000 164.000000 1135.000000 264.000000 1.705675 0.541422 0.629191 7.998308 1.400999 12.459439 3.140119 0.034110
Pedestrian -1 -1 -10 440.000000 166.000000 455.000000 214.000000 1.764969 0.615185 0.725669 -5.249240 1.269593 24.442139 0.321901 0.033414
Pedestrian -1 -1 -10 546.000000 167.000000 570.000000 200.000000 1.707138 0.519870 0.594997 -2.388607 0.638819 35.142987 2.426096 0.029559
Pedestrian -1 -1 -10 626.000000 164.000000 635.000000 191.000000 1.854805 0.660471 0.914389 1.784868 0.824447 46.154390 0.153202 0.020963
Pedestrian -1 -1 -10 473.000000 154.000000 493.000000 220.000000 1.781538 0.611138 0.795032 -3.304111 1.035781 19.370804 2.490673 0.013476
Car -1 -1 -10 539.000000 174.000000 604.000000 230.000000 1.496254 1.632549 3.957922 -0.834908 1.274415 20.568715 1.617056 0.999285
Car -1 -1 -10 965.000000 162.000000 1081.000000 218.000000 1.498642 1.541725 3.503583 12.820742 1.705764 21.997939 2.988423 0.697028
Cyclist -1 -1 -10 576.000000 163.000000 601.000000 199.000000 1.714902 0.647300 1.640930 -1.048356 0.498497 44.991567 -1.738468 0.059945
Cyclist -1 -1 -10 1054.000000 160.000000 1091.000000 215.000000 1.672477 0.502241 1.565958 10.703430 1.611314 16.152994 -1.021635 0.033206
Cyclist -1 -1 -10 535.000000 164.000000 552.000000 201.000000 1.698246 0.589308 1.598884 -2.530870 0.413703 35.345321 2.080122 0.021497
Cyclist -1 -1 -10 1011.000000 164.000000 1135.000000 264.000000 1.674533 0.558360 1.604297 11.596345 1.653934 17.462943 -0.987108 0.018386
Cyclist -1 -1 -10 1031.000000 164.000000 1106.000000 221.000000 1.672618 0.629139 1.655334 9.644792 1.104173 14.668854 3.119337 0.017995
Cyclist -1 -1 -10 467.000000 153.000000 490.000000 217.000000 1.800889 0.498301 1.772046 -3.308462 1.013456 18.877577 -1.193956 0.016066
Cyclist -1 -1 -10 585.000000 162.000000 596.000000 199.000000 1.738978 0.663170 1.651810 -1.110328 0.268800 45.441107 -1.770313 0.010422
