Pedestrian -1 -1 -10 155.000000 155.000000 261.000000 369.000000 1.795305 0.658555 0.940192 -3.510814 1.508810 6.324917 1.083954 0.994998
Pedestrian -1 -1 -10 234.000000 155.000000 308.000000 355.000000 1.760803 0.639142 0.964258 -3.258248 1.496627 6.623908 1.656439 0.994127
Pedestrian -1 -1 -10 361.000000 164.000000 388.000000 235.000000 1.777943 0.686881 0.820394 -6.029094 1.389308 18.468777 1.672727 0.963988
Pedestrian -1 -1 -10 519.000000 165.000000 530.000000 196.000000 1.762804 0.608064 0.834198 -4.948876 0.875664 43.166422 1.539513 0.128164
Pedestrian -1 -1 -10 494.000000 162.000000 503.000000 189.000000 1.819189 0.478015 0.684422 -0.566125 1.131366 4.778754 -0.142069 0.064928
Pedestrian -1 -1 -10 492.000000 160.000000 499.000000 189.000000 1.815899 0.478267 0.687108 -0.650781 1.200117 5.263030 -0.145814 0.042482
Pedestrian -1 -1 -10 489.000000 161.000000 495.000000 189.000000 1.719902 0.599704 0.641278 -9.082236 0.382728 55.497577 -2.281416 0.020109
Car -1 -1 -10 581.000000 153.000000 635.000000 213.000000 1.742944 1.655211 3.824660 -0.112485 0.995147 25.978194 -1.662344 0.985154
Cyclist -1 -1 -10 519.000000 165.000000 530.000000 196.000000 1.727941 0.561272 1.787854 -4.962402 0.841159 43.248322 1.502705 0.885986
Cyclist -1 -1 -10 359.000000 166.000000 387.000000 235.000000 1.756894 0.629195 1.705499 -6.150444 1.324226 18.526212 1.892322 0.020741
