Car -1 -1 -10 422.000000 182.000000 508.000000 244.000000 1.579963 1.621639 3.790734 -4.251580 1.940013 21.419469 1.642749 0.999626
Car -1 -1 -10 771.000000 187.000000 958.000000 301.000000 1.458371 1.630594 4.078053 3.824441 1.679187 11.537150 -1.526848 0.999387
Car -1 -1 -10 884.000000 208.000000 1235.000000 374.000000 1.442876 1.600576 3.938882 3.591795 1.735784 5.804103 -1.519659 0.994203
Car -1 -1 -10 695.000000 173.000000 730.000000 208.000000 1.500223 1.657271 3.866110 5.575554 1.729389 39.638717 -1.503124 0.988188
Car -1 -1 -10 471.000000 181.000000 536.000000 229.000000 1.576678 1.633144 3.961314 -3.932326 1.938774 26.628545 1.604805 0.984999
Car -1 -1 -10 509.000000 184.000000 550.000000 220.000000 1.456392 1.622435 3.889809 -3.703599 2.044659 31.453768 -1.528132 0.962770
Car -1 -1 -10 527.000000 182.000000 567.000000 214.000000 1.508878 1.634709 4.032327 -3.261673 2.019512 36.058536 1.638304 0.871243
Car -1 -1 -10 121.000000 190.000000 269.000000 227.000000 1.524392 1.638505 4.079291 -14.673741 2.072788 26.218860 -0.058203 0.080964
Car -1 -1 -10 1183.000000 203.000000 1241.000000 268.000000 1.482977 1.575656 3.742968 10.710546 1.795363 11.584479 2.763665 0.034814
Car -1 -1 -10 1115.000000 204.000000 1240.000000 368.000000 1.427161 1.486746 3.202780 5.469299 1.518717 6.769317 1.600556 0.023378
Car -1 -1 -10 1180.000000 207.000000 1239.000000 353.000000 1.526742 1.471161 3.175429 14.067701 1.859103 17.084758 2.808901 0.017624
