Car -1 -1 -10 665.000000 182.000000 726.000000 229.000000 1.438695 1.592496 3.762961 2.802447 1.876059 24.795843 -1.584315 0.998753
Car -1 -1 -10 781.000000 205.000000 1108.000000 374.000000 1.497339 1.610278 3.694963 2.917293 1.828381 7.251203 -1.586044 0.996825
Car -1 -1 -10 715.000000 185.000000 864.000000 292.000000 1.497828 1.617395 3.758905 2.941278 1.779400 12.717794 -1.574865 0.996601
Car -1 -1 -10 352.000000 180.000000 478.000000 230.000000 1.561699 1.619671 4.092183 -6.597895 1.873854 23.371566 0.071430 0.989628
Car -1 -1 -10 15.000000 160.000000 310.000000 319.000000 1.618023 1.603220 4.068667 -6.223080 1.401821 9.190967 -0.170366 0.988449
Car -1 -1 -10 158.000000 173.000000 417.000000 272.000000 1.507694 1.614524 4.157751 -5.895901 1.597653 14.200093 1.278112 0.986625
Car -1 -1 -10 646.000000 178.000000 687.000000 213.000000 1.582945 1.658318 3.827814 2.768702 1.892686 35.543883 -1.567621 0.937446
Car -1 -1 -10 936.000000 185.000000 1246.000000 376.000000 1.527664 1.640395 3.876734 2.836814 1.497550 2.096880 1.617401 0.931242
Car -1 -1 -10 387.000000 177.000000 511.000000 220.000000 1.637247 1.700602 4.119140 -6.357058 1.704733 28.207950 -3.120032 0.631476
Car -1 -1 -10 1.000000 178.000000 176.000000 366.000000 1.625420 1.672627 3.976485 -6.528173 1.676908 6.348265 -3.201652 0.180066
Car -1 -1 -10 439.000000 181.000000 525.000000 214.000000 1.507930 1.635642 3.923574 -5.884894 1.828351 36.104586 -3.151518 0.159836
