Pedestrian -1 -1 -10 621.000000 140.000000 662.000000 250.000000 1.792374 0.689540 0.901651 0.557303 1.085923 11.498330 1.128789 0.997191
Pedestrian -1 -1 -10 573.000000 140.000000 611.000000 256.000000 1.796242 0.666565 0.927529 -0.260449 1.094209 11.305426 1.042343 0.997141
Pedestrian -1 -1 -10 901.000000 163.000000 1005.000000 367.000000 1.678149 0.522867 0.594573 2.607589 1.551837 5.224520 0.981796 0.996161
Pedestrian -1 -1 -10 544.000000 137.000000 584.000000 262.000000 1.831624 0.650758 0.908692 -0.657370 1.144371 10.828900 0.866489 0.995950
Pedestrian -1 -1 -10 821.000000 174.000000 930.000000 371.000000 1.633180 0.593140 0.713339 1.995802 1.545598 4.939043 0.819945 0.994749
Pedestrian -1 -1 -10 512.000000 143.000000 538.000000 207.000000 1.723094 0.548873 0.678992 -2.262449 0.682420 19.319120 1.407740 0.935862
Pedestrian -1 -1 -10 539.000000 137.000000 560.000000 207.000000 1.793781 0.662401 0.850180 -1.711890 0.611753 19.773915 1.451841 0.847616
Pedestrian -1 -1 -10 614.000000 143.000000 649.000000 224.000000 1.769964 0.624768 0.690228 0.419543 0.890306 12.503281 1.063038 0.745789
Pedestrian -1 -1 -10 479.000000 145.000000 499.000000 207.000000 1.788172 0.631587 0.765593 -3.252869 0.731974 19.488722 0.997236 0.679484
Pedestrian -1 -1 -10 607.000000 144.000000 635.000000 213.000000 1.847353 0.646028 0.820369 0.217317 0.841327 17.762070 -1.591461 0.590015
Pedestrian -1 -1 -10 500.000000 144.000000 520.000000 204.000000 1.755128 0.557685 0.726396 -2.805166 0.712183 20.494563 0.982583 0.578267
Pedestrian -1 -1 -10 649.000000 142.000000 668.000000 199.000000 1.816312 0.715181 0.805728 1.662125 0.558943 21.836334 0.125783 0.563813
Pedestrian -1 -1 -10 272.000000 136.000000 324.000000 256.000000 1.779958 0.672393 0.942952 -5.095245 1.053906 11.587920 1.147454 0.405609
Pedestrian -1 -1 -10 244.000000 134.000000 281.000000 250.000000 1.823019 0.595932 0.855909 -5.837945 1.133526 11.985845 2.170840 0.350595
Pedestrian -1 -1 -10 449.000000 143.000000 471.000000 203.000000 1.827973 0.636572 0.901757 -4.185605 0.766479 20.233398 0.845548 0.341944
Pedestrian -1 -1 -10 528.000000 139.000000 549.000000 199.000000 1.720799 0.592107 0.650131 -1.808575 0.485429 19.702662 1.424488 0.225423
Pedestrian -1 -1 -10 496.000000 143.000000 511.000000 201.000000 1.809089 0.706762 0.741428 -3.673462 0.472186 23.497895 1.928380 0.163428
Pedestrian -1 -1 -10 640.000000 143.000000 663.000000 217.000000 1.763777 0.736405 0.818248 1.584711 0.532717 21.755206 0.192929 0.161007
Pedestrian -1 -1 -10 472.000000 149.000000 490.000000 205.000000 1.771031 0.564966 0.824905 -3.638517 0.851507 20.238004 0.930464 0.122490
Pedestrian -1 -1 -10 401.000000 144.000000 424.000000 202.000000 1.730300 0.649167 0.726256 -5.319322 0.650949 19.477929 1.157223 0.103206
Pedestrian -1 -1 -10 872.000000 179.000000 917.000000 288.000000 1.718538 0.478332 0.628451 2.826748 1.940347 7.457892 3.408286 0.080075
Pedestrian -1 -1 -10 590.000000 140.000000 638.000000 237.000000 1.815728 0.638186 0.868991 0.377762 1.036118 12.490002 1.113695 0.061955
Cyclist -1 -1 -10 269.000000 138.000000 327.000000 260.000000 1.772764 0.668704 1.823488 -5.165343 1.138874 11.611817 -2.593540 0.813709
Cyclist -1 -1 -10 419.000000 149.000000 468.000000 209.000000 1.794599 0.570283 1.758294 -4.752151 0.734725 20.162808 -0.134134 0.466195
Cyclist -1 -1 -10 301.000000 153.000000 368.000000 210.000000 1.712978 0.531420 1.608745 -7.372295 0.970505 19.076875 -1.933583 0.333461
Cyclist -1 -1 -10 444.000000 145.000000 473.000000 207.000000 1.806929 0.559317 1.644086 -4.272947 0.800194 20.482535 0.876388 0.325385
Cyclist -1 -1 -10 332.000000 151.000000 387.000000 201.000000 1.728718 0.464018 1.506865 -3.581444 0.862325 11.421233 -1.202358 0.242299
Cyclist -1 -1 -10 244.000000 135.000000 302.000000 262.000000 1.830019 0.500458 1.757197 -5.542400 1.118650 11.925513 -2.472755 0.210864
Cyclist -1 -1 -10 398.000000 145.000000 431.000000 207.000000 1.726086 0.625590 1.747820 -5.303190 0.636831 19.477748 1.948781 0.189652
Cyclist -1 -1 -10 426.000000 148.000000 450.000000 204.000000 1.746943 0.554227 1.718035 -4.873320 0.738699 20.338017 -1.685446 0.146692
Cyclist -1 -1 -10 365.000000 153.000000 420.000000 206.000000 1.681350 0.523847 1.623782 -6.003594 1.046058 19.433939 -1.903990 0.065341
Cyclist -1 -1 -10 418.000000 144.000000 438.000000 200.000000 1.783439 0.653528 1.768025 -6.069450 0.460500 24.240438 -1.859501 0.041359
Cyclist -1 -1 -10 647.000000 142.000000 669.000000 200.000000 1.836416 0.493002 1.767092 1.689070 0.600755 22.075946 -1.392934 0.032847
Cyclist -1 -1 -10 542.000000 137.000000 569.000000 208.000000 1.833286 0.679510 1.794433 -1.685091 0.637595 20.351530 1.558531 0.010548
Cyclist -1 -1 -10 634.000000 143.000000 665.000000 221.000000 1.712978 0.531420 1.608745 1.377030 0.341656 21.772275 -1.505574 0.010528
