Pedestrian -1 -1 -10 169.000000 152.000000 226.000000 328.000000 1.776228 0.739127 0.790242 -4.618795 1.564066 8.161972 -1.641197 0.953348
Pedestrian -1 -1 -10 244.000000 157.000000 292.000000 299.000000 1.751278 0.804652 0.732812 -5.253884 1.278864 11.097952 2.067589 0.673076
Pedestrian -1 -1 -10 187.000000 163.000000 381.000000 299.000000 1.786056 0.818732 0.692662 -4.905637 1.413230 10.586045 -1.615144 0.234849
Pedestrian -1 -1 -10 275.000000 159.000000 296.000000 278.000000 1.719905 0.599706 0.641276 -5.199503 0.861592 11.428699 -2.545756 0.104699
Pedestrian -1 -1 -10 197.000000 161.000000 289.000000 315.000000 1.792163 0.927105 0.584668 -5.129095 1.345593 10.500243 1.186753 0.076729
Pedestrian -1 -1 -10 258.000000 170.000000 357.000000 258.000000 1.814519 0.748260 0.626634 -8.044380 1.886682 20.349608 -1.684241 0.066211
Pedestrian -1 -1 -10 195.000000 167.000000 232.000000 320.000000 1.768081 0.675685 0.741927 -4.597114 1.487035 8.212134 -2.067296 0.053477
Pedestrian -1 -1 -10 0.000000 181.000000 421.000000 368.000000 1.716272 0.650044 0.775034 -1.896033 1.739529 3.217218 -3.214668 0.036505
Car -1 -1 -10 664.000000 174.000000 756.000000 239.000000 1.478366 1.611289 3.911352 2.415755 1.456788 17.820137 -1.588770 0.998477
Car -1 -1 -10 515.000000 172.000000 557.000000 212.000000 1.586206 1.660557 3.826465 -3.195426 1.676691 31.470357 -1.656531 0.995767
Car -1 -1 -10 639.000000 172.000000 692.000000 212.000000 1.544039 1.638617 3.975938 2.196499 1.549880 30.422301 -1.660091 0.986423
Car -1 -1 -10 202.000000 179.000000 429.000000 311.000000 1.469368 1.662989 3.896887 -3.617201 1.595313 8.609760 -1.627661 0.984351
Car -1 -1 -10 -5.000000 183.000000 410.000000 371.000000 1.582178 1.656063 3.974147 -2.746249 1.690816 4.309828 -1.541347 0.953971
Car -1 -1 -10 904.000000 198.000000 1246.000000 371.000000 1.506347 1.615975 3.808154 2.458557 1.568977 2.131962 -1.578222 0.677741
Car -1 -1 -10 630.000000 173.000000 670.000000 206.000000 1.501407 1.451201 2.898157 1.582309 1.730797 35.071235 -0.779702 0.452837
Car -1 -1 -10 540.000000 175.000000 567.000000 201.000000 1.552384 1.644522 3.860835 -3.677591 1.727994 45.275064 -1.601842 0.291752
Car -1 -1 -10 625.000000 169.000000 658.000000 198.000000 1.722775 1.689548 4.116426 2.350876 1.579123 46.364645 -1.529918 0.054677
Car -1 -1 -10 148.000000 167.000000 306.000000 319.000000 1.560480 1.518293 3.624262 -4.922123 1.349277 10.225038 0.647083 0.028844
Car -1 -1 -10 228.000000 167.000000 335.000000 308.000000 1.511716 1.543487 3.785787 -5.994026 1.138317 10.844329 -3.462527 0.026671
Car -1 -1 -10 276.000000 178.000000 373.000000 234.000000 1.467940 1.522874 3.869375 -9.140995 1.627916 21.929257 -3.126168 0.023344
Cyclist -1 -1 -10 233.000000 167.000000 307.000000 302.000000 1.689173 0.614396 1.772673 -4.993446 1.238710 10.931927 0.472274 0.181326
Cyclist -1 -1 -10 221.000000 174.000000 413.000000 314.000000 1.706780 0.518317 1.744575 -2.835607 1.591574 7.876066 -1.393159 0.119333
Cyclist -1 -1 -10 128.000000 160.000000 275.000000 311.000000 1.693004 0.663949 1.765164 -4.983818 1.252235 8.774471 -2.719555 0.070571
Cyclist -1 -1 -10 895.000000 194.000000 1246.000000 373.000000 1.693199 0.687456 1.735669 2.021562 1.663193 2.661065 -1.658067 0.032138
Cyclist -1 -1 -10 163.000000 152.000000 232.000000 322.000000 1.730392 0.637518 1.813691 -4.960996 1.169641 8.697657 -2.581247 0.031557
Cyclist -1 -1 -10 0.000000 183.000000 417.000000 359.000000 1.779250 0.688154 1.740351 -2.197701 1.655963 4.061899 -1.497522 0.023179
