Pedestrian -1 -1 -10 651.000000 170.000000 665.000000 215.000000 1.759642 0.591416 0.780254 1.773767 1.650411 26.700867 2.516018 0.274355
Pedestrian -1 -1 -10 651.000000 168.000000 682.000000 216.000000 1.777018 0.819648 0.711037 2.005345 1.447945 25.074113 1.600739 0.039649
Pedestrian -1 -1 -10 657.000000 167.000000 668.000000 208.000000 1.775537 0.609342 0.692852 1.781887 1.390852 25.335550 -2.026479 0.017390
Pedestrian -1 -1 -10 663.000000 168.000000 676.000000 216.000000 1.720555 0.635248 0.737281 2.035260 1.394946 25.021940 3.118566 0.016042
Car -1 -1 -10 435.000000 176.000000 531.000000 252.000000 1.588390 1.648324 3.975950 -2.962234 1.646293 17.608519 -1.598964 0.998730
Car -1 -1 -10 266.000000 185.000000 343.000000 226.000000 1.554852 1.609988 3.967340 -12.673254 2.124931 30.433137 1.571777 0.996222
Car -1 -1 -10 586.000000 174.000000 612.000000 200.000000 1.519057 1.609459 3.816625 -0.562682 1.891333 46.644545 -1.575398 0.994374
Car -1 -1 -10 1.000000 192.000000 120.000000 310.000000 1.447267 1.647628 3.997031 -9.654972 1.947181 11.294764 1.547063 0.385826
Car -1 -1 -10 434.000000 176.000000 496.000000 228.000000 1.537201 1.501538 3.275439 -4.571527 1.429145 22.200806 1.376767 0.020829
Cyclist -1 -1 -10 659.000000 164.000000 713.000000 220.000000 1.768011 0.600754 1.824314 2.435509 1.508544 23.703669 -2.528576 0.999356
Cyclist -1 -1 -10 654.000000 168.000000 685.000000 217.000000 1.709597 0.626935 1.869670 1.985243 1.396966 25.064386 1.532246 0.900289
Cyclist -1 -1 -10 650.000000 169.000000 670.000000 216.000000 1.794829 0.567076 1.630658 1.793869 1.469680 25.587840 2.098214 0.385127
Cyclist -1 -1 -10 660.000000 168.000000 672.000000 213.000000 1.711782 0.522210 1.795464 1.882508 1.302817 25.057051 1.583112 0.024625
Cyclist -1 -1 -10 673.000000 165.000000 701.000000 209.000000 1.703580 0.518084 1.686292 2.463244 1.382955 23.504807 -2.376735 0.019465
