Pedestrian -1 -1 -10 542.000000 171.000000 563.000000 227.000000 1.757559 0.592749 0.764481 -1.424136 1.445687 21.319397 2.971023 0.932250
Pedestrian -1 -1 -10 904.000000 205.000000 991.000000 334.000000 1.710264 0.616655 0.726353 3.140361 1.610809 6.510724 -1.762470 0.802686
Pedestrian -1 -1 -10 842.000000 209.000000 914.000000 305.000000 1.658927 0.594274 0.567923 3.756347 1.782272 10.135687 -0.519656 0.274807
Pedestrian -1 -1 -10 866.000000 204.000000 910.000000 282.000000 1.713977 0.546448 0.570459 3.533433 1.809872 9.070842 0.496595 0.129484
Pedestrian -1 -1 -10 1121.000000 198.000000 1235.000000 371.000000 1.708868 0.623808 0.643924 3.166721 1.902260 3.948073 -0.380171 0.047038
Pedestrian -1 -1 -10 855.000000 195.000000 1175.000000 365.000000 1.761001 0.754436 0.940874 2.662264 2.025388 5.344618 0.647019 0.043499
Pedestrian -1 -1 -10 897.000000 206.000000 937.000000 304.000000 1.719905 0.599706 0.641275 4.669748 2.294064 10.905326 -1.708504 0.027995
Pedestrian -1 -1 -10 791.000000 209.000000 856.000000 314.000000 1.749392 0.576643 0.645161 2.455709 2.078423 7.942978 2.862034 0.022122
Pedestrian -1 -1 -10 897.000000 207.000000 965.000000 269.000000 1.804655 0.712905 0.745707 5.520238 1.855249 12.056344 3.378441 0.017094
Car -1 -1 -10 988.000000 213.000000 1239.000000 371.000000 1.497135 1.564224 3.674304 3.375197 1.979773 3.899767 1.619163 0.208875
Car -1 -1 -10 1119.000000 199.000000 1234.000000 381.000000 1.432252 1.570297 3.879560 3.269026 1.804450 3.242444 1.743494 0.030974
Car -1 -1 -10 877.000000 199.000000 1137.000000 367.000000 1.500103 1.506104 3.693749 2.996672 2.120867 4.397760 1.528417 0.011510
Cyclist -1 -1 -10 897.000000 202.000000 1036.000000 363.000000 1.648730 0.568748 1.630457 2.693428 1.893852 5.396648 -1.681538 0.098798
Cyclist -1 -1 -10 898.000000 210.000000 1201.000000 371.000000 1.638990 0.710632 1.770954 2.877812 2.000721 4.965103 1.079119 0.051220
Cyclist -1 -1 -10 1105.000000 202.000000 1236.000000 370.000000 1.644359 0.597102 1.720935 2.919410 1.759672 3.542211 0.746343 0.035156
Cyclist -1 -1 -10 902.000000 211.000000 992.000000 321.000000 1.718160 0.632711 1.598465 2.765412 1.711220 5.521878 0.562361 0.011825
Cyclist -1 -1 -10 895.000000 203.000000 937.000000 288.000000 1.739628 0.423827 1.112410 4.472335 1.809184 10.340929 -0.535187 0.010759
