Pedestrian -1 -1 -10 634.000000 135.000000 672.000000 244.000000 1.790598 0.652430 0.983813 0.785422 1.017622 12.311825 1.221199 0.998382
Pedestrian -1 -1 -10 591.000000 139.000000 631.000000 250.000000 1.803510 0.701682 0.946790 -0.049948 1.108471 12.139141 1.477921 0.998332
Pedestrian -1 -1 -10 1017.000000 131.000000 1125.000000 370.000000 1.656604 0.550591 0.819231 2.571426 1.315764 4.038528 1.061205 0.996442
Pedestrian -1 -1 -10 917.000000 142.000000 1039.000000 370.000000 1.696000 0.657506 0.718901 2.585375 1.391618 4.932816 1.426193 0.994026
Pedestrian -1 -1 -10 1067.000000 130.000000 1167.000000 369.000000 1.771136 0.573552 0.803608 3.456642 1.423414 4.676285 1.127396 0.989722
Pedestrian -1 -1 -10 540.000000 139.000000 575.000000 228.000000 1.837632 0.672949 0.984162 -0.968714 0.979037 14.470976 0.964298 0.984318
Pedestrian -1 -1 -10 499.000000 137.000000 527.000000 224.000000 1.792783 0.629044 0.736985 -2.054840 0.865309 15.317962 1.073616 0.975561
Pedestrian -1 -1 -10 569.000000 142.000000 601.000000 226.000000 1.755302 0.659612 0.633145 -0.509384 0.919175 14.856240 1.427937 0.943518
Pedestrian -1 -1 -10 693.000000 146.000000 711.000000 204.000000 1.838120 0.654182 0.707094 2.970650 0.741325 21.982827 -1.443956 0.877379
Pedestrian -1 -1 -10 478.000000 145.000000 501.000000 221.000000 1.801768 0.709936 0.726739 -2.644481 0.889008 16.440712 0.240481 0.743674
Pedestrian -1 -1 -10 442.000000 143.000000 471.000000 223.000000 1.780554 0.674706 0.787472 -2.986394 0.944308 14.076352 1.341624 0.717543
Pedestrian -1 -1 -10 535.000000 145.000000 556.000000 223.000000 1.781771 0.577749 0.964691 -1.501580 0.844666 16.186107 2.495434 0.716598
Pedestrian -1 -1 -10 526.000000 138.000000 547.000000 204.000000 1.774788 0.552273 0.682590 -2.233064 0.493525 21.166300 0.478488 0.448983
Pedestrian -1 -1 -10 581.000000 141.000000 615.000000 225.000000 1.760747 0.559472 0.733944 -0.399074 0.888141 14.856093 1.040104 0.398675
Pedestrian -1 -1 -10 278.000000 137.000000 308.000000 235.000000 1.748969 0.618789 0.559327 -5.615157 1.445428 13.059888 -1.406786 0.328816
Cyclist -1 -1 -10 435.000000 144.000000 474.000000 230.000000 1.731054 0.567562 1.708065 -3.128867 0.933837 14.128609 1.817739 0.542840
Cyclist -1 -1 -10 276.000000 139.000000 320.000000 227.000000 1.689921 0.536902 1.657033 -6.477811 1.106946 15.369574 -1.964458 0.378025
Cyclist -1 -1 -10 318.000000 149.000000 399.000000 202.000000 1.693571 0.547705 1.601096 -6.243911 1.379764 17.430051 -1.878906 0.176351
Cyclist -1 -1 -10 292.000000 152.000000 354.000000 206.000000 1.695193 0.517027 1.612866 -7.937226 1.127323 19.643142 -1.983229 0.158264
Cyclist -1 -1 -10 358.000000 147.000000 400.000000 198.000000 1.738141 0.657374 1.810405 -7.228418 0.534720 23.031320 -2.394451 0.133931
Cyclist -1 -1 -10 488.000000 139.000000 506.000000 201.000000 1.712978 0.531420 1.608745 -3.196387 0.774989 21.019038 -1.719967 0.057948
Cyclist -1 -1 -10 527.000000 139.000000 558.000000 214.000000 1.705228 0.561402 1.792148 -1.472561 0.833998 16.001609 -2.123416 0.037346
Cyclist -1 -1 -10 589.000000 140.000000 630.000000 239.000000 1.787751 0.529807 1.724839 0.044049 1.113114 12.156996 1.525656 0.020538
Cyclist -1 -1 -10 476.000000 144.000000 503.000000 220.000000 1.808717 0.449147 1.517947 -2.708495 0.870035 16.460624 1.841764 0.018459
Cyclist -1 -1 -10 456.000000 144.000000 488.000000 224.000000 1.752779 0.569649 1.639193 -2.972391 0.843561 16.763365 0.827610 0.015904
