Car -1 -1 -10 357.000000 196.000000 466.000000 273.000000 1.445903 1.595353 3.962227 -4.287389 2.009217 15.657323 1.539655 0.998619
Car -1 -1 -10 743.000000 155.000000 1025.000000 330.000000 1.848131 1.717675 4.133592 3.150973 1.689509 9.460769 -1.677944 0.995233
Car -1 -1 -10 476.000000 181.000000 521.000000 222.000000 1.666080 1.700919 4.019401 -5.553735 2.277916 35.863917 1.528445 0.992042
Car -1 -1 -10 8.000000 191.000000 278.000000 374.000000 1.540907 1.607546 3.809878 -3.537243 1.755974 3.870702 1.586501 0.982589
Car -1 -1 -10 949.000000 194.000000 1234.000000 373.000000 1.505357 1.622358 3.924995 3.271501 1.661130 3.147094 -1.596381 0.975426
Car -1 -1 -10 159.000000 180.000000 404.000000 368.000000 1.676838 1.514085 3.556078 -3.579145 1.856262 8.513519 1.546130 0.921485
Car -1 -1 -10 509.000000 188.000000 534.000000 214.000000 1.540865 1.625333 3.829619 -5.481682 2.578117 43.079563 1.491720 0.186593
Car -1 -1 -10 492.000000 186.000000 527.000000 217.000000 1.549913 1.578030 3.871810 -5.407686 2.139040 35.919157 1.568044 0.042226
Car -1 -1 -10 3.000000 190.000000 222.000000 271.000000 1.533273 1.576411 3.522851 -7.423975 1.345321 10.223930 1.474218 0.014277
Cyclist -1 -1 -10 69.000000 186.000000 199.000000 278.000000 1.676132 0.610487 1.630112 -6.680977 1.396445 9.964424 -1.584940 0.035345
