Car -1 -1 -10 369.000000 188.000000 490.000000 265.000000 1.458451 1.668641 4.149309 -3.951305 1.875181 16.269935 1.540154 0.999286
Car -1 -1 -10 455.000000 186.000000 520.000000 232.000000 1.420999 1.571137 3.805545 -4.247345 1.947891 24.966125 1.560269 0.998075
Car -1 -1 -10 633.000000 177.000000 677.000000 208.000000 1.472990 1.596579 3.978396 2.045569 1.704317 36.648059 -1.608904 0.997051
Car -1 -1 -10 194.000000 201.000000 350.000000 282.000000 1.458511 1.622647 3.931318 -6.903832 2.088855 14.808776 1.585263 0.995664
Car -1 -1 -10 735.000000 162.000000 861.000000 204.000000 1.560160 1.632026 3.931192 8.106151 1.287771 30.193900 -0.196454 0.978020
Car -1 -1 -10 814.000000 157.000000 869.000000 182.000000 1.479482 1.638166 3.600384 2.979805 0.957114 8.720621 0.220068 0.132847
Car -1 -1 -10 891.000000 152.000000 947.000000 177.000000 1.563417 1.616278 3.845774 20.475762 0.283204 48.833680 1.517426 0.060366
Car -1 -1 -10 2.000000 221.000000 95.000000 369.000000 1.484961 1.502458 3.131154 -7.579176 2.391095 9.046830 -3.654687 0.034078
Car -1 -1 -10 416.000000 189.000000 471.000000 224.000000 1.471307 1.582300 3.796606 -6.770411 1.819411 30.958866 1.363517 0.011216
Cyclist -1 -1 -10 2.000000 221.000000 95.000000 369.000000 1.659941 0.738549 1.676646 -7.242205 2.628449 9.579435 2.393538 0.022020
