Car -1 -1 -10 105.000000 186.000000 382.000000 279.000000 1.463938 1.639461 3.923781 -6.399323 1.734731 12.579195 -3.113394 0.995939
Car -1 -1 -10 655.000000 178.000000 692.000000 205.000000 1.475151 1.612674 4.012758 3.342226 1.707030 37.962950 -1.554356 0.993484
Car -1 -1 -10 322.000000 179.000000 505.000000 230.000000 1.513336 1.576674 3.882761 -5.750904 1.685752 22.533451 0.046502 0.972904
Car -1 -1 -10 806.000000 169.000000 1240.000000 373.000000 1.668585 1.647055 3.999652 2.521563 1.688823 4.252913 -1.592496 0.947405
Car -1 -1 -10 -5.000000 197.000000 239.000000 346.000000 1.491567 1.629284 4.132393 -6.573451 1.735122 7.732339 -3.238214 0.894472
Car -1 -1 -10 402.000000 177.000000 515.000000 219.000000 1.512662 1.538240 3.842372 -5.877821 1.743172 27.492577 -3.088148 0.474043
Car -1 -1 -10 213.000000 184.000000 387.000000 249.000000 1.474543 1.598238 3.750153 -6.393621 1.665364 15.965645 -3.406516 0.397152
Car -1 -1 -10 438.000000 170.000000 535.000000 212.000000 1.582729 1.647446 3.952903 -5.041574 1.598448 32.995636 0.238867 0.260562
Car -1 -1 -10 463.000000 173.000000 564.000000 205.000000 1.548611 1.633179 4.010864 -4.998162 1.525307 35.526030 0.806829 0.037553
Car -1 -1 -10 1.000000 196.000000 159.000000 296.000000 1.482207 1.664590 4.062083 -9.963175 1.610838 12.537328 -1.558145 0.034127
Car -1 -1 -10 224.000000 191.000000 305.000000 227.000000 1.515265 1.581015 3.551678 -6.190071 1.763460 12.916008 0.597729 0.020304
