Pedestrian -1 -1 -10 462.000000 171.000000 492.000000 239.000000 1.749422 0.634614 0.821031 -3.054813 1.489843 17.779719 2.482589 0.917761
Pedestrian -1 -1 -10 907.000000 239.000000 1044.000000 371.000000 1.748895 0.673170 0.653605 2.477949 2.013913 4.921382 3.006706 0.745818
Pedestrian -1 -1 -10 986.000000 241.000000 1236.000000 375.000000 1.709784 0.904929 0.534613 2.503145 1.982131 3.735733 -0.573481 0.724524
Pedestrian -1 -1 -10 1006.000000 224.000000 1105.000000 351.000000 1.716068 0.770721 0.657519 2.525912 1.933530 3.925995 -0.501337 0.693095
Pedestrian -1 -1 -10 1117.000000 237.000000 1235.000000 370.000000 1.696752 0.601843 0.717249 2.996084 1.464004 3.846621 -1.528175 0.661271
Pedestrian -1 -1 -10 1029.000000 241.000000 1146.000000 365.000000 1.771679 0.772194 0.672316 2.596883 2.020148 3.897000 -1.409171 0.195704
Car -1 -1 -10 1137.000000 240.000000 1233.000000 371.000000 1.495307 1.580169 3.651877 4.701121 1.385984 5.436481 2.219318 0.011769
Car -1 -1 -10 185.000000 168.000000 354.000000 369.000000 1.614874 1.600639 3.607003 -2.914630 1.436765 4.200103 -1.590180 0.010214
Cyclist -1 -1 -10 183.000000 171.000000 353.000000 371.000000 1.650684 0.587242 1.666178 -2.261443 1.503650 3.953777 1.688094 0.607151
Cyclist -1 -1 -10 996.000000 238.000000 1234.000000 372.000000 1.659563 0.640211 1.742434 2.616016 1.737976 3.603808 -1.947807 0.332442
Cyclist -1 -1 -10 1118.000000 234.000000 1213.000000 370.000000 1.780948 0.566316 1.381972 4.690766 1.554173 6.091337 -0.907279 0.238336
Cyclist -1 -1 -10 891.000000 237.000000 1052.000000 370.000000 1.620919 0.567898 1.717174 2.540909 1.857226 4.662514 1.470452 0.034471
Cyclist -1 -1 -10 1184.000000 235.000000 1238.000000 365.000000 1.769236 0.565596 1.346935 5.189680 1.641184 6.184267 -0.871225 0.020767
Cyclist -1 -1 -10 1007.000000 222.000000 1112.000000 364.000000 1.701823 0.718297 1.827067 2.623694 1.744463 3.552993 0.534264 0.016162
Cyclist -1 -1 -10 367.000000 179.000000 481.000000 274.000000 1.806020 0.611357 1.761552 -3.137798 1.404378 11.680018 -0.183497 0.012399
Cyclist -1 -1 -10 456.000000 171.000000 493.000000 244.000000 1.746953 0.572359 1.723677 -3.177552 1.490348 18.091940 -1.922744 0.010904
