Car -1 -1 -10 698.000000 192.000000 799.000000 264.000000 1.401530 1.568655 3.651071 2.966500 1.569937 15.944859 -1.598158 0.999620
Car -1 -1 -10 31.000000 196.000000 393.000000 375.000000 1.494822 1.614725 3.832214 -3.634207 1.626344 7.358062 -1.557398 0.999590
Car -1 -1 -10 405.000000 184.000000 504.000000 256.000000 1.555531 1.606211 3.667379 -3.741166 1.578925 17.668243 -1.547895 0.999326
Car -1 -1 -10 646.000000 184.000000 692.000000 218.000000 1.477299 1.591783 3.873780 2.869365 1.499748 33.846865 -1.604801 0.998953
Car -1 -1 -10 362.000000 186.000000 428.000000 225.000000 1.487050 1.623995 3.860520 -8.224356 1.505061 28.255162 -1.543404 0.986372
Car -1 -1 -10 229.000000 189.000000 348.000000 235.000000 1.570069 1.624401 3.859488 -11.541738 1.632993 25.411655 0.148007 0.985797
Car -1 -1 -10 468.000000 185.000000 528.000000 232.000000 1.554000 1.651125 4.047089 -3.908715 1.543349 26.137947 -1.553273 0.937676
Car -1 -1 -10 495.000000 186.000000 539.000000 217.000000 1.546820 1.579206 3.668042 -4.609317 1.683377 36.711246 -1.607022 0.291041
Car -1 -1 -10 448.000000 179.000000 483.000000 206.000000 1.561227 1.648182 3.868331 -8.993353 0.782581 45.752331 -1.659952 0.034221
Car -1 -1 -10 445.000000 181.000000 494.000000 224.000000 1.552911 1.543107 3.419358 -8.108711 1.283336 42.847284 1.888288 0.019642
Cyclist -1 -1 -10 232.000000 187.000000 345.000000 234.000000 1.691098 0.556649 1.642989 -7.927607 1.522530 18.350751 -1.275300 0.022195
