Pedestrian -1 -1 -10 327.000000 164.000000 363.000000 266.000000 1.797286 0.678763 0.877442 -4.677238 1.505929 13.171378 -1.376784 0.981031
Pedestrian -1 -1 -10 465.000000 186.000000 497.000000 261.000000 1.755541 0.726889 1.015151 -2.196627 1.689417 13.193860 -3.215714 0.570570
Pedestrian -1 -1 -10 431.000000 189.000000 464.000000 263.000000 1.606970 0.685407 0.822455 -2.845178 1.671421 13.063221 -1.365533 0.324575
Pedestrian -1 -1 -10 1135.000000 124.000000 1177.000000 246.000000 1.721102 0.660238 0.651987 8.610487 0.901047 11.180947 2.806614 0.047620
Pedestrian -1 -1 -10 456.000000 188.000000 484.000000 252.000000 1.782700 0.659547 0.666292 -2.766280 1.615428 15.677692 0.329000 0.037723
Pedestrian -1 -1 -10 987.000000 67.000000 1016.000000 185.000000 1.760580 0.585936 0.608478 6.512389 0.842778 11.861741 3.044158 0.027505
Pedestrian -1 -1 -10 433.000000 190.000000 456.000000 237.000000 1.689258 0.536145 0.614070 -3.103478 1.971624 14.217508 -0.104849 0.015589
Pedestrian -1 -1 -10 451.000000 189.000000 472.000000 259.000000 1.689187 0.520451 0.707432 -2.733857 1.692781 13.866011 0.252011 0.011324
Car -1 -1 -10 737.000000 148.000000 959.000000 310.000000 1.763733 1.629863 3.737494 3.102188 1.462754 9.976714 -1.609526 0.994510
Cyclist -1 -1 -10 1136.000000 211.000000 1235.000000 373.000000 1.694781 0.586044 1.590946 5.423487 2.200665 6.521951 3.261385 0.079247
