Pedestrian -1 -1 -10 936.000000 168.000000 1009.000000 317.000000 1.685684 0.642567 0.911687 4.145579 1.560663 8.073237 -1.525478 0.993334
Pedestrian -1 -1 -10 520.000000 182.000000 537.000000 237.000000 1.737204 0.602012 0.793502 -2.208049 1.739395 21.749233 -1.045654 0.875903
Pedestrian -1 -1 -10 418.000000 176.000000 450.000000 263.000000 1.740160 0.647795 0.762427 -3.214910 1.622017 13.570521 1.794409 0.624845
Pedestrian -1 -1 -10 575.000000 180.000000 596.000000 226.000000 1.761967 0.636241 1.062908 -0.663503 1.792163 28.700150 -2.635429 0.571616
Pedestrian -1 -1 -10 3.000000 184.000000 120.000000 364.000000 1.737912 0.706117 0.725185 -4.859344 1.733338 6.310181 2.446244 0.350711
Pedestrian -1 -1 -10 626.000000 177.000000 643.000000 222.000000 1.718000 0.684040 1.078118 1.349673 1.705750 29.916195 -1.450558 0.303389
Pedestrian -1 -1 -10 685.000000 182.000000 702.000000 225.000000 1.729134 0.605197 0.786927 3.311077 1.752901 25.851323 2.767098 0.268584
Pedestrian -1 -1 -10 657.000000 179.000000 671.000000 212.000000 1.844040 0.659661 0.738415 3.500048 1.737323 40.232807 -1.529487 0.108878
Pedestrian -1 -1 -10 169.000000 198.000000 184.000000 245.000000 1.720490 0.594891 0.685047 -5.825484 1.762906 9.679988 -1.528706 0.063985
Pedestrian -1 -1 -10 -8.000000 183.000000 251.000000 372.000000 1.818812 0.677502 0.890498 -3.383569 2.345907 5.453266 1.070510 0.047741
Pedestrian -1 -1 -10 671.000000 179.000000 680.000000 212.000000 1.832725 0.633274 0.771149 4.063038 1.722499 40.197230 1.294401 0.037051
Pedestrian -1 -1 -10 1.000000 195.000000 65.000000 345.000000 1.681800 0.558909 0.733403 -4.985242 1.544956 6.444447 -0.094377 0.034032
Car -1 -1 -10 -1.000000 181.000000 267.000000 376.000000 1.692886 1.627727 4.061300 -6.576227 1.721041 10.100085 -3.104418 0.019495
Car -1 -1 -10 714.000000 199.000000 772.000000 251.000000 1.526023 1.588986 3.658977 2.939123 1.389945 14.619344 -1.773468 0.015967
Cyclist -1 -1 -10 0.000000 181.000000 224.000000 372.000000 1.698411 0.918536 1.888417 -5.791026 1.640052 8.567151 -0.102217 0.769966
Cyclist -1 -1 -10 574.000000 180.000000 596.000000 227.000000 1.778889 0.573196 1.731933 -0.836103 1.770843 28.853174 -2.530174 0.186111
Cyclist -1 -1 -10 6.000000 187.000000 113.000000 359.000000 1.663364 0.694213 1.672674 -5.253079 1.659204 6.755122 -3.733756 0.042478
