Pedestrian -1 -1 -10 941.000000 158.000000 1064.000000 376.000000 1.718513 0.658374 0.710270 2.443212 1.472002 4.448602 0.541988 0.997182
Pedestrian -1 -1 -10 716.000000 176.000000 775.000000 313.000000 1.699378 0.601877 0.879971 1.702341 1.616798 8.841808 -1.756417 0.994485
Pedestrian -1 -1 -10 767.000000 166.000000 824.000000 339.000000 1.771956 0.569412 0.875726 1.958157 1.573833 7.269590 -1.801168 0.989155
Pedestrian -1 -1 -10 884.000000 167.000000 954.000000 366.000000 1.671184 0.513830 0.754142 2.523029 1.555282 5.857783 -1.644909 0.979834
Pedestrian -1 -1 -10 813.000000 178.000000 867.000000 318.000000 1.766681 0.683085 0.944378 3.037054 1.587434 9.721392 -2.804171 0.936798
Pedestrian -1 -1 -10 862.000000 164.000000 901.000000 290.000000 1.690556 0.555204 0.692294 3.675658 1.358475 9.694857 -1.673821 0.930436
Pedestrian -1 -1 -10 540.000000 161.000000 577.000000 261.000000 1.783186 0.689927 0.988348 -0.929396 1.387584 13.958500 -2.074909 0.929681
Pedestrian -1 -1 -10 665.000000 172.000000 684.000000 222.000000 1.750449 0.592836 0.736505 2.530969 1.360374 24.934363 -1.848074 0.863783
Pedestrian -1 -1 -10 879.000000 163.000000 916.000000 298.000000 1.736069 0.600556 0.729572 3.744464 1.415462 9.663197 -1.321891 0.435379
Pedestrian -1 -1 -10 765.000000 170.000000 798.000000 277.000000 1.659995 0.438340 0.540557 3.012593 1.295034 11.877574 0.820731 0.431752
Pedestrian -1 -1 -10 796.000000 173.000000 850.000000 297.000000 1.795326 0.694713 0.824377 2.970311 1.598582 9.909619 1.489057 0.308495
Pedestrian -1 -1 -10 679.000000 171.000000 698.000000 221.000000 1.745040 0.646886 0.833956 2.967112 1.357035 24.954988 -1.564215 0.261326
Car -1 -1 -10 536.000000 173.000000 591.000000 242.000000 1.542426 1.569982 3.735212 -1.248199 1.828624 22.879072 2.010637 0.403943
Cyclist -1 -1 -10 539.000000 166.000000 579.000000 255.000000 1.797829 0.485808 1.667857 -0.899981 1.430682 14.020246 -1.577202 0.924361
Cyclist -1 -1 -10 543.000000 174.000000 597.000000 229.000000 1.690097 0.661900 1.765484 -1.032727 1.830714 22.066681 2.105507 0.101744
Cyclist -1 -1 -10 918.000000 176.000000 937.000000 239.000000 1.730509 0.573975 1.683999 9.209552 1.340571 20.300409 -1.186688 0.015203
Cyclist -1 -1 -10 764.000000 170.000000 798.000000 275.000000 1.713474 0.688364 1.608529 3.307387 1.214133 12.090607 2.415072 0.012871
Cyclist -1 -1 -10 889.000000 171.000000 930.000000 309.000000 1.702981 0.585703 1.678298 3.937254 1.141855 9.616649 -1.082100 0.010289
