Pedestrian -1 -1 -10 831.000000 157.000000 911.000000 339.000000 1.717137 0.709613 0.852034 2.777787 1.539592 7.659544 -1.712792 0.999155
Pedestrian -1 -1 -10 752.000000 162.000000 818.000000 337.000000 1.765447 0.539058 0.779952 1.825093 1.614160 7.482864 -1.750287 0.997787
Pedestrian -1 -1 -10 1087.000000 140.000000 1166.000000 291.000000 1.770862 0.573112 1.005293 6.430864 1.348980 8.908601 3.380921 0.997681
Pedestrian -1 -1 -10 364.000000 169.000000 408.000000 275.000000 1.777125 0.629165 1.069418 -3.719402 1.592967 12.322085 -2.863962 0.997516
Pedestrian -1 -1 -10 4.000000 173.000000 80.000000 344.000000 1.690494 0.559948 1.044585 -6.052768 1.636827 7.666377 -2.654127 0.984232
Pedestrian -1 -1 -10 999.000000 152.000000 1051.000000 267.000000 1.717560 0.583819 0.627653 6.254657 1.322928 10.641718 3.216637 0.972227
Pedestrian -1 -1 -10 1165.000000 144.000000 1235.000000 280.000000 1.691323 0.556753 0.608541 7.704810 1.296965 9.205275 3.443255 0.933248
Pedestrian -1 -1 -10 655.000000 170.000000 681.000000 241.000000 1.707980 0.646693 0.891774 1.517174 1.393801 16.976639 -2.114743 0.820562
Pedestrian -1 -1 -10 401.000000 173.000000 428.000000 246.000000 1.766387 0.769259 0.631543 -4.438777 1.554215 16.991645 1.263220 0.491744
Pedestrian -1 -1 -10 410.000000 172.000000 456.000000 245.000000 1.729150 0.691895 0.660604 -3.702215 1.617406 16.283426 0.170459 0.045497
Pedestrian -1 -1 -10 431.000000 171.000000 466.000000 246.000000 1.729646 0.590312 0.664921 -3.370040 1.563169 16.305744 0.369164 0.019476
Pedestrian -1 -1 -10 771.000000 166.000000 806.000000 252.000000 1.739622 0.553564 0.596255 4.633572 2.031657 17.564330 0.355375 0.015419
Pedestrian -1 -1 -10 373.000000 176.000000 402.000000 248.000000 1.762577 0.599061 0.807875 -3.643161 1.563875 12.409030 -2.773429 0.010458
Car -1 -1 -10 531.000000 169.000000 565.000000 201.000000 1.543120 1.651352 3.800003 -3.247740 1.089675 42.977839 1.528458 0.310343
Car -1 -1 -10 422.000000 165.000000 493.000000 226.000000 1.795015 1.673584 3.964365 -4.724822 1.319505 24.279438 1.513529 0.092219
Car -1 -1 -10 459.000000 166.000000 512.000000 217.000000 1.776914 1.593730 3.761994 -4.871603 1.239383 30.795395 1.543546 0.075346
Cyclist -1 -1 -10 428.000000 171.000000 467.000000 248.000000 1.702656 0.625204 1.810538 -3.509511 1.542417 16.371180 1.792397 0.595851
Cyclist -1 -1 -10 1189.000000 143.000000 1236.000000 275.000000 1.726930 0.592616 1.802928 7.821298 1.283815 9.202461 2.683819 0.070015
Cyclist -1 -1 -10 420.000000 165.000000 490.000000 230.000000 1.705365 0.680023 1.706760 -4.113216 1.525059 22.780670 2.925670 0.049935
Cyclist -1 -1 -10 655.000000 170.000000 681.000000 242.000000 1.787971 0.574620 1.709975 1.503522 1.453329 17.078097 -1.486185 0.036567
Cyclist -1 -1 -10 402.000000 173.000000 434.000000 247.000000 1.692411 0.586469 1.806865 -4.344130 1.521497 16.943285 1.178335 0.030245
