Pedestrian -1 -1 -10 721.000000 163.000000 739.000000 223.000000 1.816884 0.588943 0.968325 3.887669 1.535165 23.811832 -1.571618 0.737794
Pedestrian -1 -1 -10 49.000000 184.000000 187.000000 379.000000 1.716457 0.690072 0.711181 -3.663115 1.770515 5.372120 1.536565 0.100293
Pedestrian -1 -1 -10 467.000000 180.000000 490.000000 243.000000 1.650916 0.651771 0.680455 -3.595378 1.844186 19.427173 1.443223 0.046730
Pedestrian -1 -1 -10 712.000000 164.000000 732.000000 221.000000 1.756506 0.602310 0.588995 3.790287 1.376963 23.751778 0.184935 0.016980
Pedestrian -1 -1 -10 513.000000 177.000000 519.000000 202.000000 1.792643 0.576400 0.757318 -6.915169 1.920121 52.694918 0.591122 0.012807
Car -1 -1 -10 296.000000 197.000000 431.000000 274.000000 1.489784 1.612378 3.939726 -5.480084 2.076934 16.167283 1.553007 0.999271
Car -1 -1 -10 641.000000 181.000000 678.000000 210.000000 1.522005 1.649387 3.784265 2.576650 1.890169 37.094741 -1.500249 0.991346
Car -1 -1 -10 484.000000 187.000000 526.000000 220.000000 1.501456 1.578139 3.839174 -5.320787 2.201794 35.002218 1.613642 0.243436
Cyclist -1 -1 -10 128.000000 179.000000 330.000000 373.000000 1.760528 0.652062 1.791875 -3.125638 1.660976 5.673143 1.080752 0.999716
Cyclist -1 -1 -10 19.000000 187.000000 213.000000 379.000000 1.637601 0.579018 1.697100 -3.461130 1.685731 5.330956 1.492048 0.999527
Cyclist -1 -1 -10 464.000000 177.000000 495.000000 250.000000 1.725652 0.571396 1.740759 -3.531910 1.925625 19.400324 1.527456 0.999282
Cyclist -1 -1 -10 721.000000 163.000000 741.000000 223.000000 1.842134 0.527276 1.711482 3.878817 1.552932 23.921214 -1.426730 0.671916
Cyclist -1 -1 -10 471.000000 185.000000 506.000000 237.000000 1.689826 0.478606 1.691977 -3.509127 1.803462 19.333015 1.506574 0.052022
