Car -1 -1 -10 136.000000 204.000000 277.000000 265.000000 1.395522 1.575849 3.737785 -9.965068 2.120592 17.404177 -2.480930 0.999613
Car -1 -1 -10 604.000000 181.000000 689.000000 232.000000 1.471079 1.670512 4.075596 0.873282 1.670869 21.277037 1.423013 0.997330
Car -1 -1 -10 530.000000 182.000000 594.000000 229.000000 1.493677 1.605697 3.703791 -1.582117 1.692610 22.100015 1.567421 0.931401
Car -1 -1 -10 291.000000 171.000000 538.000000 295.000000 1.991797 1.751246 4.352106 -3.812585 2.011474 12.912244 -2.476794 0.895002
Car -1 -1 -10 189.000000 184.000000 304.000000 222.000000 1.497378 1.659844 3.992736 -16.441379 1.996159 32.544805 -3.374714 0.398184
Car -1 -1 -10 138.000000 191.000000 224.000000 218.000000 1.534922 1.602362 3.935653 -21.575325 2.516590 36.047146 -0.195232 0.251206
Car -1 -1 -10 -1.000000 195.000000 57.000000 240.000000 1.518878 1.638902 3.829385 -22.185360 2.418571 26.798219 -2.432957 0.104264
Car -1 -1 -10 660.000000 173.000000 786.000000 219.000000 1.503691 1.625363 3.751856 4.092190 1.350712 25.116537 -0.779956 0.057502
Car -1 -1 -10 574.000000 179.000000 637.000000 220.000000 1.528070 1.587876 3.836324 0.225911 1.747382 33.027357 2.172899 0.032708
Car -1 -1 -10 170.000000 189.000000 279.000000 237.000000 1.566782 1.676284 4.220582 -17.083829 2.271251 31.681643 -3.578583 0.024095
Car -1 -1 -10 423.000000 180.000000 531.000000 244.000000 1.452646 1.549326 3.569425 -3.106862 2.128769 19.037307 -2.812486 0.012863
