Pedestrian -1 -1 -10 373.000000 168.000000 387.000000 226.000000 1.715205 0.570931 0.578446 -8.581390 1.333772 27.306233 -1.375704 0.015204
Car -1 -1 -10 637.000000 179.000000 680.000000 215.000000 1.490512 1.625052 3.883631 2.083435 1.828102 32.062348 1.553636 0.999260
Car -1 -1 -10 547.000000 171.000000 579.000000 198.000000 1.759456 1.668424 3.876654 -3.043437 1.717969 50.515257 1.607685 0.999144
Car -1 -1 -10 406.000000 185.000000 521.000000 267.000000 1.468149 1.607670 3.738164 -2.969592 1.758793 15.010673 -1.543136 0.998334
Car -1 -1 -10 80.000000 171.000000 438.000000 374.000000 1.605811 1.698548 4.120607 -3.113998 1.625684 7.234790 1.547713 0.998326
Car -1 -1 -10 634.000000 172.000000 658.000000 199.000000 1.725242 1.637003 3.833444 2.393628 1.679759 50.035515 -1.594589 0.263230
Car -1 -1 -10 483.000000 175.000000 539.000000 200.000000 1.529421 1.702263 4.125656 -6.684155 1.881934 46.218536 -3.227992 0.213981
Cyclist -1 -1 -10 351.000000 176.000000 374.000000 217.000000 1.714894 0.468241 1.270638 -7.335030 1.324198 20.897288 -1.329852 0.032058
Cyclist -1 -1 -10 364.000000 174.000000 390.000000 220.000000 1.679867 0.548404 1.674606 -8.631259 1.310982 27.171186 -2.016572 0.014178
Cyclist -1 -1 -10 346.000000 175.000000 407.000000 225.000000 1.746766 0.561414 1.714532 -8.553350 1.459875 27.318452 0.221899 0.011089
