Pedestrian -1 -1 -10 722.000000 142.000000 787.000000 327.000000 1.799874 0.674650 0.799265 1.463980 1.412965 7.238065 1.708779 0.999362
Pedestrian -1 -1 -10 1014.000000 143.000000 1090.000000 336.000000 1.707407 0.524808 0.799984 4.185669 1.338459 6.697896 1.159895 0.999098
Pedestrian -1 -1 -10 802.000000 144.000000 877.000000 325.000000 1.815286 0.640684 0.689457 2.284979 1.360068 7.090694 1.865435 0.998985
Pedestrian -1 -1 -10 922.000000 144.000000 1010.000000 339.000000 1.683391 0.545564 0.790365 3.343156 1.318066 6.712654 1.415504 0.998473
Pedestrian -1 -1 -10 504.000000 141.000000 559.000000 320.000000 1.774788 0.655529 0.889184 -0.882523 1.355011 7.601191 1.003295 0.995139
Pedestrian -1 -1 -10 583.000000 137.000000 637.000000 300.000000 1.811661 0.671783 0.903953 0.047935 1.272467 8.625880 1.078513 0.992538
Pedestrian -1 -1 -10 666.000000 139.000000 712.000000 281.000000 1.790218 0.671160 0.807165 1.081040 1.268129 9.233804 1.117027 0.989362
Pedestrian -1 -1 -10 639.000000 160.000000 690.000000 293.000000 1.748287 0.659798 0.773615 0.761021 1.335274 9.017733 0.627764 0.987872
Pedestrian -1 -1 -10 556.000000 150.000000 604.000000 304.000000 1.784003 0.672802 0.814900 -0.346946 1.341314 8.411861 0.690579 0.949570
Pedestrian -1 -1 -10 495.000000 141.000000 530.000000 237.000000 1.816204 0.693315 0.943802 -1.794703 0.975597 13.181817 0.945871 0.931237
Pedestrian -1 -1 -10 253.000000 135.000000 290.000000 256.000000 1.817346 0.686495 0.985048 -5.444218 1.096537 11.578135 0.549049 0.707468
Pedestrian -1 -1 -10 1127.000000 137.000000 1223.000000 367.000000 1.662493 0.518848 0.478799 2.205108 1.509208 2.519877 1.287560 0.693045
Pedestrian -1 -1 -10 660.000000 141.000000 692.000000 243.000000 1.678701 0.539706 0.483390 1.402138 0.647995 13.649990 -1.428062 0.632901
Pedestrian -1 -1 -10 888.000000 163.000000 923.000000 238.000000 1.784162 0.632220 0.988212 7.471394 1.392875 17.809454 3.064663 0.623173
Pedestrian -1 -1 -10 613.000000 139.000000 639.000000 207.000000 1.712911 0.530728 0.573021 0.490910 1.261306 13.576607 0.674646 0.413681
Pedestrian -1 -1 -10 490.000000 140.000000 503.000000 180.000000 1.872171 0.725615 0.871316 -5.880823 -0.035707 37.637270 1.850863 0.379676
Pedestrian -1 -1 -10 570.000000 147.000000 604.000000 240.000000 1.731420 0.567613 0.596954 -0.467377 0.949470 13.367650 2.537899 0.292937
Pedestrian -1 -1 -10 496.000000 141.000000 514.000000 203.000000 1.752682 0.466646 0.689012 -1.619238 1.178338 11.430378 -0.043844 0.268748
Pedestrian -1 -1 -10 551.000000 146.000000 567.000000 197.000000 1.818351 0.582814 0.679939 -1.899863 0.570804 28.761570 0.538579 0.122805
Cyclist -1 -1 -10 296.000000 144.000000 338.000000 218.000000 1.716182 0.520534 1.692627 -7.552142 1.068333 18.880470 -1.353989 0.750975
Cyclist -1 -1 -10 249.000000 136.000000 294.000000 256.000000 1.779470 0.564544 1.727566 -5.394481 1.131483 11.651526 0.462311 0.363139
Cyclist -1 -1 -10 493.000000 139.000000 530.000000 237.000000 1.823886 0.674827 1.716168 -1.816112 1.041961 13.468458 0.944837 0.303059
Cyclist -1 -1 -10 304.000000 152.000000 367.000000 210.000000 1.718121 0.430968 1.439232 -5.927603 1.103096 16.029646 -1.218931 0.270059
Cyclist -1 -1 -10 328.000000 153.000000 389.000000 202.000000 1.688009 0.440423 1.314740 -6.809572 1.218691 19.484157 -1.282770 0.212353
Cyclist -1 -1 -10 550.000000 146.000000 567.000000 198.000000 1.789895 0.501746 1.744432 -1.976463 0.450322 28.623023 -1.087751 0.156411
Cyclist -1 -1 -10 258.000000 144.000000 353.000000 228.000000 1.767460 0.695168 1.458264 -6.870904 1.342566 16.008175 0.087750 0.138232
Cyclist -1 -1 -10 570.000000 144.000000 600.000000 208.000000 1.712978 0.531420 1.608745 -1.387166 0.291053 31.962413 -1.596713 0.099183
Cyclist -1 -1 -10 498.000000 145.000000 546.000000 277.000000 1.712978 0.531420 1.608745 -1.022036 0.779366 7.934017 -1.685264 0.074232
Cyclist -1 -1 -10 348.000000 150.000000 381.000000 193.000000 1.731277 0.599597 1.793104 -11.969160 0.106555 34.548931 1.722243 0.059284
Cyclist -1 -1 -10 569.000000 146.000000 605.000000 261.000000 1.709534 0.478667 1.549666 -0.320322 1.527184 9.224919 -1.502109 0.057976
Cyclist -1 -1 -10 512.000000 143.000000 544.000000 206.000000 1.682959 0.485244 1.555056 -2.452356 1.663638 22.978368 -1.718161 0.050588
Cyclist -1 -1 -10 604.000000 139.000000 637.000000 208.000000 1.693169 0.599398 1.692243 0.169166 0.718645 13.781820 -1.447064 0.020329
Cyclist -1 -1 -10 553.000000 148.000000 612.000000 301.000000 1.774238 0.521212 1.678273 -0.150945 1.345135 8.553340 -1.018592 0.019002
Cyclist -1 -1 -10 492.000000 139.000000 509.000000 188.000000 1.711019 0.449086 1.696300 -5.608549 -0.279532 36.719376 -2.357091 0.015487
Cyclist -1 -1 -10 662.000000 144.000000 705.000000 248.000000 1.679802 0.575622 1.653047 1.405311 0.631065 13.837352 2.195181 0.014445
Cyclist -1 -1 -10 496.000000 141.000000 514.000000 203.000000 1.639796 0.547299 1.589516 -2.675550 1.362631 19.600534 -1.681887 0.013301
Cyclist -1 -1 -10 1135.000000 136.000000 1222.000000 372.000000 1.704250 0.695188 1.733840 2.354953 1.357742 2.558558 3.338258 0.010880
