Pedestrian -1 -1 -10 1003.000000 159.000000 1038.000000 241.000000 1.771624 0.690939 0.925988 8.545660 1.439509 14.991552 -1.588472 0.815887
Pedestrian -1 -1 -10 957.000000 158.000000 1003.000000 245.000000 1.710462 0.603601 0.747511 7.688080 1.670333 15.022955 -1.542610 0.066996
Pedestrian -1 -1 -10 964.000000 162.000000 988.000000 226.000000 1.791909 0.695509 0.664883 7.653674 1.358097 15.085290 0.547329 0.021323
Car -1 -1 -10 1003.000000 162.000000 1038.000000 240.000000 1.772146 1.645382 4.011800 9.550161 1.710835 15.404761 -0.997435 0.016173
Car -1 -1 -10 908.000000 172.000000 973.000000 206.000000 1.526652 1.504726 3.196968 21.099052 2.121146 47.302219 1.953700 0.013301
Cyclist -1 -1 -10 918.000000 159.000000 994.000000 262.000000 1.749704 0.508398 1.748330 5.874244 1.467879 12.422112 -1.525904 0.999681
Cyclist -1 -1 -10 954.000000 159.000000 1005.000000 254.000000 1.825484 0.608214 1.662185 6.214056 1.414845 12.910762 3.088425 0.959929
Cyclist -1 -1 -10 997.000000 161.000000 1046.000000 240.000000 1.809414 0.556110 1.718247 8.520233 1.494566 15.165062 -1.112031 0.883015
Cyclist -1 -1 -10 778.000000 168.000000 797.000000 210.000000 1.689882 0.467731 1.648085 7.108040 1.540025 29.224389 -1.529111 0.877053
Cyclist -1 -1 -10 949.000000 162.000000 990.000000 212.000000 1.702717 0.531660 1.654921 7.598330 1.219429 15.519866 -0.569538 0.144478
Cyclist -1 -1 -10 908.000000 172.000000 970.000000 208.000000 1.674309 0.516754 1.630141 19.263510 2.155907 44.072384 -0.369227 0.138898
Cyclist -1 -1 -10 975.000000 167.000000 1023.000000 231.000000 1.723980 0.531651 1.664335 7.978842 1.182262 15.000670 0.038163 0.066942
Cyclist -1 -1 -10 995.000000 168.000000 1031.000000 218.000000 1.746430 0.498382 1.185897 10.899433 1.895187 19.669581 -0.427918 0.015860
