Pedestrian -1 -1 -10 940.000000 153.000000 989.000000 285.000000 1.698907 0.559365 0.727104 4.445485 1.263553 8.929645 -1.562516 0.991345
Pedestrian -1 -1 -10 595.000000 158.000000 605.000000 193.000000 1.721059 0.575241 0.619691 -0.069845 0.451068 38.976536 1.624171 0.484746
Pedestrian -1 -1 -10 65.000000 162.000000 326.000000 383.000000 1.677522 0.763464 0.579756 -2.152062 1.582452 3.641941 1.557465 0.394930
Pedestrian -1 -1 -10 580.000000 158.000000 593.000000 194.000000 1.757855 0.622096 0.656973 -0.850148 0.544615 38.891946 -1.551695 0.291855
Pedestrian -1 -1 -10 658.000000 158.000000 668.000000 185.000000 1.797437 0.685502 0.779848 4.066106 0.302747 47.218393 -1.858586 0.218511
Pedestrian -1 -1 -10 1085.000000 152.000000 1147.000000 281.000000 1.676496 0.537485 0.671155 6.197677 1.110286 8.713453 -0.451795 0.097897
Pedestrian -1 -1 -10 643.000000 157.000000 651.000000 184.000000 1.810860 0.473172 0.676078 0.427452 1.012483 4.606948 0.091683 0.089063
Pedestrian -1 -1 -10 779.000000 152.000000 806.000000 234.000000 1.756534 0.734407 0.930785 4.419289 1.034932 17.170656 -0.979609 0.085378
Pedestrian -1 -1 -10 587.000000 158.000000 602.000000 192.000000 1.733555 0.631950 0.678522 -0.620714 0.733007 39.401878 -1.718517 0.060012
Pedestrian -1 -1 -10 662.000000 157.000000 672.000000 185.000000 1.835819 0.601164 0.996142 4.367175 0.395523 47.406182 -2.608346 0.036863
Pedestrian -1 -1 -10 1064.000000 141.000000 1123.000000 276.000000 1.702808 0.642040 0.700619 6.084529 1.048226 8.868364 3.183691 0.033147
Pedestrian -1 -1 -10 670.000000 158.000000 677.000000 186.000000 1.833478 0.662793 0.856535 4.711236 0.362174 47.810596 -1.552462 0.022762
Pedestrian -1 -1 -10 1110.000000 142.000000 1219.000000 280.000000 1.732421 0.531356 0.634008 5.127687 1.198632 6.579716 1.292136 0.014209
Car -1 -1 -10 612.000000 165.000000 651.000000 197.000000 1.513131 1.642492 3.818493 1.374902 0.937305 34.612008 -1.474108 0.998640
Cyclist -1 -1 -10 40.000000 171.000000 356.000000 372.000000 1.660150 0.597997 1.691762 -2.097637 1.507562 3.555946 1.706562 0.998652
