Pedestrian -1 -1 -10 252.000000 162.000000 303.000000 308.000000 1.662193 0.619393 0.793693 -4.260500 1.606944 9.295609 -2.136088 0.998637
Pedestrian -1 -1 -10 494.000000 158.000000 567.000000 371.000000 1.802898 0.585743 1.080849 -0.698686 1.548205 6.032059 -2.647462 0.996894
Pedestrian -1 -1 -10 348.000000 165.000000 410.000000 329.000000 1.718312 0.554660 0.898954 -2.400512 1.597151 7.639516 -1.920413 0.993916
Pedestrian -1 -1 -10 443.000000 166.000000 488.000000 297.000000 1.781533 0.616240 0.895213 -1.937988 1.584272 9.871117 -1.884633 0.988955
Pedestrian -1 -1 -10 426.000000 163.000000 458.000000 270.000000 1.713090 0.522514 0.635147 -2.917147 1.267504 12.639123 -2.335952 0.916087
Pedestrian -1 -1 -10 351.000000 175.000000 471.000000 270.000000 1.699788 0.545458 0.639806 -3.001724 1.539045 12.718700 2.452605 0.567670
Pedestrian -1 -1 -10 347.000000 167.000000 376.000000 265.000000 1.779268 0.601425 0.901928 -4.440255 1.582939 12.946954 0.130045 0.385588
Pedestrian -1 -1 -10 321.000000 172.000000 347.000000 233.000000 1.735739 0.650383 0.614624 -7.464225 1.195062 19.826927 -1.982448 0.321646
Pedestrian -1 -1 -10 369.000000 178.000000 420.000000 291.000000 1.749470 0.589127 0.806241 -2.511094 1.550636 8.926139 -2.774303 0.196934
Pedestrian -1 -1 -10 264.000000 170.000000 299.000000 239.000000 1.752432 0.513771 0.680399 -5.400841 1.317920 11.691130 -0.305930 0.190404
Pedestrian -1 -1 -10 282.000000 173.000000 301.000000 220.000000 1.704204 0.602681 0.573991 -11.738046 1.435211 27.086785 2.269482 0.176515
Pedestrian -1 -1 -10 350.000000 165.000000 369.000000 230.000000 1.776443 0.695963 0.686347 -6.037445 1.372280 17.948360 -1.946094 0.097725
Pedestrian -1 -1 -10 555.000000 168.000000 570.000000 214.000000 1.776931 0.679222 0.850607 -1.537582 1.176425 28.432781 -1.654428 0.074866
Pedestrian -1 -1 -10 353.000000 168.000000 392.000000 231.000000 1.700797 0.641763 0.652868 -6.312243 1.042150 18.438956 -2.394582 0.059605
Pedestrian -1 -1 -10 539.000000 168.000000 556.000000 223.000000 1.801853 0.621134 0.827479 -2.126487 1.243784 28.290361 -2.129990 0.044007
Car -1 -1 -10 367.000000 177.000000 476.000000 250.000000 1.562828 1.616742 3.934526 -4.265181 1.430393 16.663533 1.329925 0.308192
Car -1 -1 -10 415.000000 173.000000 460.000000 257.000000 1.563421 1.616186 3.987623 -4.098247 1.419751 16.829797 1.449567 0.032477
Car -1 -1 -10 343.000000 172.000000 431.000000 297.000000 1.548014 1.595408 3.720430 -2.786951 1.401833 10.671460 0.893763 0.011904
Cyclist -1 -1 -10 342.000000 170.000000 436.000000 309.000000 1.779835 0.455210 1.629997 -2.582652 1.558897 8.441715 -1.438692 0.208089
Cyclist -1 -1 -10 369.000000 178.000000 420.000000 291.000000 1.745436 0.584576 1.751906 -2.612987 1.489415 9.014279 -1.754091 0.171527
Cyclist -1 -1 -10 363.000000 175.000000 464.000000 257.000000 1.688205 0.621075 1.773166 -3.796373 1.459335 15.211123 1.829752 0.077825
Cyclist -1 -1 -10 423.000000 167.000000 467.000000 267.000000 1.781679 0.609723 1.775538 -3.036275 1.411407 12.782002 -1.802852 0.050637
Cyclist -1 -1 -10 495.000000 164.000000 515.000000 214.000000 1.674996 0.571349 1.695832 -3.897960 1.039128 27.890886 1.378255 0.047656
Cyclist -1 -1 -10 503.000000 170.000000 536.000000 217.000000 1.719530 0.425851 1.578451 -3.630071 1.211995 28.289339 -1.652120 0.042415
Cyclist -1 -1 -10 322.000000 172.000000 348.000000 234.000000 1.747247 0.538533 1.653344 -7.547202 1.026509 20.032194 -1.342191 0.039083
Cyclist -1 -1 -10 345.000000 167.000000 378.000000 245.000000 1.699691 0.538099 1.642745 -4.332573 1.385927 12.684487 -1.787910 0.034493
Cyclist -1 -1 -10 353.000000 173.000000 399.000000 239.000000 1.689570 0.598813 1.686963 -5.890174 1.086359 18.122903 0.752136 0.022642
Cyclist -1 -1 -10 437.000000 168.000000 461.000000 251.000000 1.685528 0.523792 1.598253 -3.829950 0.774578 17.308446 -1.722023 0.020885
Cyclist -1 -1 -10 268.000000 171.000000 301.000000 234.000000 1.668411 0.642136 1.616569 -7.622384 1.265469 17.373669 2.146522 0.020330
Cyclist -1 -1 -10 494.000000 160.000000 560.000000 375.000000 1.776489 0.467511 1.786796 -0.761126 1.574501 6.261896 -1.610576 0.019485
Cyclist -1 -1 -10 377.000000 176.000000 405.000000 244.000000 1.676179 0.489432 1.562984 -6.438291 1.660068 22.190986 -1.891009 0.015379
Cyclist -1 -1 -10 342.000000 172.000000 363.000000 250.000000 1.700428 0.631772 1.716246 -4.438663 1.381055 12.791329 0.714462 0.011817
Cyclist -1 -1 -10 365.000000 169.000000 388.000000 231.000000 1.628854 0.528233 1.627738 -6.843458 0.698639 21.130932 1.218416 0.010847
Cyclist -1 -1 -10 507.000000 174.000000 549.000000 232.000000 1.682808 0.490931 1.554102 -2.019216 1.588530 20.574160 -1.710147 0.010289
