Pedestrian -1 -1 -10 749.000000 154.000000 765.000000 216.000000 1.697024 0.550341 0.574925 2.605993 1.691335 13.787072 -0.803445 0.255266
Pedestrian -1 -1 -10 730.000000 153.000000 748.000000 219.000000 1.800179 0.701401 0.637031 5.072189 1.174276 28.650572 -1.541019 0.196709
Pedestrian -1 -1 -10 728.000000 159.000000 769.000000 214.000000 1.719906 0.599706 0.641275 5.477648 0.670807 28.077864 -1.933813 0.014862
Pedestrian -1 -1 -10 721.000000 166.000000 753.000000 210.000000 1.835557 0.764055 0.743369 5.058119 1.341916 28.236924 -1.130808 0.014677
Car -1 -1 -10 813.000000 180.000000 1250.000000 374.000000 1.455789 1.625636 4.002590 3.245780 1.526321 6.423928 -1.638882 0.999133
Car -1 -1 -10 366.000000 180.000000 456.000000 238.000000 1.572748 1.558190 3.590854 -5.749571 1.779536 21.052945 1.602641 0.998680
Car -1 -1 -10 708.000000 172.000000 825.000000 253.000000 1.468973 1.603150 3.770619 3.083739 1.497733 14.944402 -1.605963 0.998631
Car -1 -1 -10 416.000000 179.000000 484.000000 224.000000 1.474344 1.520821 3.522415 -5.597296 1.769360 26.065907 1.560520 0.986608
Car -1 -1 -10 1.000000 205.000000 208.000000 376.000000 1.497051 1.609824 3.878507 -5.558672 1.968163 6.363397 1.632337 0.940353
Car -1 -1 -10 685.000000 173.000000 757.000000 224.000000 1.510073 1.591912 3.672528 3.163386 1.437789 20.419926 -1.633075 0.919636
Car -1 -1 -10 95.000000 205.000000 158.000000 231.000000 1.493814 1.587140 3.737251 -14.551290 1.997518 20.786816 -3.553908 0.044899
Cyclist -1 -1 -10 746.000000 160.000000 769.000000 212.000000 1.683842 0.667630 1.683216 5.449377 0.996736 28.552542 2.363985 0.040559
Cyclist -1 -1 -10 732.000000 155.000000 760.000000 218.000000 1.661061 0.598797 1.585337 3.718363 1.440536 19.593148 -1.349011 0.015256
Cyclist -1 -1 -10 754.000000 169.000000 780.000000 208.000000 1.677152 0.515602 1.602877 5.886004 1.156107 28.121475 -0.795668 0.014098
Cyclist -1 -1 -10 98.000000 206.000000 156.000000 235.000000 1.760157 0.437627 1.205817 -12.231769 2.024105 18.287474 -1.572396 0.011942
