Pedestrian -1 -1 -10 0.000000 216.000000 56.000000 363.000000 1.724993 0.579141 0.659939 -4.636349 2.118902 5.539315 -0.062917 0.032610
Car -1 -1 -10 746.000000 185.000000 1014.000000 353.000000 1.443244 1.636161 4.033772 2.783273 1.611672 8.558595 -1.591510 0.999474
Car -1 -1 -10 652.000000 173.000000 694.000000 206.000000 1.468536 1.591219 3.699620 2.635941 1.467389 31.526078 -1.562148 0.999108
Car -1 -1 -10 679.000000 166.000000 770.000000 243.000000 1.551628 1.577583 3.633753 2.700328 1.472420 17.626479 -1.621833 0.984956
Car -1 -1 -10 382.000000 169.000000 513.000000 213.000000 1.563068 1.607061 4.018652 -6.126005 1.439205 27.631034 0.169912 0.982668
Car -1 -1 -10 191.000000 174.000000 440.000000 255.000000 1.589383 1.651351 4.057657 -5.920407 1.613319 15.923205 0.159774 0.955601
Car -1 -1 -10 910.000000 171.000000 1260.000000 378.000000 1.560962 1.637383 3.801451 2.756951 1.490825 2.735321 -1.544301 0.936823
Car -1 -1 -10 439.000000 168.000000 520.000000 204.000000 1.491777 1.534696 3.835003 -5.867253 1.199005 31.797263 0.782802 0.381682
Car -1 -1 -10 1.000000 220.000000 59.000000 364.000000 1.501798 1.632642 4.034041 -6.315335 1.537917 5.118516 -2.984406 0.305990
Car -1 -1 -10 285.000000 165.000000 454.000000 230.000000 1.578043 1.619675 4.166603 -6.748210 1.271748 20.710152 -3.349427 0.093930
