Pedestrian -1 -1 -10 700.000000 169.000000 719.000000 225.000000 1.781182 0.701708 0.697144 4.799562 1.674125 34.171694 1.922901 0.025659
Car -1 -1 -10 442.000000 195.000000 531.000000 262.000000 1.479978 1.544889 3.539518 -2.914952 2.015331 17.262151 1.557469 0.999448
Car -1 -1 -10 535.000000 186.000000 571.000000 215.000000 1.519308 1.647475 3.942624 -3.288454 2.330983 41.412991 1.565786 0.999404
Car -1 -1 -10 672.000000 184.000000 764.000000 255.000000 1.584342 1.651358 3.721800 2.460866 1.858085 17.646695 -1.587865 0.998671
Car -1 -1 -10 655.000000 180.000000 717.000000 238.000000 1.512971 1.566752 3.630775 2.279656 2.041112 22.442730 -1.576163 0.968853
Car -1 -1 -10 898.000000 190.000000 1232.000000 373.000000 1.492626 1.599216 3.816797 2.819704 1.502141 3.286833 1.567004 0.961926
Car -1 -1 -10 14.000000 211.000000 306.000000 374.000000 1.477576 1.635716 4.107862 -3.107027 1.552693 2.678189 1.623177 0.922175
Car -1 -1 -10 638.000000 178.000000 673.000000 215.000000 1.833804 1.660920 3.829933 2.608429 2.240932 41.358821 -1.601338 0.688954
Car -1 -1 -10 645.000000 179.000000 691.000000 227.000000 1.654858 1.635369 4.086203 2.218822 1.910641 27.575670 -1.623567 0.592029
Car -1 -1 -10 629.000000 180.000000 657.000000 210.000000 1.564120 1.607182 3.752465 2.702191 2.001400 43.896988 -1.591778 0.042364
Cyclist -1 -1 -10 794.000000 191.000000 830.000000 259.000000 1.617433 0.530983 1.623689 4.315827 1.955677 15.191908 -1.505625 0.997685
