Pedestrian -1 -1 -10 863.000000 181.000000 905.000000 343.000000 1.719154 0.563761 0.571886 2.732113 1.829683 7.281078 2.502377 0.992102
Pedestrian -1 -1 -10 847.000000 182.000000 952.000000 331.000000 1.804040 0.568212 0.907280 2.838556 1.756442 7.385756 0.819401 0.080821
Pedestrian -1 -1 -10 759.000000 184.000000 892.000000 282.000000 1.825517 0.726642 0.830688 3.541267 1.919158 12.975837 1.751736 0.020162
Car -1 -1 -10 721.000000 183.000000 802.000000 242.000000 1.455545 1.592968 3.925838 3.972647 1.769614 19.940629 -1.505287 0.994607
Car -1 -1 -10 555.000000 174.000000 595.000000 205.000000 1.553192 1.630313 3.962566 -1.917700 1.644313 37.781881 1.572424 0.991342
Car -1 -1 -10 759.000000 183.000000 892.000000 278.000000 1.523487 1.634369 3.988171 4.016126 1.793005 13.741219 1.584659 0.988631
Car -1 -1 -10 -1.000000 199.000000 376.000000 375.000000 1.541876 1.578624 3.670701 -2.994121 1.804625 4.827002 1.542563 0.985763
Car -1 -1 -10 877.000000 176.000000 1195.000000 376.000000 1.629838 1.615009 3.755199 3.553965 1.710995 7.192561 -1.592966 0.980068
Car -1 -1 -10 713.000000 179.000000 767.000000 233.000000 1.519169 1.541507 3.568563 4.368886 1.844481 25.071697 -1.563278 0.970170
Car -1 -1 -10 439.000000 160.000000 557.000000 261.000000 1.800196 1.688502 4.229775 -2.447120 1.676861 16.334880 -1.541582 0.957584
Car -1 -1 -10 696.000000 177.000000 739.000000 216.000000 1.559217 1.594448 3.606405 4.641112 1.794786 31.800341 -1.563487 0.692842
Car -1 -1 -10 682.000000 177.000000 723.000000 210.000000 1.520769 1.583282 3.578600 4.488823 1.701682 36.292865 -1.563381 0.231054
Car -1 -1 -10 841.000000 184.000000 989.000000 338.000000 1.604722 1.624713 3.821098 4.219012 1.677136 8.102341 -0.712275 0.101496
Car -1 -1 -10 573.000000 174.000000 602.000000 199.000000 1.524251 1.615021 4.038302 -1.857910 1.578473 37.699245 1.598812 0.084420
Car -1 -1 -10 674.000000 175.000000 709.000000 203.000000 1.565818 1.511205 3.434258 4.372563 1.922624 42.606142 -1.480356 0.024423
