Car -1 -1 -10 666.000000 180.000000 734.000000 231.000000 1.476764 1.613768 4.001795 2.754126 1.732670 22.839294 -1.565074 0.999171
Car -1 -1 -10 875.000000 164.000000 1118.000000 237.000000 1.543636 1.685042 4.165054 8.101813 1.355151 15.619097 3.147608 0.997268
Car -1 -1 -10 12.000000 206.000000 354.000000 374.000000 1.403766 1.588462 3.801204 -3.809139 1.853025 6.925382 1.592512 0.988626
Car -1 -1 -10 265.000000 196.000000 387.000000 270.000000 1.493324 1.606550 3.769175 -6.406540 2.009761 16.079282 1.558538 0.986757
Car -1 -1 -10 470.000000 184.000000 512.000000 213.000000 1.546707 1.628471 4.038548 -6.375499 2.068631 38.610243 1.564305 0.985461
Car -1 -1 -10 385.000000 184.000000 475.000000 236.000000 1.532985 1.607794 3.832274 -6.822330 2.028920 25.735282 -3.231166 0.972549
Car -1 -1 -10 776.000000 163.000000 913.000000 211.000000 1.553194 1.658563 4.149338 8.196696 1.223797 25.022946 3.101898 0.623418
Car -1 -1 -10 1010.000000 151.000000 1112.000000 198.000000 1.536321 1.685998 3.979666 22.395123 0.668986 34.384206 0.063842 0.503404
Car -1 -1 -10 842.000000 160.000000 1011.000000 229.000000 1.631160 1.641513 3.965066 8.018294 1.269265 18.812887 3.091108 0.480221
Car -1 -1 -10 491.000000 184.000000 521.000000 209.000000 1.482766 1.555994 3.758064 -6.185141 2.082780 42.842223 1.591896 0.092051
Car -1 -1 -10 1169.000000 134.000000 1239.000000 187.000000 1.680607 1.632827 3.753551 21.556277 0.416382 25.110081 -1.570962 0.030760
Car -1 -1 -10 1040.000000 149.000000 1152.000000 189.000000 1.604737 1.710448 4.099578 23.033882 0.773864 34.003327 0.161140 0.023119
