Pedestrian -1 -1 -10 712.000000 156.000000 790.000000 346.000000 1.754989 0.709718 0.903352 1.405131 1.508545 7.081200 -1.548095 0.997879
Pedestrian -1 -1 -10 658.000000 164.000000 729.000000 347.000000 1.763095 0.586523 0.952948 0.839303 1.534048 7.045897 -1.887071 0.995329
Pedestrian -1 -1 -10 199.000000 157.000000 273.000000 341.000000 1.723149 0.671287 0.784538 -3.686967 1.509630 7.188401 -2.048594 0.920103
Pedestrian -1 -1 -10 777.000000 159.000000 800.000000 236.000000 1.765931 0.579725 0.834590 4.596651 1.276814 17.771468 -1.876807 0.822399
Pedestrian -1 -1 -10 227.000000 157.000000 360.000000 368.000000 1.733660 0.729812 0.618575 -2.457538 1.515685 5.965154 1.241962 0.163247
Pedestrian -1 -1 -10 873.000000 162.000000 899.000000 243.000000 1.728373 0.592877 0.875684 5.965300 1.360274 15.430124 2.472450 0.076835
Pedestrian -1 -1 -10 711.000000 168.000000 732.000000 250.000000 1.776392 0.683144 0.735438 3.021696 1.437930 18.198106 1.879691 0.057066
Pedestrian -1 -1 -10 692.000000 172.000000 708.000000 221.000000 1.833615 0.711027 0.619395 4.195185 1.810816 30.628357 -1.810529 0.047811
Pedestrian -1 -1 -10 283.000000 173.000000 301.000000 223.000000 1.719905 0.599706 0.641276 -14.736582 0.852062 35.090556 -2.529177 0.033977
Pedestrian -1 -1 -10 823.000000 161.000000 878.000000 277.000000 1.739188 0.621092 0.755937 4.423500 1.304151 12.925813 1.893955 0.022305
Pedestrian -1 -1 -10 794.000000 154.000000 904.000000 342.000000 1.681459 0.724216 0.760156 2.493618 2.077871 7.447737 -0.754608 0.021915
Pedestrian -1 -1 -10 699.000000 165.000000 737.000000 284.000000 1.726803 0.463214 0.670659 2.339419 1.543988 15.243793 0.280190 0.019023
Pedestrian -1 -1 -10 446.000000 172.000000 463.000000 216.000000 1.806001 0.671841 0.935143 -6.426201 1.464937 31.367340 -2.276370 0.016518
Car -1 -1 -10 515.000000 168.000000 565.000000 209.000000 1.805807 1.760700 4.218571 -3.191312 1.204858 38.068652 1.603668 0.036275
Cyclist -1 -1 -10 218.000000 148.000000 370.000000 373.000000 1.763589 0.670871 1.783081 -2.456724 1.541910 5.955022 1.523262 0.997158
Cyclist -1 -1 -10 397.000000 170.000000 453.000000 237.000000 1.690505 0.564441 1.850946 -4.777929 1.432166 19.438812 1.784977 0.995643
Cyclist -1 -1 -10 794.000000 153.000000 905.000000 347.000000 1.660570 0.570370 1.644726 2.421432 1.953070 7.251637 2.437123 0.989376
Cyclist -1 -1 -10 190.000000 156.000000 287.000000 355.000000 1.742244 0.678013 1.786580 -3.737661 1.562043 7.133177 1.726705 0.670014
Cyclist -1 -1 -10 893.000000 187.000000 1128.000000 369.000000 1.716043 0.494636 1.642516 2.962304 1.747613 4.976515 -0.531638 0.330963
Cyclist -1 -1 -10 767.000000 159.000000 798.000000 248.000000 1.783670 0.504947 1.612723 4.351690 1.281596 17.260635 2.794907 0.124320
Cyclist -1 -1 -10 282.000000 172.000000 302.000000 231.000000 1.750174 0.493048 1.622215 -9.108648 1.386797 21.571246 -2.525587 0.048616
Cyclist -1 -1 -10 822.000000 161.000000 879.000000 292.000000 1.720105 0.503253 1.656934 4.565836 1.304283 13.164032 -1.202275 0.043349
Cyclist -1 -1 -10 753.000000 167.000000 797.000000 285.000000 1.721373 0.578324 1.761823 2.345798 1.361171 9.997971 3.219607 0.030651
Cyclist -1 -1 -10 225.000000 183.000000 320.000000 298.000000 1.686275 0.645991 1.751942 -5.074782 1.898468 11.400459 2.193254 0.027022
Cyclist -1 -1 -10 708.000000 156.000000 796.000000 343.000000 1.820838 0.639256 1.756248 1.461594 1.544380 7.063938 1.787780 0.017886
Cyclist -1 -1 -10 692.000000 172.000000 708.000000 221.000000 1.657953 0.511005 1.647625 4.273571 1.537854 30.934059 -1.796037 0.012797
