Car -1 -1 -10 751.000000 175.000000 1227.000000 375.000000 1.576071 1.650093 4.027759 2.527735 1.671766 6.148078 -1.597010 0.990212
Car -1 -1 -10 172.000000 185.000000 396.000000 270.000000 1.460889 1.605300 3.810856 -6.381182 1.760992 14.356609 -3.088717 0.987154
Car -1 -1 -10 351.000000 181.000000 508.000000 227.000000 1.512750 1.532961 3.925178 -5.709918 1.793941 24.210745 0.034828 0.982691
Car -1 -1 -10 -10.000000 193.000000 298.000000 328.000000 1.459754 1.554389 3.849895 -6.210165 1.773031 9.484238 -0.030395 0.978353
Car -1 -1 -10 647.000000 179.000000 683.000000 206.000000 1.478476 1.611556 3.910564 3.125581 1.751621 39.780966 -1.566671 0.975330
Car -1 -1 -10 434.000000 176.000000 532.000000 213.000000 1.602893 1.624800 3.782017 -5.105963 1.806697 34.819118 1.452117 0.346256
Car -1 -1 -10 248.000000 184.000000 409.000000 239.000000 1.445745 1.605734 3.866706 -6.925693 1.691081 17.495276 -3.351967 0.283443
Car -1 -1 -10 101.000000 191.000000 320.000000 279.000000 1.627342 1.698322 4.062770 -7.194229 1.845461 14.307956 -3.221330 0.125907
Car -1 -1 -10 80.000000 223.000000 342.000000 375.000000 1.534690 1.578989 3.640222 -2.671970 1.827979 2.690664 1.646206 0.047547
Car -1 -1 -10 268.000000 187.000000 357.000000 228.000000 1.533273 1.576411 3.522851 -10.422072 1.460196 23.953726 1.686344 0.023070
