Pedestrian -1 -1 -10 65.000000 156.000000 247.000000 376.000000 1.654735 0.682063 0.530418 -3.083754 1.592522 4.977227 1.507660 0.020760
Car -1 -1 -10 737.000000 165.000000 1005.000000 334.000000 1.597928 1.589756 3.438763 2.774770 1.533545 8.550944 -1.740423 0.999179
Car -1 -1 -10 599.000000 165.000000 672.000000 216.000000 1.504753 1.592297 3.668879 0.749486 1.286620 23.396856 -1.757259 0.999178
Car -1 -1 -10 543.000000 159.000000 615.000000 190.000000 1.524621 1.546716 3.844637 -1.617667 0.903491 38.684870 2.483897 0.985623
Car -1 -1 -10 659.000000 158.000000 750.000000 191.000000 1.711097 1.650056 4.079773 4.573517 0.850269 35.129922 -0.755427 0.971992
Car -1 -1 -10 719.000000 158.000000 801.000000 188.000000 1.521863 1.640536 3.892910 7.878758 0.726660 37.992781 -0.725585 0.907400
Car -1 -1 -10 784.000000 156.000000 856.000000 195.000000 1.623215 1.651430 4.171695 11.764991 0.690709 41.250823 2.469256 0.264829
Car -1 -1 -10 643.000000 160.000000 708.000000 188.000000 1.540562 1.625648 3.767398 3.750882 0.895878 35.119843 -0.689867 0.042328
Car -1 -1 -10 894.000000 157.000000 953.000000 184.000000 1.548013 1.675006 4.047816 22.483668 0.523406 50.706229 -0.583179 0.026954
Car -1 -1 -10 882.000000 155.000000 930.000000 189.000000 1.513008 1.630729 3.920682 21.410312 1.284500 50.216752 -0.508662 0.021080
Car -1 -1 -10 805.000000 159.000000 933.000000 203.000000 1.640734 1.716808 4.410836 15.051668 0.780060 42.836808 -0.251258 0.013849
Cyclist -1 -1 -10 49.000000 157.000000 271.000000 376.000000 1.704601 0.595984 1.716861 -3.010323 1.665124 4.944013 1.521197 0.999687
Cyclist -1 -1 -10 783.000000 156.000000 855.000000 197.000000 1.738408 0.655100 1.856559 11.345422 0.907587 40.204452 2.410485 0.216106
Cyclist -1 -1 -10 840.000000 162.000000 950.000000 206.000000 1.770642 0.759070 1.740078 16.076906 0.970784 39.516025 -0.597871 0.063947
Cyclist -1 -1 -10 796.000000 159.000000 888.000000 208.000000 1.765492 0.638998 1.816730 11.869385 0.878933 40.394568 2.436245 0.040573
Cyclist -1 -1 -10 882.000000 155.000000 940.000000 195.000000 1.758045 0.566749 1.647738 17.358896 1.812813 41.657960 0.803113 0.023684
Cyclist -1 -1 -10 895.000000 152.000000 917.000000 197.000000 1.734163 0.474076 1.444452 5.411172 1.222434 12.435132 -0.463755 0.012426
