Car -1 -1 -10 578.000000 172.000000 652.000000 240.000000 1.533584 1.672384 3.601705 0.070386 1.257119 18.646429 -1.584203 0.999471
Car -1 -1 -10 378.000000 179.000000 484.000000 249.000000 1.545612 1.619192 3.632463 -4.331189 1.426360 18.077673 -1.569970 0.999423
Car -1 -1 -10 -10.000000 172.000000 372.000000 376.000000 1.619507 1.662524 3.885572 -3.787698 1.603019 6.841317 -1.579979 0.995126
Car -1 -1 -10 461.000000 181.000000 516.000000 218.000000 1.485541 1.607653 3.844634 -4.835634 1.318078 29.948617 -1.580522 0.994791
Car -1 -1 -10 497.000000 178.000000 538.000000 209.000000 1.561926 1.591467 3.839081 -4.633541 1.179052 37.782364 -1.579204 0.941133
Car -1 -1 -10 253.000000 188.000000 333.000000 234.000000 1.619895 1.575314 3.518895 -8.654632 1.677857 19.309270 -1.579562 0.181528
Car -1 -1 -10 192.000000 182.000000 346.000000 245.000000 1.524746 1.638405 3.789160 -8.744741 1.503216 19.287918 -1.529296 0.056555
Car -1 -1 -10 286.000000 184.000000 352.000000 215.000000 1.636346 1.669721 3.903630 -12.916347 1.554518 33.197286 1.581804 0.055965
Car -1 -1 -10 135.000000 180.000000 362.000000 275.000000 1.464537 1.625203 3.627780 -8.148504 1.564029 16.666489 -0.519295 0.039175
Car -1 -1 -10 418.000000 173.000000 455.000000 198.000000 1.564834 1.674309 3.919537 -12.268595 0.400724 52.652350 -3.257011 0.033143
