Car -1 -1 -10 656.000000 179.000000 712.000000 222.000000 1.429943 1.620299 4.014015 2.634244 1.671774 26.246693 -1.582008 0.998908
Car -1 -1 -10 -10.000000 177.000000 365.000000 296.000000 1.625413 1.645280 4.058139 -6.456960 1.535372 10.455943 -0.022695 0.995280
Car -1 -1 -10 279.000000 179.000000 462.000000 243.000000 1.523840 1.595078 3.915785 -6.170854 1.655971 18.827775 0.049849 0.972842
Car -1 -1 -10 393.000000 176.000000 517.000000 217.000000 1.549843 1.592867 3.965499 -5.791625 1.715498 28.259209 0.219578 0.687500
Car -1 -1 -10 -4.000000 168.000000 192.000000 335.000000 1.596367 1.621079 3.770437 -6.985301 1.675046 7.839202 -3.204082 0.640957
Car -1 -1 -10 150.000000 184.000000 395.000000 259.000000 1.496976 1.570336 3.803183 -5.746881 1.611621 13.698465 -2.634118 0.535974
Car -1 -1 -10 467.000000 173.000000 544.000000 202.000000 1.503572 1.614666 3.972569 -6.081024 1.702675 40.489375 -3.163630 0.410205
Car -1 -1 -10 720.000000 176.000000 820.000000 238.000000 1.541763 1.671020 4.108125 4.327642 1.627199 17.865331 1.381608 0.175443
Car -1 -1 -10 452.000000 178.000000 518.000000 206.000000 1.483927 1.569696 3.712511 -4.113503 1.238073 31.987466 1.303785 0.099596
Car -1 -1 -10 354.000000 174.000000 470.000000 224.000000 1.540870 1.513725 3.557364 -6.831570 1.615862 25.960420 -3.327327 0.066755
Car -1 -1 -10 712.000000 175.000000 779.000000 222.000000 1.568361 1.638637 3.875493 5.885485 1.698492 32.038181 0.115178 0.054231
Car -1 -1 -10 703.000000 176.000000 756.000000 210.000000 1.468617 1.458605 3.148443 6.140255 1.721327 34.660291 -0.702995 0.028874
