Car -1 -1 -10 458.000000 180.000000 512.000000 229.000000 1.499864 1.664200 3.584931 -4.348809 1.387511 25.317563 -1.738219 0.999752
Car -1 -1 -10 556.000000 178.000000 645.000000 248.000000 1.500009 1.662920 3.972480 -0.409449 1.433679 18.854828 -1.737754 0.999252
Car -1 -1 -10 170.000000 186.000000 330.000000 274.000000 1.440147 1.567891 3.924897 -6.913575 1.579803 14.504495 -1.702709 0.997337
Car -1 -1 -10 287.000000 182.000000 377.000000 234.000000 1.518799 1.633348 3.961686 -8.589550 1.486870 22.801763 -1.724832 0.996389
Car -1 -1 -10 370.000000 183.000000 415.000000 215.000000 1.505805 1.644591 4.264738 -10.470792 1.333984 34.983861 -1.742953 0.995628
Car -1 -1 -10 -3.000000 162.000000 144.000000 268.000000 1.518186 1.647850 4.138871 -11.423014 1.133711 14.344235 -1.695076 0.784759
Car -1 -1 -10 2.000000 201.000000 192.000000 362.000000 1.447527 1.628010 3.810227 -6.349298 1.611727 7.939930 -1.716760 0.758328
Car -1 -1 -10 176.000000 184.000000 273.000000 252.000000 1.586161 1.636032 3.860614 -11.899217 1.685022 23.009256 -0.395472 0.330537
Car -1 -1 -10 395.000000 182.000000 428.000000 209.000000 1.494571 1.570146 3.682407 -12.440158 1.570613 41.748628 1.910596 0.147709
Car -1 -1 -10 254.000000 170.000000 320.000000 210.000000 1.511662 1.700728 3.998342 -14.618790 0.818708 32.666736 -1.674589 0.016283
