Pedestrian -1 -1 -10 633.000000 178.000000 654.000000 214.000000 1.781440 0.631341 1.097639 1.852395 1.938361 34.728245 -2.090922 0.058156
Pedestrian -1 -1 -10 475.000000 187.000000 482.000000 217.000000 1.690480 0.599339 0.777864 -6.477965 2.275582 35.360682 -0.017517 0.018701
Car -1 -1 -10 498.000000 185.000000 550.000000 229.000000 1.541165 1.637987 3.886462 -3.327218 2.065050 28.519709 -1.601670 0.999066
Car -1 -1 -10 579.000000 183.000000 606.000000 209.000000 1.568122 1.631382 4.005705 -1.170776 2.250392 46.828796 -1.617944 0.997546
Car -1 -1 -10 337.000000 193.000000 405.000000 231.000000 1.533922 1.690799 4.255966 -10.453821 2.424771 31.892125 1.579922 0.989570
Car -1 -1 -10 402.000000 189.000000 438.000000 214.000000 1.592155 1.655076 3.960028 -13.835047 2.827560 51.625602 1.390105 0.087163
Cyclist -1 -1 -10 637.000000 177.000000 669.000000 214.000000 1.762722 0.605434 1.837943 1.939188 1.875576 34.682919 -2.530778 0.962308
Cyclist -1 -1 -10 631.000000 179.000000 654.000000 213.000000 1.743891 0.549988 1.755848 1.885789 1.852055 34.866813 -2.012761 0.710571
Cyclist -1 -1 -10 629.000000 181.000000 644.000000 210.000000 1.716004 0.579874 1.700902 1.276016 1.862778 36.171345 -1.539443 0.021357
Cyclist -1 -1 -10 644.000000 177.000000 659.000000 213.000000 1.717771 0.511229 1.696375 1.970727 1.826253 34.577536 1.107401 0.015844
