Pedestrian -1 -1 -10 766.000000 170.000000 842.000000 371.000000 1.676707 0.545482 0.801145 1.615368 1.553511 6.157116 -1.654553 0.998786
Pedestrian -1 -1 -10 853.000000 158.000000 949.000000 373.000000 1.783073 0.676440 0.941863 2.489223 1.570781 6.059666 -1.593993 0.997551
Pedestrian -1 -1 -10 640.000000 165.000000 666.000000 255.000000 1.804488 0.602713 0.938116 0.995076 1.571908 14.587745 -2.648912 0.994726
Pedestrian -1 -1 -10 193.000000 164.000000 271.000000 357.000000 1.729602 0.710931 0.891748 -3.549571 1.575590 6.854833 -2.035095 0.986898
Pedestrian -1 -1 -10 1105.000000 153.000000 1170.000000 263.000000 1.791209 0.571557 1.077370 8.329357 1.250713 11.191783 -2.422688 0.960916
Pedestrian -1 -1 -10 725.000000 169.000000 754.000000 243.000000 1.656064 0.676453 0.815633 3.105796 1.312146 16.424255 -1.835017 0.930138
Pedestrian -1 -1 -10 906.000000 157.000000 941.000000 244.000000 1.645483 0.620030 0.526101 6.636875 1.229836 15.018876 2.521923 0.864403
Pedestrian -1 -1 -10 215.000000 178.000000 283.000000 300.000000 1.764256 0.633732 0.777191 -5.010953 1.651211 10.398101 2.241355 0.503334
Pedestrian -1 -1 -10 1126.000000 154.000000 1170.000000 227.000000 1.798195 0.542107 0.762579 10.885176 1.197271 14.007394 3.653034 0.386212
Pedestrian -1 -1 -10 881.000000 163.000000 942.000000 271.000000 1.663522 0.619354 0.568007 6.614027 1.256421 14.985100 2.528498 0.199520
Pedestrian -1 -1 -10 439.000000 177.000000 459.000000 227.000000 1.767801 0.693735 0.905672 -5.564860 1.672315 25.942243 -1.786438 0.157027
Pedestrian -1 -1 -10 1179.000000 148.000000 1214.000000 209.000000 1.739498 0.629179 0.661286 13.087513 0.871993 15.941757 2.224635 0.073081
Pedestrian -1 -1 -10 431.000000 174.000000 448.000000 225.000000 1.809455 0.615872 0.926264 -6.030799 1.644482 26.836065 2.333800 0.041329
Car -1 -1 -10 471.000000 169.000000 534.000000 221.000000 1.894367 1.750692 3.990520 -3.983691 1.450578 28.803629 1.521844 0.611751
Car -1 -1 -10 498.000000 171.000000 555.000000 218.000000 1.629306 1.544693 3.670486 -3.637839 1.164483 28.670913 1.524525 0.064117
Car -1 -1 -10 525.000000 171.000000 560.000000 208.000000 1.475151 1.625958 4.122563 -2.601532 1.044695 29.441568 1.360706 0.010127
Cyclist -1 -1 -10 178.000000 172.000000 302.000000 320.000000 1.734436 0.629770 1.836501 -5.029524 1.649588 10.044282 1.580358 0.977878
Cyclist -1 -1 -10 217.000000 174.000000 273.000000 319.000000 1.708921 0.355655 1.218228 -5.435787 2.064084 10.523622 -2.069211 0.085317
Cyclist -1 -1 -10 898.000000 160.000000 947.000000 252.000000 1.668699 0.546229 1.712891 6.634347 1.188896 14.952362 2.578719 0.057025
Cyclist -1 -1 -10 862.000000 161.000000 941.000000 340.000000 1.688806 0.598344 1.623338 2.416833 1.390197 6.344294 -1.149761 0.019467
Cyclist -1 -1 -10 1111.000000 153.000000 1169.000000 239.000000 1.772194 0.642738 1.736900 9.375310 1.103648 12.486500 3.672316 0.015007
Cyclist -1 -1 -10 1131.000000 148.000000 1170.000000 214.000000 1.769226 0.545390 1.533339 12.266568 0.640250 15.899246 3.686917 0.013613
Cyclist -1 -1 -10 190.000000 191.000000 278.000000 267.000000 1.749047 0.460111 1.598644 -6.939280 1.999030 11.950639 -2.630156 0.010163
