Car -1 -1 -10 242.000000 176.000000 397.000000 270.000000 1.571706 1.653180 3.966636 -6.180459 1.794589 15.681763 1.553562 0.999454
Car -1 -1 -10 527.000000 179.000000 565.000000 204.000000 1.484555 1.626124 3.900844 -3.731888 1.869120 41.560131 1.554740 0.999100
Car -1 -1 -10 813.000000 175.000000 1250.000000 374.000000 1.495022 1.607999 3.890427 2.949530 1.559099 5.524605 -1.605229 0.995953
Car -1 -1 -10 351.000000 179.000000 446.000000 238.000000 1.668788 1.631559 3.871527 -6.342034 1.915832 22.273194 1.580608 0.995164
Car -1 -1 -10 1.000000 211.000000 217.000000 371.000000 1.452995 1.599354 3.898790 -6.093993 1.933530 7.514695 1.594498 0.964491
Car -1 -1 -10 442.000000 183.000000 493.000000 215.000000 1.384971 1.613919 4.224064 -6.575829 1.897239 33.072895 1.582081 0.938290
Car -1 -1 -10 693.000000 166.000000 770.000000 192.000000 1.499195 1.596981 3.844136 8.117276 1.467726 48.109542 -2.413727 0.926997
Car -1 -1 -10 996.000000 153.000000 1200.000000 225.000000 1.527987 1.650965 3.973588 15.256066 0.874739 22.807966 3.692237 0.334371
Car -1 -1 -10 939.000000 159.000000 1233.000000 303.000000 1.485553 1.530269 3.804534 7.413176 1.565818 11.324496 1.564488 0.031891
Cyclist -1 -1 -10 993.000000 151.000000 1195.000000 227.000000 1.700733 0.507765 1.565121 13.798800 1.623335 19.391850 -0.985238 0.015276
Cyclist -1 -1 -10 1.000000 211.000000 217.000000 367.000000 1.771910 0.532281 1.863146 -5.542531 2.012211 7.605048 1.502729 0.010860
