Pedestrian -1 -1 -10 426.000000 184.000000 481.000000 306.000000 1.679343 0.558308 0.602737 -1.996076 1.675701 9.516619 1.871633 0.996146
Pedestrian -1 -1 -10 366.000000 178.000000 400.000000 289.000000 1.751216 0.570157 0.727502 -3.360899 1.668350 10.965413 0.079314 0.994519
Pedestrian -1 -1 -10 871.000000 165.000000 904.000000 257.000000 1.691705 0.651578 0.679724 4.981234 1.372894 12.604710 -0.106110 0.985630
Pedestrian -1 -1 -10 588.000000 173.000000 609.000000 233.000000 1.677334 0.557678 0.871247 -0.197190 1.422060 20.343403 -1.679203 0.957877
Pedestrian -1 -1 -10 493.000000 175.000000 521.000000 261.000000 1.762658 0.618941 0.639405 -1.956691 1.567697 14.469366 1.491890 0.922804
Pedestrian -1 -1 -10 560.000000 172.000000 580.000000 226.000000 1.784951 0.666149 0.845557 -1.113588 1.464848 24.342958 1.983207 0.167242
Pedestrian -1 -1 -10 605.000000 171.000000 619.000000 214.000000 1.760011 0.639695 0.813053 0.432873 1.286988 31.333067 -1.613319 0.053145
Pedestrian -1 -1 -10 613.000000 172.000000 627.000000 213.000000 1.762746 0.619436 0.792786 0.833069 1.509253 32.591989 -1.069368 0.050746
Pedestrian -1 -1 -10 599.000000 171.000000 615.000000 222.000000 1.767038 0.617439 0.580292 0.443647 1.398440 31.311491 -0.874222 0.024456
Pedestrian -1 -1 -10 629.000000 173.000000 643.000000 213.000000 1.789871 0.577164 0.503690 1.481719 1.424027 31.446767 1.665593 0.022792
Car -1 -1 -10 947.000000 68.000000 1231.000000 366.000000 1.636625 1.649610 3.899063 2.403185 1.164082 1.798488 1.596767 0.143580
Car -1 -1 -10 1069.000000 183.000000 1238.000000 342.000000 1.513838 1.597678 3.592272 2.425813 1.290947 3.042931 1.703098 0.026825
Cyclist -1 -1 -10 682.000000 164.000000 726.000000 237.000000 1.722044 0.522035 1.822311 2.625445 1.351232 19.278161 1.273613 0.975313
Cyclist -1 -1 -10 669.000000 168.000000 687.000000 211.000000 1.734996 0.511035 1.719059 3.498585 1.261788 34.584596 2.716652 0.065243
Cyclist -1 -1 -10 361.000000 179.000000 403.000000 284.000000 1.782162 0.644720 1.660420 -3.546882 1.708113 11.915844 -1.394450 0.059660
