Pedestrian -1 -1 -10 386.000000 166.000000 416.000000 242.000000 1.778953 0.586963 0.822341 -5.078622 1.392808 16.735824 -1.487508 0.684595
Pedestrian -1 -1 -10 357.000000 162.000000 384.000000 252.000000 1.759989 0.693691 0.649317 -4.525958 1.474201 13.443167 -1.846907 0.676159
Pedestrian -1 -1 -10 345.000000 166.000000 407.000000 254.000000 1.795435 0.840566 0.673210 -4.920272 1.339252 16.112065 1.323514 0.208815
Pedestrian -1 -1 -10 383.000000 163.000000 403.000000 254.000000 1.720376 0.589877 0.598645 -5.229617 1.062619 17.084259 -0.766456 0.191599
Pedestrian -1 -1 -10 371.000000 170.000000 434.000000 245.000000 1.790762 0.681330 0.947465 -4.874794 1.443720 15.956871 2.266885 0.134769
Pedestrian -1 -1 -10 936.000000 110.000000 996.000000 279.000000 1.740034 0.535717 0.590779 5.612478 1.196407 11.478951 3.011179 0.088379
Pedestrian -1 -1 -10 370.000000 164.000000 389.000000 252.000000 1.704009 0.589109 0.521027 -4.445430 1.344668 13.405589 -2.403946 0.046698
Pedestrian -1 -1 -10 333.000000 179.000000 496.000000 277.000000 1.709376 0.654978 0.856021 -2.120351 1.838774 10.672118 -1.460427 0.012762
Car -1 -1 -10 661.000000 174.000000 721.000000 221.000000 1.424890 1.588739 3.911075 2.618943 1.443848 23.927928 -1.603053 0.999299
Car -1 -1 -10 739.000000 179.000000 997.000000 349.000000 1.518503 1.654108 3.841405 2.586927 1.602662 8.198443 -1.588456 0.998277
Car -1 -1 -10 312.000000 182.000000 511.000000 308.000000 1.489977 1.626155 4.056053 -2.728923 1.625234 10.392682 -1.516056 0.991705
Car -1 -1 -10 540.000000 173.000000 575.000000 205.000000 1.529741 1.590826 3.449952 -2.737569 1.529743 37.324212 -1.648299 0.988333
Car -1 -1 -10 -13.000000 180.000000 424.000000 374.000000 1.529720 1.632578 3.961249 -2.687837 1.674170 5.342900 -1.637440 0.978602
Car -1 -1 -10 855.000000 150.000000 1246.000000 375.000000 1.496757 1.608098 3.761566 2.315124 1.428036 2.894077 -1.586426 0.898847
Car -1 -1 -10 641.000000 173.000000 686.000000 205.000000 1.572478 1.634723 3.921542 2.693048 1.587591 36.561383 -1.640462 0.867427
Car -1 -1 -10 402.000000 181.000000 506.000000 229.000000 1.566761 1.594893 3.849988 -3.491964 1.475766 15.355411 1.681769 0.284297
Car -1 -1 -10 634.000000 172.000000 666.000000 200.000000 1.541094 1.603496 3.874012 2.391931 1.726528 42.499683 -1.572069 0.170836
Car -1 -1 -10 178.000000 184.000000 419.000000 341.000000 1.527132 1.627815 3.961485 -2.650546 1.604302 4.673677 -1.573766 0.043929
Car -1 -1 -10 363.000000 170.000000 484.000000 252.000000 1.541392 1.592856 3.701771 -4.015867 1.319801 15.774905 0.713102 0.024957
Car -1 -1 -10 225.000000 187.000000 382.000000 291.000000 1.478622 1.565178 3.784650 -2.929598 1.336966 10.100144 -1.999394 0.019404
Car -1 -1 -10 9.000000 188.000000 203.000000 345.000000 1.497323 1.643571 3.682885 -5.781498 1.384416 7.523810 -1.597742 0.013798
Cyclist -1 -1 -10 333.000000 180.000000 492.000000 263.000000 1.778034 0.722576 1.824638 -3.306478 1.471945 14.285518 -3.389027 0.049422
Cyclist -1 -1 -10 385.000000 178.000000 489.000000 236.000000 1.716282 0.423431 1.391660 -4.844967 1.461090 20.086340 -1.088682 0.026962
Cyclist -1 -1 -10 383.000000 167.000000 426.000000 242.000000 1.641107 0.474346 1.648705 -4.993263 0.898759 17.210947 -0.825520 0.013291
