Pedestrian -1 -1 -10 900.000000 169.000000 968.000000 301.000000 1.657282 0.624258 0.953888 4.084090 1.514091 8.932277 -1.571791 0.980866
Pedestrian -1 -1 -10 448.000000 176.000000 473.000000 257.000000 1.816897 0.594113 0.711569 -2.978920 1.658858 15.267036 1.459130 0.867352
Pedestrian -1 -1 -10 147.000000 178.000000 204.000000 335.000000 1.723424 0.602201 0.653846 -4.888796 1.710541 8.128923 2.038160 0.854707
Pedestrian -1 -1 -10 524.000000 179.000000 539.000000 233.000000 1.693397 0.544022 0.708820 -2.201457 1.735236 22.407058 1.977172 0.681704
Pedestrian -1 -1 -10 131.000000 181.000000 170.000000 314.000000 1.759339 0.603817 0.546553 -6.036568 1.805894 9.430735 -1.665388 0.314611
Pedestrian -1 -1 -10 167.000000 189.000000 208.000000 280.000000 1.733835 0.626220 0.627071 -5.680088 1.267095 9.652605 -1.573377 0.217458
Pedestrian -1 -1 -10 626.000000 176.000000 643.000000 219.000000 1.748765 0.599049 0.927783 1.415178 1.615055 30.800515 -1.434871 0.161786
Pedestrian -1 -1 -10 187.000000 192.000000 210.000000 264.000000 1.714071 0.539830 0.611089 -5.075308 1.607044 8.828474 2.049464 0.088055
Pedestrian -1 -1 -10 445.000000 172.000000 461.000000 230.000000 1.704175 0.608843 0.767129 -4.443386 1.282261 20.581100 -2.263373 0.065536
Pedestrian -1 -1 -10 582.000000 178.000000 598.000000 220.000000 1.725832 0.566812 0.862141 -0.512910 1.678691 30.326735 -3.147647 0.058526
Pedestrian -1 -1 -10 114.000000 173.000000 254.000000 361.000000 1.765991 0.742024 0.800414 -3.545491 2.330161 6.544283 1.083295 0.020328
Pedestrian -1 -1 -10 399.000000 166.000000 419.000000 236.000000 1.752414 0.632940 0.765519 -4.499691 2.033205 16.625450 -1.696931 0.010155
Cyclist -1 -1 -10 137.000000 178.000000 219.000000 348.000000 1.784101 0.590876 1.549583 -4.875045 1.681527 8.010861 1.720622 0.085016
Cyclist -1 -1 -10 97.000000 180.000000 263.000000 366.000000 1.760756 0.640124 1.747558 -4.800104 1.659941 8.257297 2.165693 0.039557
Cyclist -1 -1 -10 -1.000000 208.000000 215.000000 375.000000 1.657540 0.606157 1.687211 -3.206487 1.976666 4.661469 0.451761 0.019187
