Car -1 -1 -10 559.000000 178.000000 616.000000 231.000000 1.480420 1.649974 3.480805 -0.714496 1.323035 23.929218 -1.606468 0.999681
Car -1 -1 -10 464.000000 178.000000 536.000000 233.000000 1.548159 1.648171 3.952889 -3.297583 1.352715 22.996089 -1.573375 0.999167
Car -1 -1 -10 205.000000 170.000000 452.000000 344.000000 1.578484 1.648341 3.978605 -3.242948 1.508326 8.998311 -1.550001 0.998638
Car -1 -1 -10 0.000000 183.000000 194.000000 319.000000 1.514995 1.640139 4.021189 -7.630908 1.561605 9.641703 -1.581915 0.803198
Car -1 -1 -10 85.000000 184.000000 195.000000 242.000000 1.506761 1.612722 3.822488 -12.278770 1.612418 18.001461 1.571463 0.545636
Car -1 -1 -10 399.000000 184.000000 453.000000 214.000000 1.521695 1.623025 3.740825 -8.392169 1.356236 34.459777 -1.596229 0.293944
Car -1 -1 -10 511.000000 182.000000 544.000000 213.000000 1.502745 1.593767 3.654697 -4.209575 1.197655 36.157734 -1.584383 0.276835
Car -1 -1 -10 364.000000 183.000000 442.000000 217.000000 1.512344 1.649453 3.781110 -8.428031 1.302301 34.030181 -0.300747 0.036295
Car -1 -1 -10 362.000000 180.000000 397.000000 207.000000 1.486445 1.626833 3.696673 -13.023980 1.222165 43.095470 -1.777685 0.019402
Car -1 -1 -10 419.000000 184.000000 467.000000 211.000000 1.438472 1.571728 3.843990 -8.442849 1.249173 34.214618 1.542860 0.017535
