Pedestrian -1 -1 -10 675.000000 170.000000 682.000000 201.000000 1.869488 0.668223 0.932162 3.956601 1.667711 42.099127 2.158408 0.352393
Pedestrian -1 -1 -10 719.000000 168.000000 729.000000 198.000000 1.849607 0.558985 0.929705 6.789903 1.368409 43.535935 0.143485 0.162039
Pedestrian -1 -1 -10 726.000000 167.000000 735.000000 199.000000 1.835819 0.624144 0.990831 7.010064 1.449462 43.032123 -0.291086 0.079247
Car -1 -1 -10 248.000000 184.000000 403.000000 271.000000 1.515707 1.552446 3.582803 -5.265911 1.710455 13.762411 1.577499 0.999338
Car -1 -1 -10 768.000000 184.000000 1044.000000 328.000000 1.463404 1.616092 3.893666 3.353637 1.579535 9.174988 -1.630649 0.998453
Car -1 -1 -10 350.000000 179.000000 457.000000 245.000000 1.526740 1.597640 3.834673 -5.236793 1.708575 18.355294 1.603860 0.997722
Car -1 -1 -10 731.000000 178.000000 862.000000 261.000000 1.473869 1.595128 3.745063 3.569740 1.580269 14.754784 -1.563811 0.994880
Car -1 -1 -10 960.000000 192.000000 1236.000000 375.000000 1.526696 1.641528 3.835372 3.466566 1.676460 3.448138 -1.576928 0.942499
Car -1 -1 -10 781.000000 181.000000 932.000000 277.000000 1.547180 1.617450 3.875563 3.390806 1.702978 9.039459 1.446297 0.163891
Car -1 -1 -10 810.000000 185.000000 872.000000 214.000000 1.509033 1.578613 3.652253 9.147064 1.733156 33.920336 2.373776 0.018351
Car -1 -1 -10 795.000000 183.000000 882.000000 233.000000 1.556968 1.654641 3.740854 9.274385 1.510749 28.226220 1.966556 0.013634
Car -1 -1 -10 890.000000 185.000000 1146.000000 343.000000 1.516980 1.601944 3.873914 3.951600 1.765130 7.162013 -0.432123 0.011556
