Car -1 -1 -10 387.000000 194.000000 462.000000 243.000000 1.500763 1.558759 3.670066 -6.291829 2.253576 24.491698 1.612533 0.998657
Car -1 -1 -10 433.000000 192.000000 490.000000 229.000000 1.478990 1.570796 3.828343 -6.207430 2.263814 30.003082 1.596080 0.989113
Car -1 -1 -10 660.000000 177.000000 716.000000 219.000000 1.531667 1.597712 3.758912 2.841876 1.792590 28.031457 -1.605192 0.987889
Car -1 -1 -10 79.000000 205.000000 174.000000 243.000000 1.495084 1.603770 3.734637 -20.865981 2.875264 31.251997 -1.591849 0.941419
Car -1 -1 -10 1028.000000 136.000000 1137.000000 182.000000 1.862424 1.707658 4.261210 25.865945 0.016788 39.300840 0.179946 0.913304
Car -1 -1 -10 27.000000 210.000000 119.000000 247.000000 1.547111 1.588301 3.843190 -23.583598 2.994020 32.024274 1.412591 0.603619
Car -1 -1 -10 0.000000 211.000000 67.000000 250.000000 1.538625 1.636510 3.823292 -25.959565 3.298592 32.036864 -1.657080 0.320951
Car -1 -1 -10 142.000000 206.000000 233.000000 241.000000 1.601416 1.629691 4.010672 -17.876822 3.085377 31.549440 -1.474726 0.169954
Car -1 -1 -10 473.000000 183.000000 515.000000 216.000000 1.605109 1.698760 4.131290 -6.278500 2.199730 38.482004 1.546100 0.165537
Car -1 -1 -10 492.000000 185.000000 526.000000 211.000000 1.533273 1.576410 3.522852 -5.607045 2.880488 41.295930 1.938029 0.072467
