Pedestrian -1 -1 -10 906.000000 146.000000 1017.000000 375.000000 1.764443 0.611296 0.944588 2.704506 1.522574 5.426607 -1.675021 0.997651
Pedestrian -1 -1 -10 563.000000 160.000000 600.000000 257.000000 1.782326 0.769953 0.856446 -0.425320 1.423578 13.244468 1.575990 0.994169
Pedestrian -1 -1 -10 600.000000 164.000000 630.000000 240.000000 1.767996 0.607329 0.873894 0.152573 1.320948 16.455714 -3.081582 0.946234
Pedestrian -1 -1 -10 1040.000000 192.000000 1101.000000 305.000000 1.722038 0.651719 0.625630 5.479188 1.634237 8.381941 1.196319 0.845536
Pedestrian -1 -1 -10 879.000000 182.000000 910.000000 262.000000 1.773609 0.705499 0.695036 6.356497 1.478958 15.740907 2.918484 0.483104
Pedestrian -1 -1 -10 762.000000 161.000000 775.000000 207.000000 1.747072 0.628024 0.662223 6.551358 0.843891 28.315486 -1.722662 0.229584
Pedestrian -1 -1 -10 1033.000000 192.000000 1080.000000 273.000000 1.684625 0.580925 0.652059 5.271140 1.674726 8.462368 -1.678164 0.022964
Pedestrian -1 -1 -10 910.000000 157.000000 982.000000 310.000000 1.719906 0.599706 0.641275 4.483648 1.294165 8.832065 -1.675130 0.022925
Pedestrian -1 -1 -10 413.000000 143.000000 430.000000 190.000000 1.738093 0.541749 0.587914 -3.700657 1.478828 14.146441 2.709005 0.022342
Pedestrian -1 -1 -10 520.000000 160.000000 593.000000 228.000000 1.877742 0.629908 0.834850 -1.039229 1.224072 18.947550 0.454736 0.018823
Pedestrian -1 -1 -10 924.000000 157.000000 961.000000 253.000000 1.772086 0.620587 0.707332 6.088582 1.104120 12.794409 0.992557 0.012321
Pedestrian -1 -1 -10 1005.000000 188.000000 1111.000000 334.000000 1.735518 0.713182 0.756311 4.875055 1.756856 7.749773 3.251111 0.010562
Car -1 -1 -10 380.000000 146.000000 559.000000 272.000000 1.939523 1.769700 4.252642 -2.229216 1.299201 13.273967 1.702711 0.954218
Car -1 -1 -10 520.000000 160.000000 593.000000 228.000000 1.845187 1.644659 3.994702 -1.231149 1.252234 19.790035 1.669246 0.059302
Car -1 -1 -10 557.000000 159.000000 599.000000 248.000000 1.537923 1.603902 3.788309 -0.246181 1.440473 18.682276 -0.121043 0.033795
Cyclist -1 -1 -10 1028.000000 192.000000 1108.000000 299.000000 1.686901 0.544013 1.696179 6.214994 1.504280 9.303444 3.177877 0.011231
