Pedestrian -1 -1 -10 689.000000 165.000000 702.000000 205.000000 1.813734 0.636397 0.862350 4.280060 1.543937 36.748119 -1.790070 0.369279
Pedestrian -1 -1 -10 541.000000 172.000000 552.000000 209.000000 1.759601 0.611639 0.835840 -2.843595 1.898726 31.558117 0.939565 0.180173
Pedestrian -1 -1 -10 545.000000 171.000000 555.000000 204.000000 1.709672 0.593840 0.608358 -3.760987 1.708367 45.570270 2.031715 0.163533
Pedestrian -1 -1 -10 521.000000 175.000000 537.000000 218.000000 1.747963 0.589442 0.796861 -3.509986 1.932543 31.009093 0.959731 0.058824
Car -1 -1 -10 694.000000 171.000000 826.000000 276.000000 1.544859 1.583260 3.542180 2.532102 1.619733 12.937446 -1.582934 0.999664
Car -1 -1 -10 322.000000 182.000000 443.000000 263.000000 1.558655 1.611239 3.807670 -5.124479 1.852858 16.469872 1.583215 0.999021
Car -1 -1 -10 463.000000 183.000000 512.000000 219.000000 1.453947 1.608317 3.759566 -5.429252 1.964322 32.088764 1.537488 0.998541
Car -1 -1 -10 1.000000 215.000000 64.000000 372.000000 1.513622 1.598534 3.793273 -4.702192 1.746508 3.147675 1.484541 0.018494
Car -1 -1 -10 479.000000 174.000000 514.000000 210.000000 1.452294 1.580944 3.815958 -5.336831 1.875443 32.425053 1.555028 0.014703
Cyclist -1 -1 -10 520.000000 174.000000 538.000000 219.000000 1.793387 0.607663 1.897402 -3.526036 1.959989 31.090898 1.528883 0.995622
Cyclist -1 -1 -10 538.000000 172.000000 552.000000 216.000000 1.754650 0.644229 1.851519 -2.872024 1.844189 31.490481 1.576398 0.722808
Cyclist -1 -1 -10 543.000000 171.000000 556.000000 205.000000 1.720456 0.655269 1.696991 -2.756235 1.592829 31.908712 3.001475 0.053468
Cyclist -1 -1 -10 -1.000000 214.000000 46.000000 372.000000 1.662298 0.540543 1.623844 -3.925906 2.002209 4.379741 -1.752641 0.018581
Cyclist -1 -1 -10 709.000000 175.000000 750.000000 205.000000 1.672176 0.625842 1.586639 5.961092 1.431146 36.392993 3.171137 0.017703
