Car -1 -1 -10 735.000000 175.000000 896.000000 278.000000 1.456638 1.586420 3.843734 3.263829 1.583457 12.480908 -1.604019 0.999701
Car -1 -1 -10 60.000000 201.000000 320.000000 324.000000 1.458163 1.650702 4.093975 -5.967032 1.949114 10.803898 1.559439 0.999179
Car -1 -1 -10 309.000000 191.000000 436.000000 259.000000 1.496416 1.640663 4.049449 -5.816712 1.993506 18.315749 1.615654 0.998753
Car -1 -1 -10 699.000000 175.000000 798.000000 244.000000 1.504619 1.622560 3.811882 3.218131 1.580136 17.945891 -1.564137 0.996231
Car -1 -1 -10 396.000000 188.000000 475.000000 236.000000 1.471193 1.550256 3.786503 -5.790389 2.008113 24.271885 1.585913 0.991556
Car -1 -1 -10 673.000000 178.000000 725.000000 219.000000 1.488798 1.544331 3.718611 3.372216 1.711675 27.803390 1.503906 0.990291
Car -1 -1 -10 1035.000000 142.000000 1245.000000 244.000000 1.542271 1.569303 3.774682 9.031296 1.079658 11.538507 3.141237 0.930545
Car -1 -1 -10 460.000000 184.000000 517.000000 218.000000 1.533757 1.569697 3.910595 -5.641570 2.098377 33.277216 1.651232 0.900132
Car -1 -1 -10 658.000000 179.000000 704.000000 211.000000 1.563866 1.641125 3.985173 3.253310 1.774853 33.693704 -1.583413 0.875592
Car -1 -1 -10 909.000000 153.000000 1176.000000 241.000000 1.420964 1.634260 4.169385 8.354775 1.166644 14.286135 3.238460 0.524953
Car -1 -1 -10 648.000000 177.000000 681.000000 202.000000 1.430257 1.578422 3.752626 3.126871 1.674297 42.262142 -1.580168 0.473527
Car -1 -1 -10 0.000000 240.000000 51.000000 369.000000 1.518977 1.639106 3.993391 -6.001739 1.766438 4.569406 1.556965 0.181073
