Pedestrian -1 -1 -10 745.000000 175.000000 768.000000 253.000000 1.744342 0.565529 0.771002 3.173072 1.742983 16.154128 2.880794 0.045440
Pedestrian -1 -1 -10 750.000000 172.000000 787.000000 264.000000 1.666158 0.680661 0.842866 2.787583 1.604503 12.995577 -1.361171 0.014913
Pedestrian -1 -1 -10 742.000000 178.000000 771.000000 215.000000 1.724463 0.545307 0.622149 2.615131 1.717325 13.720075 2.753559 0.014363
Pedestrian -1 -1 -10 755.000000 174.000000 784.000000 202.000000 1.807495 0.762624 0.847446 11.278844 2.342396 48.800813 -1.527124 0.010912
Car -1 -1 -10 430.000000 188.000000 543.000000 265.000000 1.478507 1.557385 3.749437 -2.740915 1.884373 16.275907 1.694615 0.999535
Car -1 -1 -10 618.000000 180.000000 662.000000 209.000000 1.482135 1.617555 3.891456 1.710862 1.953802 39.824861 1.834527 0.997647
Car -1 -1 -10 637.000000 178.000000 679.000000 207.000000 1.617079 1.654597 4.195589 3.098027 1.825077 43.803523 1.834999 0.409422
Car -1 -1 -10 756.000000 175.000000 791.000000 201.000000 1.490413 1.614160 3.710655 12.281464 1.784920 50.125220 -1.340594 0.012100
Cyclist -1 -1 -10 750.000000 170.000000 789.000000 267.000000 1.763396 0.659201 1.857587 2.809830 1.684501 13.007646 -1.426599 0.998200
Cyclist -1 -1 -10 742.000000 177.000000 771.000000 243.000000 1.689063 0.497387 1.734253 3.227640 1.734094 16.378223 -1.573044 0.474282
Cyclist -1 -1 -10 750.000000 177.000000 781.000000 229.000000 1.746886 0.569934 1.648789 3.522576 1.352844 17.119924 -1.957976 0.028744
Cyclist -1 -1 -10 755.000000 174.000000 790.000000 211.000000 1.747296 0.678484 1.715782 11.593237 1.913010 49.135494 -1.945271 0.017053
Cyclist -1 -1 -10 746.000000 177.000000 772.000000 212.000000 1.627755 0.511773 1.589087 4.309043 1.494834 20.277416 -1.363088 0.010683
