Car -1 -1 -10 688.000000 183.000000 797.000000 258.000000 1.449302 1.608965 3.823098 2.768390 1.701779 15.778719 -1.591725 0.999096
Car -1 -1 -10 113.000000 174.000000 401.000000 261.000000 1.527648 1.639546 4.061672 -6.511016 1.564278 14.210405 0.062762 0.986241
Car -1 -1 -10 -8.000000 171.000000 234.000000 319.000000 1.502303 1.581449 3.598308 -6.766881 1.589321 9.240228 -2.873586 0.977486
Car -1 -1 -10 656.000000 172.000000 714.000000 221.000000 1.634083 1.652619 3.950860 2.659827 1.738640 26.648266 -1.587983 0.954347
Car -1 -1 -10 365.000000 174.000000 496.000000 222.000000 1.607915 1.669384 4.068893 -6.160315 1.682611 26.780194 -3.216021 0.948522
Car -1 -1 -10 898.000000 190.000000 1230.000000 376.000000 1.546356 1.599760 3.765258 2.882970 1.687530 3.585577 -1.585486 0.941316
Car -1 -1 -10 248.000000 166.000000 455.000000 237.000000 1.666380 1.718187 4.017656 -6.417828 1.567594 19.080756 -3.168333 0.667456
Car -1 -1 -10 428.000000 174.000000 530.000000 208.000000 1.780505 1.720461 4.226651 -6.114306 1.669849 36.195851 -2.977281 0.103719
Car -1 -1 -10 646.000000 176.000000 693.000000 213.000000 1.449743 1.616686 3.835725 2.606317 1.743886 32.627915 -1.594997 0.035238
Car -1 -1 -10 637.000000 172.000000 677.000000 203.000000 1.579543 1.647119 3.836854 2.638302 1.681647 41.974468 -1.595665 0.020008
