Pedestrian -1 -1 -10 680.000000 168.000000 740.000000 322.000000 1.741773 0.679400 0.862921 1.221761 1.587722 8.042453 -1.851631 0.998666
Pedestrian -1 -1 -10 756.000000 163.000000 795.000000 283.000000 1.797390 0.554003 0.941450 2.603616 1.522656 10.925790 -2.329436 0.996181
Pedestrian -1 -1 -10 1024.000000 146.000000 1185.000000 374.000000 1.646155 0.546192 0.660460 2.371346 1.418167 3.520248 -1.519574 0.995713
Pedestrian -1 -1 -10 797.000000 163.000000 868.000000 365.000000 1.751875 0.580866 0.794001 1.962684 1.537662 6.301057 -1.767160 0.991471
Pedestrian -1 -1 -10 879.000000 162.000000 931.000000 306.000000 1.728067 0.565099 0.834664 3.555994 1.407616 8.737248 -1.664819 0.989301
Pedestrian -1 -1 -10 493.000000 157.000000 534.000000 267.000000 1.810662 0.689647 0.983421 -1.632112 1.387909 12.936949 1.421410 0.988948
Pedestrian -1 -1 -10 969.000000 163.000000 1055.000000 371.000000 1.633269 0.488885 0.621670 2.698614 1.459459 4.972039 -2.020479 0.987555
Pedestrian -1 -1 -10 840.000000 170.000000 897.000000 338.000000 1.741400 0.518926 0.651935 2.665761 1.565346 7.365761 -2.108959 0.959098
Pedestrian -1 -1 -10 674.000000 170.000000 704.000000 262.000000 1.791946 0.618222 0.875519 1.619606 1.487403 13.675288 2.799575 0.843392
Pedestrian -1 -1 -10 617.000000 164.000000 627.000000 193.000000 1.765027 0.759175 0.501470 1.491282 0.608360 52.738699 1.628789 0.588075
Pedestrian -1 -1 -10 862.000000 165.000000 909.000000 312.000000 1.737764 0.598197 0.714886 3.509498 1.282529 8.791760 -0.621255 0.507667
Pedestrian -1 -1 -10 668.000000 167.000000 686.000000 216.000000 1.733781 0.631361 0.761385 2.489678 1.174770 24.389234 -0.967147 0.224295
Car -1 -1 -10 526.000000 174.000000 601.000000 230.000000 1.589973 1.660568 3.949670 -1.055973 1.342684 21.685236 1.654444 0.999135
Car -1 -1 -10 490.000000 161.000000 544.000000 268.000000 1.675464 1.531862 3.094276 -2.045501 1.227432 13.072507 -2.839249 0.018471
Cyclist -1 -1 -10 491.000000 159.000000 537.000000 267.000000 1.802968 0.577753 1.705734 -1.604102 1.474946 13.077414 0.971790 0.796217
Cyclist -1 -1 -10 526.000000 172.000000 600.000000 233.000000 1.696922 0.859408 1.792836 -1.188610 1.396163 20.437646 2.498662 0.072003
Cyclist -1 -1 -10 679.000000 167.000000 715.000000 257.000000 1.715190 0.616729 1.694441 1.630824 1.389642 13.500442 2.759584 0.037535
Cyclist -1 -1 -10 617.000000 163.000000 627.000000 193.000000 1.696084 0.617053 1.748360 1.457470 0.447693 52.722599 1.467886 0.027603
Cyclist -1 -1 -10 690.000000 168.000000 714.000000 222.000000 1.710603 0.602169 1.654827 4.585269 1.100521 30.517259 0.650061 0.025766
Cyclist -1 -1 -10 676.000000 168.000000 738.000000 318.000000 1.773289 0.544275 1.634093 1.077665 1.573177 8.220914 -1.435318 0.021653
Cyclist -1 -1 -10 798.000000 162.000000 864.000000 358.000000 1.743794 0.470033 1.642807 2.036683 1.599191 6.374059 -1.243051 0.011521
