Car -1 -1 -10 407.000000 185.000000 488.000000 236.000000 1.426630 1.610378 3.863645 -4.773228 1.454759 21.393051 -1.581713 0.999414
Car -1 -1 -10 575.000000 172.000000 656.000000 249.000000 1.518741 1.670485 3.768703 0.055552 1.282551 17.133269 -1.584111 0.999363
Car -1 -1 -10 468.000000 180.000000 525.000000 219.000000 1.535334 1.635672 4.157981 -4.473756 1.331063 29.314173 -1.581823 0.998198
Car -1 -1 -10 98.000000 182.000000 386.000000 349.000000 1.532583 1.600128 3.739186 -4.199574 1.565580 8.968939 -1.559475 0.997914
Car -1 -1 -10 323.000000 181.000000 408.000000 226.000000 1.440474 1.607726 3.901393 -8.292520 1.292232 24.952512 -1.567452 0.984636
Car -1 -1 -10 0.000000 191.000000 196.000000 302.000000 1.443048 1.640981 3.941463 -8.643464 1.593904 11.136598 -1.607646 0.958740
Car -1 -1 -10 57.000000 197.000000 307.000000 306.000000 1.443822 1.648969 3.841714 -8.348401 1.625409 11.184192 1.572316 0.167872
Car -1 -1 -10 606.000000 170.000000 643.000000 208.000000 1.533077 1.591246 3.782918 1.278616 1.262457 30.111698 -2.133790 0.114566
Car -1 -1 -10 27.000000 189.000000 154.000000 249.000000 1.533273 1.576411 3.522851 -16.183849 1.426003 22.288653 1.454262 0.060169
Car -1 -1 -10 66.000000 190.000000 170.000000 231.000000 1.488230 1.598530 3.792265 -12.834643 0.902116 18.381391 1.589024 0.028616
Car -1 -1 -10 285.000000 185.000000 383.000000 229.000000 1.555333 1.589921 3.838182 -8.450649 1.353101 24.661355 -1.540398 0.014036
