Car -1 -1 -10 540.000000 188.000000 681.000000 270.000000 1.432874 1.590563 3.788638 -0.235337 1.758514 14.130647 -1.938857 0.999718
Car -1 -1 -10 442.000000 181.000000 496.000000 221.000000 1.480931 1.605399 3.822410 -5.758248 1.864364 28.483426 -1.890154 0.999345
Car -1 -1 -10 255.000000 183.000000 300.000000 214.000000 1.575168 1.616935 3.736428 -18.780958 2.141498 40.218878 1.273138 0.997832
Car -1 -1 -10 7.000000 203.000000 182.000000 312.000000 1.466979 1.591274 3.780309 -8.478724 2.005670 12.124774 1.168681 0.993058
Car -1 -1 -10 426.000000 180.000000 474.000000 212.000000 1.515655 1.609361 3.776044 -7.792717 1.701586 33.855604 -1.910297 0.985795
Car -1 -1 -10 610.000000 165.000000 716.000000 206.000000 1.525908 1.660018 4.076653 2.117471 1.277980 30.366326 -2.789674 0.933046
Car -1 -1 -10 685.000000 129.000000 1242.000000 374.000000 1.937985 1.724230 4.311356 2.530865 1.629729 6.970294 -1.880758 0.478774
Car -1 -1 -10 271.000000 183.000000 309.000000 208.000000 1.479320 1.629215 3.889308 -20.660008 2.293011 44.452565 -2.662674 0.389492
Car -1 -1 -10 1.000000 205.000000 116.000000 368.000000 1.445491 1.597550 3.874101 -6.540649 1.873503 7.540243 1.159390 0.379359
Car -1 -1 -10 566.000000 172.000000 652.000000 204.000000 1.543009 1.635287 4.135411 -0.167305 1.426538 36.118752 -2.806885 0.298977
Car -1 -1 -10 26.000000 190.000000 116.000000 218.000000 1.547971 1.620815 3.921003 -30.099590 2.693163 40.603335 -0.081195 0.294670
Car -1 -1 -10 1185.000000 148.000000 1239.000000 247.000000 1.542153 1.533431 3.924495 9.999247 1.326166 12.243685 2.324557 0.073284
Car -1 -1 -10 1102.000000 144.000000 1237.000000 241.000000 1.538333 1.510436 3.485108 14.478898 1.038348 17.964677 2.684739 0.057452
