Pedestrian -1 -1 -10 756.000000 166.000000 764.000000 204.000000 1.744172 0.530690 0.708922 8.478899 1.033096 41.385667 0.868129 0.063934
Car -1 -1 -10 284.000000 190.000000 432.000000 262.000000 1.495092 1.624266 3.950467 -5.681530 1.909999 16.599259 1.671483 0.999493
Car -1 -1 -10 750.000000 180.000000 932.000000 293.000000 1.456187 1.554217 3.752532 3.381438 1.622990 11.195467 1.517389 0.999383
Car -1 -1 -10 701.000000 178.000000 808.000000 249.000000 1.473865 1.643779 3.980395 3.309322 1.628927 17.041622 -1.619728 0.996692
Car -1 -1 -10 0.000000 205.000000 235.000000 372.000000 1.468200 1.552516 3.708292 -5.773068 1.908923 7.655149 1.576564 0.984811
Car -1 -1 -10 671.000000 177.000000 734.000000 221.000000 1.473036 1.592539 3.795070 3.097854 1.614812 25.617360 -1.587122 0.971634
Car -1 -1 -10 452.000000 177.000000 504.000000 215.000000 1.520005 1.551944 3.644318 -5.740466 1.778953 31.486093 1.588183 0.823438
Car -1 -1 -10 8.000000 192.000000 169.000000 258.000000 1.500957 1.583271 3.986588 -14.510352 1.942918 21.256186 -0.044510 0.326063
Car -1 -1 -10 662.000000 176.000000 711.000000 212.000000 1.543095 1.555618 3.560522 3.180993 1.688435 30.894660 -1.655543 0.083906
Car -1 -1 -10 473.000000 179.000000 516.000000 212.000000 1.437076 1.603894 3.632293 -5.270211 1.923114 36.960929 -1.656664 0.078231
Car -1 -1 -10 1083.000000 221.000000 1242.000000 369.000000 1.504217 1.591100 3.832854 3.148774 1.598793 1.426019 -1.575158 0.043410
