Pedestrian -1 -1 -10 1099.000000 141.000000 1175.000000 314.000000 1.748106 0.636424 0.969836 5.354753 1.390451 7.322849 1.687954 0.996199
Pedestrian -1 -1 -10 686.000000 168.000000 703.000000 203.000000 1.864894 0.623292 1.055302 4.453978 1.575779 37.833896 -1.526228 0.037213
Pedestrian -1 -1 -10 717.000000 159.000000 743.000000 220.000000 1.783653 0.664302 1.068008 3.899082 1.428020 23.155988 -1.405584 0.026736
Pedestrian -1 -1 -10 1060.000000 170.000000 1201.000000 291.000000 1.669737 0.619630 0.853473 5.344055 1.332800 7.334009 -1.942383 0.026124
Pedestrian -1 -1 -10 710.000000 169.000000 720.000000 199.000000 1.760703 0.707143 0.770831 6.794116 1.665629 46.739907 -1.617086 0.015398
Car -1 -1 -10 1025.000000 210.000000 1144.000000 272.000000 1.530936 1.593649 3.703627 24.191969 4.072131 37.990023 -1.563494 0.022780
Car -1 -1 -10 1151.000000 209.000000 1234.000000 242.000000 1.549931 1.592665 3.570514 6.489641 1.572314 7.970641 -1.512054 0.011751
Cyclist -1 -1 -10 716.000000 159.000000 747.000000 221.000000 1.810091 0.534431 1.731744 3.850841 1.435447 23.281317 -1.824166 0.997781
Cyclist -1 -1 -10 687.000000 168.000000 702.000000 203.000000 1.804026 0.524148 1.787883 4.404215 1.552570 38.086675 -1.510233 0.866654
Cyclist -1 -1 -10 683.000000 169.000000 696.000000 197.000000 1.696764 0.422752 1.673487 4.329397 1.455711 38.217745 -1.669221 0.061685
