Pedestrian -1 -1 -10 847.000000 190.000000 878.000000 269.000000 1.753419 0.672340 0.885474 4.289868 2.198172 12.457453 -0.239247 0.099854
Car -1 -1 -10 700.000000 178.000000 849.000000 291.000000 1.580800 1.650194 3.822792 2.543709 1.698058 12.330818 -1.571561 0.999538
Car -1 -1 -10 525.000000 177.000000 568.000000 210.000000 1.595440 1.664837 3.886961 -3.251415 1.816560 36.461412 1.581355 0.999374
Car -1 -1 -10 361.000000 187.000000 505.000000 291.000000 1.484288 1.545602 3.487333 -2.755018 1.765802 11.757881 1.577415 0.999337
Car -1 -1 -10 677.000000 180.000000 747.000000 253.000000 1.471922 1.565471 3.693064 2.466442 1.761500 17.064188 -1.557042 0.981083
Car -1 -1 -10 656.000000 173.000000 730.000000 236.000000 1.635553 1.629389 4.025268 2.457859 1.613691 22.132625 -1.604448 0.965325
Car -1 -1 -10 644.000000 168.000000 690.000000 212.000000 1.798957 1.678683 4.041216 2.641956 1.738294 36.302495 -1.623360 0.890111
Car -1 -1 -10 633.000000 174.000000 666.000000 206.000000 1.504235 1.614278 3.841151 2.346456 1.745708 43.714661 1.544634 0.063700
Car -1 -1 -10 689.000000 178.000000 797.000000 259.000000 1.512787 1.594468 3.732174 2.644051 1.753894 16.827881 -1.526522 0.016520
Cyclist -1 -1 -10 844.000000 188.000000 887.000000 276.000000 1.623655 0.523317 1.651031 4.378663 1.875439 12.364830 1.541860 0.965233
