Pedestrian -1 -1 -10 1.000000 121.000000 44.000000 332.000000 1.749973 0.535858 0.637706 -7.150126 1.173039 8.589932 -0.195054 0.149442
Car -1 -1 -10 641.000000 179.000000 701.000000 220.000000 1.506889 1.561591 3.480281 2.133343 1.726456 26.701056 -1.667493 0.996263
Car -1 -1 -10 687.000000 177.000000 779.000000 244.000000 1.500993 1.583885 3.737518 2.921875 1.670517 17.849997 1.520353 0.959666
Car -1 -1 -10 35.000000 195.000000 140.000000 259.000000 1.481610 1.611481 3.804891 -14.955119 2.206838 20.892524 -1.982785 0.955344
Car -1 -1 -10 713.000000 164.000000 885.000000 279.000000 1.716697 1.658831 4.032653 2.857778 1.546739 12.535543 -1.617935 0.942249
Car -1 -1 -10 441.000000 182.000000 488.000000 223.000000 1.523587 1.616113 3.965617 -6.011627 1.970154 29.544147 -1.796627 0.799991
Car -1 -1 -10 572.000000 179.000000 606.000000 206.000000 1.493984 1.594193 3.702473 -1.377413 2.032182 45.699770 -1.738161 0.732731
Car -1 -1 -10 609.000000 179.000000 661.000000 212.000000 1.511929 1.569386 3.516527 0.997681 1.694522 33.511255 -1.724249 0.154786
Cyclist -1 -1 -10 489.000000 176.000000 505.000000 215.000000 1.690851 0.576075 1.772779 -5.477807 1.938690 34.451157 1.435657 0.115319
Cyclist -1 -1 -10 0.000000 92.000000 48.000000 328.000000 1.873833 0.685988 1.789288 -7.244904 1.465348 8.619559 -1.829494 0.024817
