Car -1 -1 -10 643.000000 175.000000 723.000000 233.000000 1.429139 1.625695 4.009893 1.961503 1.560026 20.359732 -1.634675 0.999446
Car -1 -1 -10 623.000000 169.000000 660.000000 203.000000 1.537978 1.604985 3.812683 1.613010 1.473255 35.633817 -1.616429 0.986189
Car -1 -1 -10 199.000000 182.000000 417.000000 249.000000 1.472707 1.624878 4.094471 -6.944158 1.659397 15.723457 -3.163887 0.955275
Car -1 -1 -10 405.000000 175.000000 494.000000 210.000000 1.572334 1.680701 4.141272 -7.160725 1.548780 31.523284 -1.082942 0.921812
Car -1 -1 -10 952.000000 146.000000 1239.000000 367.000000 1.707629 1.597985 3.701741 5.234606 1.543402 7.189754 -0.016159 0.824601
Car -1 -1 -10 452.000000 174.000000 519.000000 199.000000 1.517428 1.592182 3.390378 -7.796937 1.425794 44.294499 -3.262300 0.314969
Car -1 -1 -10 364.000000 177.000000 458.000000 218.000000 1.682913 1.617805 3.886926 -7.607446 1.634674 28.447787 -3.287910 0.171039
Car -1 -1 -10 289.000000 183.000000 433.000000 231.000000 1.533526 1.648630 3.714513 -7.810166 1.742861 22.936854 -1.903777 0.077427
Car -1 -1 -10 235.000000 185.000000 375.000000 301.000000 1.381075 1.590008 4.143353 -5.235616 2.176655 10.137715 1.689129 0.069225
Cyclist -1 -1 -10 255.000000 176.000000 375.000000 352.000000 1.692331 0.533147 1.726310 -3.169641 1.768923 7.718086 1.619816 0.999801
Cyclist -1 -1 -10 150.000000 180.000000 386.000000 268.000000 1.626929 0.875232 1.845655 -6.374369 1.643008 14.087601 2.578142 0.102273
Cyclist -1 -1 -10 255.000000 182.000000 405.000000 253.000000 1.572105 0.746084 1.921641 -5.644437 1.601909 16.508653 -0.062732 0.093418
