Pedestrian -1 -1 -10 447.000000 176.000000 475.000000 258.000000 1.757237 0.581352 0.642687 -2.834284 1.655354 14.298269 0.363525 0.994828
Pedestrian -1 -1 -10 190.000000 158.000000 245.000000 301.000000 1.786182 0.676360 0.839417 -5.128555 1.489458 9.513161 -2.533895 0.994340
Pedestrian -1 -1 -10 546.000000 180.000000 582.000000 258.000000 1.667722 0.599407 0.782355 -0.763478 1.649542 14.125078 2.067525 0.984940
Pedestrian -1 -1 -10 526.000000 172.000000 555.000000 237.000000 1.684480 0.684978 0.503231 -1.610114 1.476717 18.073849 2.000240 0.744824
Pedestrian -1 -1 -10 607.000000 169.000000 625.000000 223.000000 1.751126 0.534249 0.654119 0.413785 1.305747 22.821705 -1.554832 0.636315
Pedestrian -1 -1 -10 593.000000 170.000000 610.000000 216.000000 1.812019 0.655317 0.807723 -0.013894 1.386186 28.901586 1.619820 0.046704
Pedestrian -1 -1 -10 542.000000 179.000000 568.000000 243.000000 1.739003 0.607565 0.776737 -1.501330 1.529958 18.094054 -2.200834 0.029284
Pedestrian -1 -1 -10 203.000000 173.000000 240.000000 255.000000 1.782078 0.703572 0.762626 -5.123943 1.483898 9.477909 -2.508319 0.018993
Pedestrian -1 -1 -10 631.000000 170.000000 645.000000 209.000000 1.793038 0.592440 0.748746 1.769919 1.356559 34.940128 -2.604640 0.017283
Pedestrian -1 -1 -10 617.000000 170.000000 634.000000 216.000000 1.765530 0.668277 0.700534 1.298375 1.266464 33.754956 -1.601237 0.011604
Cyclist -1 -1 -10 691.000000 165.000000 725.000000 221.000000 1.722457 0.548749 1.841042 3.339569 1.274998 22.773843 1.322609 0.045493
Cyclist -1 -1 -10 542.000000 176.000000 583.000000 256.000000 1.656823 0.519652 1.539984 -0.897839 1.562737 14.224832 2.320169 0.027859
Cyclist -1 -1 -10 522.000000 172.000000 556.000000 236.000000 1.666147 0.506901 1.656547 -1.657195 1.438783 17.936673 1.638112 0.023937
Cyclist -1 -1 -10 443.000000 177.000000 478.000000 256.000000 1.732178 0.550955 1.738456 -2.906278 1.613946 14.508125 0.310117 0.021372
