Car -1 -1 -10 282.000000 200.000000 407.000000 264.000000 1.394133 1.593438 3.859812 -6.609669 2.048622 17.398170 -2.299969 0.999503
Car -1 -1 -10 746.000000 180.000000 843.000000 236.000000 1.477773 1.658153 4.002325 4.786725 1.613654 19.167482 1.606027 0.998557
Car -1 -1 -10 153.000000 193.000000 220.000000 232.000000 1.426035 1.635099 3.980999 -17.074235 2.241537 28.820589 -2.236118 0.998398
Car -1 -1 -10 666.000000 179.000000 734.000000 231.000000 1.510808 1.578353 3.722332 2.405041 1.712520 20.319692 1.733513 0.979015
Car -1 -1 -10 131.000000 190.000000 191.000000 226.000000 1.560257 1.635430 3.874028 -20.859180 2.296003 32.991253 -2.258621 0.953469
Car -1 -1 -10 344.000000 180.000000 441.000000 216.000000 1.556008 1.645366 3.924287 -10.152666 1.910021 33.443212 -3.128831 0.889573
Car -1 -1 -10 417.000000 167.000000 676.000000 307.000000 2.000636 1.744185 4.365170 -1.354605 1.981605 11.752859 -2.305716 0.862513
Car -1 -1 -10 815.000000 173.000000 969.000000 229.000000 1.488018 1.545788 3.944690 7.970566 1.924197 20.871824 1.330858 0.408536
Car -1 -1 -10 711.000000 178.000000 777.000000 221.000000 1.540565 1.612191 3.940811 5.783720 1.596383 30.846732 0.700842 0.031573
Car -1 -1 -10 531.000000 177.000000 673.000000 258.000000 1.533070 1.595102 3.779850 -0.063360 2.064254 16.533797 -1.586482 0.021319
Car -1 -1 -10 332.000000 185.000000 399.000000 212.000000 1.520280 1.497556 3.404475 -12.845023 1.934325 37.212854 -0.494347 0.012106
