Car -1 -1 -10 393.000000 189.000000 468.000000 235.000000 1.465033 1.593241 3.826562 -6.104491 2.086450 24.321018 1.559975 0.997660
Car -1 -1 -10 668.000000 175.000000 731.000000 216.000000 1.491310 1.618261 3.992067 3.081252 1.509578 26.469823 -1.603574 0.996651
Car -1 -1 -10 452.000000 186.000000 502.000000 221.000000 1.460534 1.597867 3.790578 -5.954318 2.158404 31.911123 1.606545 0.995280
Car -1 -1 -10 842.000000 149.000000 1010.000000 207.000000 1.562374 1.698918 4.144279 9.103406 0.984367 20.570236 3.209244 0.994840
Car -1 -1 -10 313.000000 193.000000 426.000000 260.000000 1.477287 1.538320 3.695849 -6.092380 2.044620 18.404358 1.568399 0.993427
Car -1 -1 -10 206.000000 198.000000 364.000000 294.000000 1.483221 1.595194 3.857854 -6.030267 2.028954 13.555911 1.566499 0.992097
Car -1 -1 -10 2.000000 205.000000 255.000000 371.000000 1.552524 1.619976 3.930000 -5.871651 2.058691 8.240618 1.564261 0.990230
Car -1 -1 -10 765.000000 158.000000 918.000000 201.000000 1.489719 1.603724 4.038290 8.299055 1.086107 26.052496 2.983651 0.467716
Car -1 -1 -10 647.000000 176.000000 683.000000 203.000000 1.514512 1.621084 3.927415 3.066378 1.740689 41.714216 1.518760 0.420571
Car -1 -1 -10 655.000000 175.000000 706.000000 209.000000 1.469843 1.594909 3.871446 3.087976 1.563411 31.913212 -1.580374 0.378504
Car -1 -1 -10 1146.000000 133.000000 1238.000000 178.000000 1.550080 1.597857 3.852476 23.076904 0.220303 27.978637 -0.041094 0.369224
Car -1 -1 -10 476.000000 184.000000 517.000000 214.000000 1.546554 1.651149 3.992635 -6.138305 2.257622 38.064337 1.608000 0.099115
