Pedestrian -1 -1 -10 404.000000 166.000000 448.000000 271.000000 1.728748 0.689536 0.946889 -3.062246 1.466311 12.406466 -1.434362 0.997450
Pedestrian -1 -1 -10 674.000000 168.000000 709.000000 268.000000 1.701728 0.584825 0.679245 1.498161 1.487163 12.640433 1.591303 0.996579
Pedestrian -1 -1 -10 716.000000 165.000000 758.000000 267.000000 1.728787 0.732924 0.934658 2.369542 1.413629 12.693898 -1.482001 0.993498
Pedestrian -1 -1 -10 507.000000 170.000000 535.000000 216.000000 1.750715 0.646548 0.822463 -3.052646 1.255659 28.006384 -1.238890 0.051382
Pedestrian -1 -1 -10 608.000000 170.000000 628.000000 217.000000 1.739338 0.640427 0.773108 0.477436 1.253161 26.180254 1.655776 0.033650
Pedestrian -1 -1 -10 608.000000 170.000000 617.000000 205.000000 1.724620 0.481257 0.671470 0.086836 1.309836 13.408482 0.139949 0.018796
Pedestrian -1 -1 -10 750.000000 163.000000 769.000000 214.000000 1.853917 0.715786 0.930105 5.557048 1.258988 25.936724 1.704368 0.018360
Pedestrian -1 -1 -10 742.000000 165.000000 761.000000 215.000000 1.804183 0.668131 0.890727 5.554434 1.152941 26.071635 -0.845950 0.011763
Pedestrian -1 -1 -10 684.000000 171.000000 707.000000 233.000000 1.734258 0.548120 0.571798 1.747546 1.440458 14.367415 2.678734 0.010890
Car -1 -1 -10 567.000000 169.000000 596.000000 199.000000 1.512142 1.610429 3.725413 -1.257905 1.066731 49.157668 1.582024 0.094553
Cyclist -1 -1 -10 556.000000 166.000000 586.000000 234.000000 1.733407 0.631049 1.762138 -0.905224 1.366852 19.565124 1.774744 0.997309
Cyclist -1 -1 -10 608.000000 169.000000 629.000000 217.000000 1.744509 0.597717 1.769036 0.384135 1.252742 26.065442 1.588299 0.986959
Cyclist -1 -1 -10 505.000000 170.000000 536.000000 216.000000 1.716532 0.500554 1.664770 -3.192837 1.254640 28.314043 -2.188193 0.929136
Cyclist -1 -1 -10 714.000000 162.000000 763.000000 259.000000 1.802160 0.613617 1.724334 2.411725 1.513506 12.789093 1.743176 0.763790
Cyclist -1 -1 -10 922.000000 203.000000 1106.000000 370.000000 1.624515 0.664072 1.751671 2.285315 1.679638 3.745522 1.466863 0.634323
Cyclist -1 -1 -10 725.000000 171.000000 781.000000 237.000000 1.766478 0.548752 1.643973 5.310422 1.227758 25.290663 -1.880712 0.112033
Cyclist -1 -1 -10 565.000000 169.000000 596.000000 200.000000 1.672754 0.528538 1.609297 -1.515310 1.515769 47.565752 -1.558133 0.086064
Cyclist -1 -1 -10 739.000000 166.000000 761.000000 222.000000 1.764227 0.437180 1.742908 5.416374 1.159453 26.333001 -1.772790 0.017167
Cyclist -1 -1 -10 678.000000 169.000000 712.000000 259.000000 1.756185 0.567052 1.758974 1.527563 1.515059 12.617029 1.679253 0.016813
Cyclist -1 -1 -10 993.000000 199.000000 1218.000000 372.000000 1.632766 0.634140 1.714206 2.637887 1.580796 3.684974 2.747838 0.014164
