Car -1 -1 -10 680.000000 176.000000 781.000000 261.000000 1.602514 1.664097 4.085342 2.623606 1.791927 16.714605 -1.559323 0.998862
Car -1 -1 -10 794.000000 205.000000 1238.000000 374.000000 1.465834 1.603636 3.760912 2.708195 1.708171 5.737743 -1.592943 0.995223
Car -1 -1 -10 198.000000 186.000000 422.000000 265.000000 1.543793 1.552554 3.823257 -6.375414 1.839100 14.455897 -0.078131 0.988188
Car -1 -1 -10 661.000000 181.000000 724.000000 236.000000 1.438765 1.619149 4.017857 2.638692 1.836873 22.737666 -1.609029 0.964617
Car -1 -1 -10 647.000000 176.000000 691.000000 217.000000 1.535416 1.586104 3.654358 2.465703 1.776165 31.599681 -1.630150 0.836993
Car -1 -1 -10 -5.000000 161.000000 306.000000 324.000000 1.763036 1.681962 3.996782 -6.443715 1.642907 9.053175 -3.139000 0.783605
Car -1 -1 -10 120.000000 188.000000 363.000000 289.000000 1.528808 1.595051 4.008872 -6.549820 1.905603 13.158403 0.008068 0.542462
Car -1 -1 -10 276.000000 182.000000 440.000000 246.000000 1.566768 1.611511 3.887824 -5.896383 1.677746 18.802614 -3.289338 0.452601
Car -1 -1 -10 460.000000 181.000000 540.000000 209.000000 1.560423 1.607425 3.871578 -5.896831 1.919964 41.416151 0.920186 0.296431
Car -1 -1 -10 404.000000 182.000000 512.000000 222.000000 1.533177 1.624320 4.086240 -6.304909 2.022145 29.869376 0.658372 0.288759
