Car -1 -1 -10 198.000000 183.000000 440.000000 321.000000 1.499767 1.626032 4.049970 -3.737711 1.481622 10.049200 -1.554782 0.999672
Car -1 -1 -10 679.000000 184.000000 760.000000 244.000000 1.431409 1.567865 3.634214 2.842157 1.414917 18.909489 -1.590741 0.999524
Car -1 -1 -10 428.000000 179.000000 501.000000 233.000000 1.516433 1.587237 3.703544 -4.478335 1.367563 22.372757 -1.586814 0.998919
Car -1 -1 -10 583.000000 177.000000 615.000000 205.000000 1.519961 1.629535 4.056778 -0.559712 1.146267 42.608973 -1.592736 0.998068
Car -1 -1 -10 45.000000 185.000000 271.000000 276.000000 1.465072 1.630234 3.852260 -8.067421 1.549158 13.460453 -1.603664 0.997980
Car -1 -1 -10 492.000000 181.000000 532.000000 210.000000 1.472576 1.580114 3.699612 -4.691826 1.219099 35.093991 -1.592796 0.994025
Car -1 -1 -10 380.000000 170.000000 436.000000 221.000000 1.685400 1.645514 3.902071 -8.952965 1.085136 32.316794 -1.512675 0.355739
Car -1 -1 -10 4.000000 208.000000 126.000000 375.000000 1.535057 1.597315 3.769075 -3.430643 1.681123 2.111755 -1.568193 0.292357
Car -1 -1 -10 429.000000 173.000000 472.000000 215.000000 1.458056 1.447057 2.763122 -5.606246 1.451587 24.528086 0.756558 0.038298
Car -1 -1 -10 231.000000 186.000000 343.000000 222.000000 1.474656 1.568590 3.869215 -12.470702 1.436466 25.249449 1.775178 0.018179
Car -1 -1 -10 300.000000 187.000000 354.000000 215.000000 1.489571 1.626088 3.896877 -11.988600 1.004750 29.886304 1.822253 0.014073
