Car -1 -1 -10 558.000000 215.000000 805.000000 356.000000 1.483707 1.655277 3.913368 0.491194 2.060737 9.812502 -1.913277 0.999084
Car -1 -1 -10 108.000000 218.000000 238.000000 308.000000 1.504188 1.429056 3.050145 -8.664398 2.222229 13.052996 1.092363 0.995913
Car -1 -1 -10 500.000000 208.000000 638.000000 298.000000 1.463340 1.584247 3.718385 -1.086280 2.216307 14.123565 -1.929138 0.995669
Car -1 -1 -10 450.000000 197.000000 538.000000 270.000000 1.501529 1.601040 3.614853 -3.336129 2.200292 18.910339 -1.885680 0.995200
Car -1 -1 -10 670.000000 216.000000 1224.000000 375.000000 1.550434 1.597807 3.847116 1.920620 1.828371 5.414415 -1.854309 0.987026
Car -1 -1 -10 404.000000 203.000000 454.000000 243.000000 1.505225 1.637684 3.931958 -7.820487 2.785808 30.859795 -1.963383 0.969787
Car -1 -1 -10 206.000000 198.000000 289.000000 258.000000 1.658224 1.645691 3.974484 -12.443937 2.526710 24.976517 -1.954073 0.944710
Car -1 -1 -10 424.000000 201.000000 487.000000 255.000000 1.471729 1.564806 3.722550 -5.434600 2.288369 25.989684 0.834262 0.860127
Car -1 -1 -10 -3.000000 222.000000 184.000000 380.000000 1.428611 1.578192 3.954813 -6.136786 2.009770 7.899021 1.183221 0.793489
Car -1 -1 -10 273.000000 204.000000 311.000000 229.000000 1.475598 1.611139 3.983714 -20.313774 3.364046 44.854343 1.231011 0.695039
Car -1 -1 -10 396.000000 203.000000 430.000000 234.000000 1.467368 1.498872 3.506288 -7.685830 2.836724 31.284582 1.220289 0.200293
