Car -1 -1 -10 916.000000 188.000000 1237.000000 316.000000 1.515006 1.609137 3.911520 6.418679 1.751963 9.792797 3.223856 0.997675
Car -1 -1 -10 372.000000 174.000000 482.000000 218.000000 1.552814 1.658309 3.947027 -6.262630 1.588220 26.036831 -3.149484 0.993048
Car -1 -1 -10 412.000000 171.000000 516.000000 212.000000 1.717344 1.713539 4.097344 -6.301439 1.583747 31.046636 -3.274178 0.977930
Car -1 -1 -10 863.000000 178.000000 1126.000000 291.000000 1.562032 1.606844 3.861300 6.495098 1.749949 12.208328 0.114238 0.952709
Car -1 -1 -10 2.000000 172.000000 203.000000 359.000000 1.579934 1.649039 3.965208 -6.676562 1.588500 6.923815 -3.256265 0.951119
Car -1 -1 -10 218.000000 171.000000 413.000000 244.000000 1.505332 1.541928 3.848655 -6.645839 1.495169 17.174368 -0.052882 0.650855
Car -1 -1 -10 995.000000 246.000000 1241.000000 372.000000 1.532775 1.610989 3.780146 2.983545 1.766557 2.256462 -1.576758 0.575097
Car -1 -1 -10 756.000000 170.000000 946.000000 238.000000 1.711050 1.686012 4.140977 6.198193 1.701602 20.112064 3.147270 0.562645
Car -1 -1 -10 489.000000 171.000000 542.000000 196.000000 1.527186 1.599282 3.721079 -6.371604 1.577618 49.012787 -2.902952 0.082911
Car -1 -1 -10 632.000000 172.000000 665.000000 197.000000 1.679570 1.662050 3.792844 2.466978 1.367794 45.889675 -1.569932 0.048969
Car -1 -1 -10 644.000000 173.000000 686.000000 207.000000 1.544244 1.581131 3.714509 2.281997 1.478865 30.861970 -1.601505 0.017669
Car -1 -1 -10 649.000000 163.000000 708.000000 210.000000 1.878499 1.747409 4.060872 2.648771 1.495721 29.015522 -1.639037 0.010405
