Car -1 -1 -10 574.000000 177.000000 617.000000 217.000000 1.545330 1.650917 3.842055 -0.545094 1.295138 31.311224 -1.586453 0.999666
Car -1 -1 -10 395.000000 183.000000 500.000000 253.000000 1.463170 1.606308 3.697040 -3.731620 1.411264 17.245337 -1.565341 0.999265
Car -1 -1 -10 494.000000 182.000000 546.000000 218.000000 1.428677 1.645542 3.961135 -3.618213 1.289549 29.513283 -1.560174 0.999261
Car -1 -1 -10 248.000000 174.000000 367.000000 244.000000 1.576560 1.615191 3.848737 -7.997146 1.414691 19.455004 -1.558267 0.997907
Car -1 -1 -10 6.000000 181.000000 295.000000 373.000000 1.571581 1.612874 3.629912 -3.182973 1.614176 3.728937 -1.561229 0.981765
Car -1 -1 -10 23.000000 183.000000 244.000000 276.000000 1.468584 1.598188 3.928608 -8.593260 1.539658 13.490088 -1.542355 0.619193
Car -1 -1 -10 354.000000 180.000000 428.000000 223.000000 1.495876 1.607435 3.673884 -8.150021 1.314405 26.078313 1.335328 0.439563
Car -1 -1 -10 451.000000 179.000000 497.000000 209.000000 1.574966 1.607139 3.752793 -8.119303 1.176193 44.180831 -1.661103 0.131571
Car -1 -1 -10 111.000000 187.000000 242.000000 237.000000 1.454727 1.676556 4.048798 -12.437306 1.431446 20.553799 1.582317 0.025065
Car -1 -1 -10 413.000000 182.000000 489.000000 223.000000 1.532604 1.540781 3.232862 -4.130224 1.658337 19.058302 1.868517 0.015556
