Pedestrian -1 -1 -10 665.000000 166.000000 700.000000 275.000000 1.712064 0.582921 0.790187 1.322063 1.478507 11.862820 -1.862982 0.998270
Pedestrian -1 -1 -10 713.000000 166.000000 755.000000 272.000000 1.739140 0.683162 0.981390 2.104680 1.455724 12.070191 -1.527811 0.993132
Pedestrian -1 -1 -10 376.000000 165.000000 423.000000 278.000000 1.766219 0.679701 1.010866 -3.266490 1.481980 11.547947 -1.828132 0.984031
Pedestrian -1 -1 -10 499.000000 171.000000 514.000000 212.000000 1.739373 0.672729 0.742594 -3.539961 1.223495 27.251715 -1.102813 0.236700
Pedestrian -1 -1 -10 11.000000 186.000000 49.000000 266.000000 1.770218 0.829879 0.521784 -10.216097 2.129709 13.036635 0.905162 0.067612
Pedestrian -1 -1 -10 2.000000 189.000000 23.000000 254.000000 1.689925 0.595194 0.692745 -5.803650 1.642861 7.000095 -2.907799 0.017659
Pedestrian -1 -1 -10 111.000000 193.000000 138.000000 259.000000 1.771977 0.590068 0.692186 -10.159844 1.832934 15.286594 -1.728472 0.016712
Pedestrian -1 -1 -10 589.000000 173.000000 599.000000 207.000000 1.733210 0.498171 0.661832 -0.346891 1.477645 15.249268 0.101540 0.016116
Pedestrian -1 -1 -10 739.000000 164.000000 755.000000 215.000000 1.837982 0.676836 0.848794 4.987208 1.176710 24.935647 1.378982 0.015720
Pedestrian -1 -1 -10 425.000000 178.000000 438.000000 219.000000 1.710238 0.540382 0.576151 -9.267419 1.583430 39.222459 2.289379 0.015364
Pedestrian -1 -1 -10 545.000000 170.000000 566.000000 213.000000 1.706086 0.574508 0.671982 -1.653613 1.142466 25.891336 3.052907 0.011797
Pedestrian -1 -1 -10 587.000000 171.000000 611.000000 223.000000 1.689604 0.665824 0.671345 -0.138354 1.355709 23.716678 2.003634 0.011292
Car -1 -1 -10 546.000000 171.000000 581.000000 200.000000 1.835606 1.704899 4.189406 -2.519519 1.276187 48.527425 -1.569670 0.016856
Cyclist -1 -1 -10 587.000000 171.000000 613.000000 225.000000 1.719248 0.543831 1.737052 -0.239570 1.360774 23.667709 1.876414 0.997847
Cyclist -1 -1 -10 524.000000 167.000000 567.000000 246.000000 1.754996 0.659622 1.770824 -1.432183 1.446049 17.326692 1.706450 0.997846
Cyclist -1 -1 -10 1041.000000 199.000000 1181.000000 368.000000 1.705504 0.647159 1.686756 2.267687 1.381434 3.118855 -0.384614 0.330277
Cyclist -1 -1 -10 375.000000 169.000000 424.000000 275.000000 1.819169 0.592243 1.726978 -3.331947 1.527405 11.676236 -1.897040 0.094176
Cyclist -1 -1 -10 497.000000 171.000000 516.000000 214.000000 1.756652 0.623603 1.610254 -3.621365 1.200326 27.813164 -2.578845 0.072053
Cyclist -1 -1 -10 545.000000 170.000000 570.000000 208.000000 1.671395 0.551307 1.719771 -1.829931 1.072418 25.952683 -1.781713 0.062489
Cyclist -1 -1 -10 64.000000 189.000000 166.000000 287.000000 1.623342 0.701263 1.788105 -9.431691 1.722346 14.239556 -0.133039 0.023661
Cyclist -1 -1 -10 592.000000 174.000000 612.000000 205.000000 1.669285 0.528553 1.602751 0.287718 2.189384 43.888053 -1.510204 0.022641
Cyclist -1 -1 -10 665.000000 166.000000 700.000000 278.000000 1.754004 0.494592 1.731446 1.226915 1.522050 11.976842 -1.465839 0.015998
Cyclist -1 -1 -10 589.000000 173.000000 600.000000 213.000000 1.730258 0.532258 1.676696 -0.318561 1.217999 23.824589 1.613489 0.015417
Cyclist -1 -1 -10 5.000000 186.000000 47.000000 264.000000 1.668112 0.742376 1.675115 -10.295783 1.870522 12.970462 -0.615194 0.013834
