Pedestrian -1 -1 -10 397.000000 174.000000 407.000000 209.000000 1.762922 0.710175 0.834013 -11.105062 1.714514 38.401273 -2.163974 0.267096
Pedestrian -1 -1 -10 407.000000 171.000000 418.000000 205.000000 1.782681 0.638464 0.628161 -10.577849 1.717520 38.421480 -1.806875 0.139112
Pedestrian -1 -1 -10 137.000000 167.000000 266.000000 368.000000 1.698461 0.698664 0.631518 -3.569782 1.702714 6.438105 1.535338 0.097076
Pedestrian -1 -1 -10 344.000000 177.000000 366.000000 225.000000 1.698192 0.533102 0.707407 -10.782744 1.582372 29.694289 0.344022 0.016142
Pedestrian -1 -1 -10 319.000000 181.000000 369.000000 228.000000 1.820295 0.692895 0.735107 -10.362095 1.850612 27.446305 1.070346 0.010257
Car -1 -1 -10 591.000000 174.000000 651.000000 222.000000 1.517906 1.562442 3.665635 0.190410 1.599918 25.184306 -1.718757 0.998285
Car -1 -1 -10 405.000000 182.000000 449.000000 217.000000 1.480695 1.594699 3.765107 -7.675005 1.836154 30.453505 -1.725763 0.997832
Car -1 -1 -10 777.000000 180.000000 1204.000000 375.000000 1.512140 1.593445 3.582210 2.797191 1.577821 6.126621 -1.634661 0.997190
Car -1 -1 -10 234.000000 183.000000 390.000000 286.000000 1.505631 1.606216 4.004377 -5.921108 1.764481 14.438834 1.501109 0.893239
Car -1 -1 -10 49.000000 189.000000 318.000000 350.000000 1.518913 1.612513 3.816463 -5.114726 1.785727 8.939852 -1.609729 0.845404
Car -1 -1 -10 565.000000 174.000000 603.000000 206.000000 1.512020 1.559344 3.624954 -1.392614 1.567873 35.412485 -1.720219 0.772700
Car -1 -1 -10 419.000000 178.000000 455.000000 211.000000 1.621228 1.648536 3.793716 -8.839320 1.918991 38.984961 -1.735554 0.169230
Car -1 -1 -10 668.000000 180.000000 813.000000 266.000000 1.533059 1.607833 3.727788 2.137512 1.489771 13.247558 -1.764353 0.021615
Cyclist -1 -1 -10 293.000000 170.000000 389.000000 330.000000 1.731611 0.542383 1.769810 -3.187554 1.720911 8.652244 1.553822 0.999430
Cyclist -1 -1 -10 125.000000 176.000000 272.000000 371.000000 1.752021 0.504586 1.758721 -3.589851 1.748135 6.499490 1.524622 0.992156
Cyclist -1 -1 -10 229.000000 183.000000 385.000000 289.000000 1.649381 0.651301 1.733924 -5.467146 1.830645 12.846833 0.029778 0.579489
Cyclist -1 -1 -10 60.000000 200.000000 306.000000 325.000000 1.717219 0.622859 1.737957 -3.911842 1.743371 6.902911 -1.506175 0.060608
Cyclist -1 -1 -10 319.000000 181.000000 370.000000 232.000000 1.713592 0.692198 1.657953 -10.581490 1.478844 27.867299 -3.469163 0.027165
Cyclist -1 -1 -10 344.000000 177.000000 366.000000 225.000000 1.675017 0.480405 1.546255 -10.933900 1.386540 30.294586 -1.458797 0.024480
Cyclist -1 -1 -10 286.000000 185.000000 379.000000 264.000000 1.775430 0.657122 1.768445 -5.402786 1.828518 13.790805 1.741463 0.018518
