Pedestrian -1 -1 -10 688.000000 171.000000 713.000000 229.000000 1.654387 0.684686 0.914587 2.290616 1.546537 18.817087 -1.599551 0.055824
Pedestrian -1 -1 -10 685.000000 171.000000 706.000000 201.000000 1.704094 0.571503 0.574177 2.415069 1.526760 20.702715 -2.097689 0.012182
Car -1 -1 -10 526.000000 181.000000 584.000000 221.000000 1.460159 1.599483 3.710950 -2.305343 1.907326 29.060587 1.703083 0.999119
Car -1 -1 -10 262.000000 189.000000 452.000000 290.000000 1.453250 1.651979 4.168067 -4.323106 1.801230 12.910038 1.632807 0.999103
Car -1 -1 -10 1.000000 167.000000 238.000000 373.000000 1.656007 1.615562 4.022133 -4.820165 1.699391 5.450717 1.595548 0.930915
Car -1 -1 -10 682.000000 173.000000 709.000000 199.000000 1.474703 1.618789 3.501314 2.031286 1.486505 17.212945 0.791805 0.016821
Car -1 -1 -10 2.000000 167.000000 125.000000 337.000000 1.488445 1.627835 3.868928 -5.547117 1.015732 6.067175 0.982347 0.011234
Cyclist -1 -1 -10 686.000000 168.000000 715.000000 243.000000 1.775744 0.686508 1.867368 2.336885 1.723404 18.838689 -1.487785 0.998667
Cyclist -1 -1 -10 688.000000 173.000000 710.000000 215.000000 1.673641 0.561257 1.735131 2.296929 1.501154 18.965584 -1.429829 0.048484
Cyclist -1 -1 -10 684.000000 172.000000 704.000000 199.000000 1.704536 0.447616 1.276418 2.446236 1.353249 22.141821 -0.829309 0.021530
