Pedestrian -1 -1 -10 429.000000 179.000000 456.000000 238.000000 1.671517 0.678906 0.719355 -4.908969 1.802421 20.948246 1.426187 0.018207
Car -1 -1 -10 654.000000 181.000000 756.000000 252.000000 1.496133 1.565214 3.492689 2.066936 1.703580 16.731063 -1.687095 0.999363
Car -1 -1 -10 344.000000 191.000000 421.000000 249.000000 1.439717 1.607952 3.628094 -6.010780 1.982025 19.328948 -1.774594 0.996318
Car -1 -1 -10 759.000000 181.000000 1050.000000 369.000000 1.516138 1.607320 3.821252 2.860589 1.662071 7.695484 1.494799 0.989256
Car -1 -1 -10 559.000000 180.000000 602.000000 215.000000 1.464248 1.572899 3.555185 -1.550966 1.922546 35.550688 -1.769879 0.952193
Car -1 -1 -10 915.000000 171.000000 1240.000000 376.000000 1.490974 1.614973 3.921273 2.819881 1.586830 3.198665 -1.487685 0.464669
Car -1 -1 -10 372.000000 186.000000 429.000000 239.000000 1.508796 1.605437 4.000526 -7.048676 1.987888 24.643089 1.385098 0.321291
Car -1 -1 -10 609.000000 184.000000 689.000000 229.000000 1.515376 1.594631 3.671249 1.003152 1.725101 23.835528 -1.719245 0.102985
Car -1 -1 -10 907.000000 190.000000 1076.000000 373.000000 1.576035 1.660355 3.880437 2.828654 1.602977 2.833778 -1.520224 0.053517
Car -1 -1 -10 423.000000 181.000000 458.000000 207.000000 1.526025 1.593880 3.798311 -10.399975 2.342855 39.930906 -1.825359 0.014732
Car -1 -1 -10 425.000000 180.000000 460.000000 234.000000 1.578417 1.610139 3.914772 -4.822098 1.747101 22.467337 -1.847146 0.010315
Cyclist -1 -1 -10 457.000000 177.000000 486.000000 234.000000 1.739591 0.557611 1.777492 -4.413606 1.878143 22.903582 1.501191 0.997936
Cyclist -1 -1 -10 427.000000 177.000000 459.000000 241.000000 1.711068 0.538932 1.743878 -4.847168 1.823762 20.805664 1.419223 0.997171
Cyclist -1 -1 -10 424.000000 181.000000 451.000000 218.000000 1.709665 0.633817 1.700435 -9.811904 2.631792 38.992427 1.302062 0.024971
