Pedestrian -1 -1 -10 859.000000 160.000000 868.000000 188.000000 1.750130 0.604358 0.671305 15.472667 0.768728 44.493242 2.866524 0.020378
Pedestrian -1 -1 -10 658.000000 180.000000 669.000000 207.000000 1.744563 0.459090 0.682494 1.027981 1.355333 14.275762 0.185573 0.012541
Car -1 -1 -10 635.000000 182.000000 749.000000 263.000000 1.474266 1.566920 3.597780 1.565763 1.665620 15.151966 -1.756013 0.998663
Car -1 -1 -10 782.000000 167.000000 883.000000 208.000000 1.538551 1.661564 4.117427 9.285263 1.445254 29.614047 -0.682036 0.997781
Car -1 -1 -10 559.000000 174.000000 653.000000 213.000000 1.518727 1.558402 3.901217 -0.139973 1.636057 30.570082 2.503222 0.997745
Car -1 -1 -10 859.000000 170.000000 934.000000 205.000000 1.506458 1.624064 3.688504 13.026278 1.444909 32.374575 -0.625970 0.988315
Car -1 -1 -10 705.000000 171.000000 818.000000 213.000000 1.511454 1.645129 3.860145 5.932298 1.571830 26.810546 -0.649140 0.961916
Car -1 -1 -10 907.000000 162.000000 989.000000 200.000000 1.571638 1.637120 4.019033 16.604874 1.230489 35.092531 -0.652833 0.950345
Car -1 -1 -10 682.000000 172.000000 750.000000 209.000000 1.497650 1.576684 3.864172 5.082831 1.230071 34.925043 2.218739 0.116180
Car -1 -1 -10 696.000000 172.000000 727.000000 211.000000 1.513784 1.603452 3.778528 4.759236 1.190356 35.002590 1.836117 0.043001
Cyclist -1 -1 -10 685.000000 172.000000 740.000000 207.000000 1.887166 0.679150 1.576805 4.785412 1.428088 34.286193 2.245590 0.096771
Cyclist -1 -1 -10 658.000000 180.000000 669.000000 207.000000 1.712979 0.531421 1.608744 2.547233 1.662237 36.644496 -1.494970 0.073329
Cyclist -1 -1 -10 657.000000 178.000000 684.000000 210.000000 1.694248 0.523363 1.641164 3.244304 1.605395 33.922264 -1.549728 0.054432
Cyclist -1 -1 -10 671.000000 176.000000 711.000000 213.000000 1.722659 0.587208 1.611531 3.778960 2.033422 33.396210 0.547556 0.051489
Cyclist -1 -1 -10 681.000000 172.000000 701.000000 219.000000 1.717617 0.566414 1.590295 3.695110 2.014805 33.569107 -1.540696 0.039413
Cyclist -1 -1 -10 692.000000 170.000000 718.000000 214.000000 1.877266 0.682463 1.563414 4.686774 1.431938 34.527086 2.256971 0.031953
Cyclist -1 -1 -10 673.000000 173.000000 692.000000 219.000000 1.692614 0.507199 1.554831 3.402514 1.871484 33.925437 -2.080013 0.021583
