Pedestrian -1 -1 -10 919.000000 159.000000 977.000000 282.000000 1.758021 0.754837 0.917021 4.726186 1.556278 10.295556 1.443910 0.995367
Pedestrian -1 -1 -10 917.000000 170.000000 958.000000 252.000000 1.792128 0.545627 0.644714 4.739970 1.467271 10.371522 3.539768 0.022724
Pedestrian -1 -1 -10 919.000000 165.000000 965.000000 213.000000 1.745996 0.548845 0.548058 6.255425 1.581669 13.977704 3.393206 0.011694
Car -1 -1 -10 177.000000 192.000000 385.000000 327.000000 1.467016 1.616431 3.916210 -4.297875 1.773170 9.879313 1.397027 0.999435
Car -1 -1 -10 474.000000 176.000000 575.000000 213.000000 1.540076 1.658152 4.092415 -3.846430 1.749989 31.347492 2.565960 0.991141
Car -1 -1 -10 626.000000 173.000000 728.000000 205.000000 1.571676 1.651641 4.309355 3.083087 1.629789 34.618884 2.730558 0.989448
Car -1 -1 -10 261.000000 177.000000 403.000000 229.000000 1.628676 1.665554 4.091175 -9.250086 1.777986 24.698251 0.030444 0.981451
Car -1 -1 -10 382.000000 182.000000 402.000000 212.000000 1.553551 1.648909 3.790126 -14.849080 1.912149 48.538500 -1.802145 0.017144
Car -1 -1 -10 233.000000 190.000000 381.000000 274.000000 1.458444 1.567809 3.733996 -4.554283 1.944639 10.232179 1.535446 0.012370
Cyclist -1 -1 -10 917.000000 158.000000 974.000000 278.000000 1.760009 0.616503 1.673651 4.877342 1.507980 10.529008 1.323592 0.029559
Cyclist -1 -1 -10 383.000000 181.000000 402.000000 211.000000 1.678865 0.505777 1.615144 -11.351975 1.910861 37.448776 -1.322515 0.026871
