Pedestrian -1 -1 -10 137.000000 182.000000 157.000000 224.000000 1.719906 0.599706 0.641275 -18.783244 1.972191 29.416141 -2.693322 0.880801
Pedestrian -1 -1 -10 104.000000 180.000000 126.000000 232.000000 1.716084 0.452725 0.659967 -9.861494 2.136348 14.298456 2.435993 0.664902
Pedestrian -1 -1 -10 122.000000 182.000000 161.000000 229.000000 1.719906 0.599706 0.641275 -16.196181 1.928067 24.460754 -2.698691 0.069463
Pedestrian -1 -1 -10 79.000000 195.000000 174.000000 240.000000 1.754594 0.664144 0.888510 -15.457780 2.720504 22.668183 -1.665464 0.014845
Car -1 -1 -10 598.000000 173.000000 631.000000 203.000000 1.550567 1.654457 4.235863 0.349787 1.735185 44.341409 -1.555718 0.999088
Car -1 -1 -10 69.000000 196.000000 185.000000 246.000000 1.496693 1.578548 3.770281 -16.171475 2.344634 24.411884 1.523100 0.997944
Cyclist -1 -1 -10 115.000000 185.000000 161.000000 230.000000 1.685330 0.472624 1.613858 -16.518673 2.096602 24.300434 -2.658396 0.025791
Cyclist -1 -1 -10 72.000000 195.000000 186.000000 245.000000 1.745414 0.729805 1.779460 -15.765940 2.694489 23.549738 1.509192 0.025102
Cyclist -1 -1 -10 135.000000 183.000000 157.000000 227.000000 1.712978 0.531419 1.608745 -18.884211 1.529084 29.334088 -2.139753 0.015634
Cyclist -1 -1 -10 100.000000 183.000000 126.000000 228.000000 1.728897 0.787868 1.743390 -19.976249 1.887334 29.173252 2.121319 0.013029
