Pedestrian -1 -1 -10 1057.000000 157.000000 1093.000000 248.000000 1.745393 0.628440 0.901499 8.522840 1.399836 13.229880 -1.600220 0.712363
Pedestrian -1 -1 -10 1009.000000 158.000000 1054.000000 246.000000 1.725079 0.632854 0.913246 7.899387 1.402342 13.372262 -1.615659 0.083332
Car -1 -1 -10 933.000000 181.000000 990.000000 206.000000 1.580799 1.646846 4.282874 24.468571 2.273207 50.722313 1.616504 0.738168
Car -1 -1 -10 945.000000 173.000000 1024.000000 211.000000 1.577299 1.577790 3.971034 24.646697 2.332775 49.493430 2.069644 0.010152
Cyclist -1 -1 -10 958.000000 154.000000 1049.000000 273.000000 1.762623 0.506767 1.696011 5.920581 1.431694 10.915569 -1.507910 0.999661
Cyclist -1 -1 -10 1000.000000 159.000000 1058.000000 257.000000 1.748033 0.585065 1.749189 7.957862 1.434069 13.511953 -0.854856 0.940993
Cyclist -1 -1 -10 1055.000000 160.000000 1097.000000 248.000000 1.795886 0.495778 1.752805 8.528622 1.510638 13.348035 -1.524059 0.830070
Cyclist -1 -1 -10 789.000000 169.000000 808.000000 210.000000 1.689201 0.452621 1.641298 7.181740 1.480119 27.951149 -1.373696 0.705843
Cyclist -1 -1 -10 984.000000 160.000000 1108.000000 248.000000 1.765919 0.518448 1.799732 8.224408 1.390595 13.672897 -0.451597 0.424437
Cyclist -1 -1 -10 996.000000 164.000000 1043.000000 218.000000 1.654715 0.564564 1.570087 8.612513 1.707492 15.038700 -1.030716 0.095882
Cyclist -1 -1 -10 1024.000000 162.000000 1071.000000 237.000000 1.625726 0.513193 1.672713 8.333204 1.697360 13.684416 2.732115 0.085517
Cyclist -1 -1 -10 945.000000 173.000000 1024.000000 211.000000 1.722794 0.541874 1.583500 21.256452 2.306166 42.641949 -2.000053 0.084077
Cyclist -1 -1 -10 970.000000 173.000000 1006.000000 206.000000 1.710903 0.549697 1.566503 21.119847 2.297591 42.596260 -1.942187 0.022746
Cyclist -1 -1 -10 1015.000000 158.000000 1040.000000 242.000000 1.702591 0.351913 1.099510 8.707511 2.044604 15.114764 -1.068532 0.016625
Cyclist -1 -1 -10 935.000000 178.000000 991.000000 208.000000 1.754146 0.566306 1.641439 20.527927 2.197810 42.467111 -0.569878 0.011474
Cyclist -1 -1 -10 1023.000000 167.000000 1059.000000 208.000000 1.703882 0.764383 1.910262 25.148502 1.827772 42.687944 3.281190 0.010870
