Pedestrian -1 -1 -10 953.000000 227.000000 1231.000000 367.000000 1.784852 0.772804 0.766822 2.228410 1.990656 2.837972 -1.602149 0.011988
Car -1 -1 -10 793.000000 188.000000 959.000000 250.000000 1.493306 1.581708 3.790360 6.764276 1.929122 18.650413 -0.032742 0.999608
Car -1 -1 -10 126.000000 186.000000 436.000000 267.000000 1.469707 1.644132 4.069668 -6.193108 1.734784 13.402975 -3.171554 0.996125
Car -1 -1 -10 307.000000 183.000000 486.000000 243.000000 1.534565 1.571042 3.936622 -5.723053 1.792361 20.665760 0.130366 0.994440
Car -1 -1 -10 833.000000 194.000000 1241.000000 307.000000 1.527152 1.667759 4.096218 6.088013 1.793036 11.051985 3.189877 0.993827
Car -1 -1 -10 705.000000 185.000000 794.000000 221.000000 1.543520 1.644427 3.910806 6.105791 2.094422 30.530111 -0.024377 0.981224
Car -1 -1 -10 951.000000 227.000000 1249.000000 366.000000 1.535365 1.604969 3.824668 2.794067 1.724029 2.210804 -1.582759 0.851880
Car -1 -1 -10 372.000000 179.000000 501.000000 229.000000 1.509766 1.640878 4.253096 -6.363189 1.626399 25.351819 -3.152759 0.814423
Car -1 -1 -10 457.000000 179.000000 540.000000 212.000000 1.605305 1.627096 3.896368 -6.113031 2.074792 38.954997 0.071286 0.808497
Car -1 -1 -10 771.000000 183.000000 894.000000 242.000000 1.505659 1.580325 3.841935 6.546837 1.888754 21.088375 -0.077494 0.677977
Car -1 -1 -10 4.000000 162.000000 249.000000 344.000000 1.572538 1.651498 4.074421 -5.583160 1.433451 5.922236 -0.034186 0.264538
Car -1 -1 -10 425.000000 181.000000 517.000000 219.000000 1.478684 1.580961 3.831401 -5.977557 1.921687 30.577305 -3.193419 0.171328
