Pedestrian -1 -1 -10 597.000000 160.000000 608.000000 196.000000 1.748075 0.610019 0.700473 0.103718 0.629818 37.117296 -3.114985 0.668109
Pedestrian -1 -1 -10 663.000000 161.000000 671.000000 188.000000 1.838197 0.736122 0.747398 4.276329 0.377975 46.453403 -1.608112 0.450502
Pedestrian -1 -1 -10 587.000000 161.000000 600.000000 196.000000 1.787061 0.609887 0.918410 -0.575060 0.559316 38.097852 -1.010392 0.235116
Pedestrian -1 -1 -10 676.000000 159.000000 685.000000 188.000000 1.840331 0.676381 0.832561 5.383462 0.600946 48.549071 -1.105582 0.232424
Pedestrian -1 -1 -10 668.000000 159.000000 677.000000 187.000000 1.809015 0.562340 0.810400 4.635543 0.458627 46.898760 -1.902158 0.174309
Pedestrian -1 -1 -10 989.000000 143.000000 1038.000000 283.000000 1.787874 0.658393 0.810449 4.497829 1.384805 8.147368 2.029380 0.133192
Pedestrian -1 -1 -10 1151.000000 150.000000 1214.000000 286.000000 1.690044 0.519413 0.722759 6.218738 1.203699 7.846733 1.172811 0.031069
Pedestrian -1 -1 -10 636.000000 160.000000 652.000000 186.000000 1.726541 0.469285 0.669440 0.707025 1.312666 13.288334 0.179782 0.025485
Pedestrian -1 -1 -10 604.000000 165.000000 627.000000 196.000000 1.698105 0.553423 0.559356 0.373190 0.766789 36.960495 2.550180 0.025170
Pedestrian -1 -1 -10 933.000000 148.000000 964.000000 222.000000 1.808073 0.693826 0.702969 7.225850 1.041312 14.881461 -0.831571 0.011511
Car -1 -1 -10 611.000000 168.000000 656.000000 203.000000 1.464552 1.620564 3.935775 1.173303 1.048881 30.922579 -1.445567 0.998654
