Pedestrian -1 -1 -10 1001.000000 147.000000 1023.000000 214.000000 1.782061 0.571575 0.742588 10.327001 0.899086 18.091023 3.060981 0.169993
Pedestrian -1 -1 -10 881.000000 153.000000 902.000000 195.000000 1.763686 0.586183 0.836466 13.449635 0.532746 33.405196 1.458834 0.022583
Pedestrian -1 -1 -10 519.000000 172.000000 529.000000 198.000000 1.774013 0.605016 0.682124 -4.612482 1.329013 38.976099 1.253946 0.016250
Pedestrian -1 -1 -10 143.000000 175.000000 168.000000 234.000000 1.750613 0.539983 0.560400 -8.296433 1.700663 12.799443 2.395060 0.014239
Car -1 -1 -10 527.000000 171.000000 618.000000 210.000000 1.487505 1.592243 3.815247 -1.392314 1.135739 28.182021 0.771890 0.995632
Car -1 -1 -10 0.000000 196.000000 293.000000 368.000000 1.551316 1.579701 3.937332 -3.279182 1.758542 3.445957 -1.584504 0.982789
Car -1 -1 -10 113.000000 195.000000 200.000000 238.000000 1.555421 1.690063 3.992039 -20.404292 2.063938 31.688285 -1.619749 0.411690
Car -1 -1 -10 0.000000 185.000000 55.000000 267.000000 1.569934 1.688467 4.115511 -12.271950 1.827877 12.968924 1.491988 0.075690
Car -1 -1 -10 0.000000 187.000000 106.000000 319.000000 1.533273 1.576411 3.522851 -21.197662 1.605655 27.820512 1.415484 0.012838
Cyclist -1 -1 -10 114.000000 196.000000 199.000000 240.000000 1.661096 0.493911 1.589190 -9.732459 1.673174 16.008128 -2.028288 0.222975
Cyclist -1 -1 -10 12.000000 198.000000 291.000000 367.000000 1.696078 0.644829 1.725432 -2.627285 1.652152 3.502614 -1.608009 0.123145
Cyclist -1 -1 -10 67.000000 206.000000 252.000000 284.000000 1.692912 0.676015 1.775382 -9.618910 1.844439 14.814593 -1.551538 0.054205
Cyclist -1 -1 -10 107.000000 192.000000 205.000000 276.000000 1.705715 0.712975 1.751371 -9.656966 1.811318 14.685170 -1.603817 0.028687
