Car -1 -1 -10 572.000000 171.000000 656.000000 250.000000 1.520193 1.653279 3.863401 0.003964 1.281620 16.818248 -1.576063 0.999423
Car -1 -1 -10 367.000000 184.000000 470.000000 248.000000 1.431651 1.583769 3.639926 -4.697946 1.430640 17.965541 -1.545190 0.999345
Car -1 -1 -10 279.000000 179.000000 381.000000 234.000000 1.470128 1.618863 3.912755 -8.354074 1.326296 21.952846 -1.557507 0.998516
Car -1 -1 -10 448.000000 179.000000 517.000000 223.000000 1.545366 1.640443 4.039373 -4.525001 1.247682 26.094330 -1.568010 0.997694
Car -1 -1 -10 127.000000 179.000000 252.000000 229.000000 1.504259 1.649152 3.912798 -13.058187 1.340259 22.513403 -1.591985 0.963370
Car -1 -1 -10 1.000000 180.000000 282.000000 372.000000 1.517421 1.645515 3.905680 -4.142388 1.571288 5.409043 -1.578325 0.907897
Car -1 -1 -10 607.000000 167.000000 643.000000 209.000000 1.536599 1.523730 3.412940 0.470534 1.628578 24.786987 1.616885 0.057205
Car -1 -1 -10 594.000000 171.000000 650.000000 225.000000 1.533273 1.576411 3.522851 0.439649 1.371313 31.939304 2.096993 0.017430
Car -1 -1 -10 376.000000 166.000000 418.000000 206.000000 1.814538 1.678200 4.084149 -12.082495 0.985699 41.480808 -1.572543 0.015978
Car -1 -1 -10 44.000000 184.000000 241.000000 241.000000 1.590729 1.660443 3.924550 -13.496615 1.450582 22.689420 1.531194 0.011188
