Pedestrian -1 -1 -10 512.000000 174.000000 529.000000 217.000000 1.683927 0.617540 0.662689 -3.648910 1.846494 28.734572 1.525871 0.246484
Pedestrian -1 -1 -10 706.000000 162.000000 722.000000 213.000000 1.821244 0.711764 0.870271 4.087859 1.477299 28.396303 -1.616622 0.238665
Pedestrian -1 -1 -10 466.000000 169.000000 478.000000 214.000000 1.708696 0.678960 0.630354 -8.683477 1.293330 44.509350 -1.414956 0.152878
Pedestrian -1 -1 -10 416.000000 177.000000 442.000000 258.000000 1.679108 0.505263 0.592826 -3.641226 1.747445 14.378832 1.871493 0.104855
Pedestrian -1 -1 -10 522.000000 174.000000 532.000000 209.000000 1.716016 0.453697 0.663903 -2.027279 1.734242 16.645596 2.917359 0.037978
Pedestrian -1 -1 -10 458.000000 172.000000 481.000000 231.000000 1.699150 0.536484 0.589842 -3.284180 1.586755 15.443232 -1.184398 0.027542
Pedestrian -1 -1 -10 634.000000 172.000000 641.000000 197.000000 1.739211 0.644569 0.942037 2.020583 1.681416 53.053754 -1.522372 0.019635
Car -1 -1 -10 0.000000 199.000000 227.000000 374.000000 1.525285 1.615624 3.879198 -5.019554 1.796805 6.148885 1.565006 0.954379
Car -1 -1 -10 914.000000 169.000000 1232.000000 375.000000 1.577313 1.619808 3.855261 2.597499 1.607608 2.225848 1.584389 0.923182
Car -1 -1 -10 387.000000 184.000000 472.000000 246.000000 1.530339 1.612771 3.884043 -5.422012 1.930903 21.696260 1.496760 0.882903
Car -1 -1 -10 501.000000 176.000000 535.000000 210.000000 1.524209 1.637014 3.965586 -5.358381 2.115818 40.474364 1.917409 0.089044
Car -1 -1 -10 1065.000000 176.000000 1241.000000 351.000000 1.643090 1.548237 3.684180 2.475661 1.680455 1.634774 -1.541843 0.051126
Car -1 -1 -10 46.000000 207.000000 218.000000 297.000000 1.468591 1.578758 3.887849 -5.113098 1.636378 6.046749 1.620133 0.011037
Cyclist -1 -1 -10 448.000000 171.000000 489.000000 268.000000 1.719471 0.597432 1.762282 -2.961377 1.751677 14.802555 1.553873 0.999648
Cyclist -1 -1 -10 405.000000 175.000000 453.000000 273.000000 1.702188 0.580553 1.799435 -3.600322 1.839495 14.312869 1.627946 0.998808
Cyclist -1 -1 -10 511.000000 174.000000 530.000000 215.000000 1.690217 0.573414 1.711669 -3.617762 1.743349 28.673029 1.566585 0.995932
Cyclist -1 -1 -10 388.000000 183.000000 474.000000 248.000000 1.680823 0.520582 1.582418 -3.744060 2.159044 15.187764 -1.713749 0.845200
Cyclist -1 -1 -10 416.000000 177.000000 442.000000 258.000000 1.690617 0.566758 1.795948 -3.695441 1.940701 14.434030 1.671325 0.058564
Cyclist -1 -1 -10 871.000000 157.000000 1275.000000 377.000000 1.665262 0.737655 1.772206 2.058384 1.660274 2.816757 -1.585419 0.032645
Cyclist -1 -1 -10 521.000000 174.000000 531.000000 209.000000 1.734386 0.467934 1.438942 -1.173540 1.241807 12.802423 -0.975510 0.025702
Cyclist -1 -1 -10 800.000000 156.000000 1034.000000 368.000000 1.771938 0.618461 1.745021 2.746770 1.504916 7.507965 1.483868 0.024449
Cyclist -1 -1 -10 458.000000 172.000000 481.000000 231.000000 1.709898 0.407980 1.079201 -3.687870 1.990078 18.890403 -1.119857 0.010527
