Pedestrian -1 -1 -10 627.000000 164.000000 658.000000 257.000000 1.833916 0.661461 0.957178 0.750306 1.458770 14.040146 -1.599369 0.991203
Pedestrian -1 -1 -10 440.000000 170.000000 464.000000 234.000000 1.767930 0.658464 0.744027 -4.217270 1.513518 20.122294 1.901390 0.990870
Pedestrian -1 -1 -10 17.000000 150.000000 176.000000 371.000000 1.692818 0.583295 0.565586 -2.788949 1.382930 3.746454 -1.636592 0.989862
Pedestrian -1 -1 -10 421.000000 172.000000 441.000000 232.000000 1.682491 0.553012 0.737487 -4.979581 1.480509 20.910957 1.421364 0.987907
Pedestrian -1 -1 -10 672.000000 169.000000 702.000000 254.000000 1.743586 0.633696 0.801213 1.640633 1.399534 13.832359 -1.467031 0.906550
Pedestrian -1 -1 -10 609.000000 165.000000 632.000000 229.000000 1.834276 0.659380 0.974555 0.564741 1.323507 22.372609 -1.689955 0.896084
Pedestrian -1 -1 -10 694.000000 177.000000 718.000000 242.000000 1.798681 0.651184 0.849470 2.543641 1.509744 17.030917 -1.558130 0.809746
Pedestrian -1 -1 -10 652.000000 171.000000 678.000000 244.000000 1.740650 0.564366 0.537592 1.454165 1.381608 16.728369 2.587053 0.744018
Pedestrian -1 -1 -10 185.000000 214.000000 285.000000 358.000000 1.711565 0.659365 0.674179 -2.899875 1.885650 5.465898 0.498367 0.662936
Pedestrian -1 -1 -10 706.000000 165.000000 731.000000 232.000000 1.755958 0.641460 0.770450 2.950108 1.266928 18.137807 -1.483123 0.580711
Pedestrian -1 -1 -10 0.000000 188.000000 91.000000 370.000000 1.754791 0.690135 0.741143 -5.266205 1.880166 6.697272 -0.021005 0.495354
Pedestrian -1 -1 -10 746.000000 161.000000 765.000000 221.000000 1.828658 0.533713 0.955426 4.508794 1.239993 21.112883 -1.757433 0.425596
Pedestrian -1 -1 -10 88.000000 205.000000 199.000000 367.000000 1.754284 0.630978 0.724374 -2.036320 1.689117 3.018423 -2.215375 0.388921
Pedestrian -1 -1 -10 178.000000 218.000000 222.000000 355.000000 1.782044 0.606902 0.719481 -3.333828 1.690083 5.540789 -2.121124 0.380549
Pedestrian -1 -1 -10 210.000000 172.000000 248.000000 267.000000 1.745800 0.685053 0.580321 -7.009929 1.465046 13.278601 -2.600680 0.262097
Pedestrian -1 -1 -10 641.000000 168.000000 668.000000 249.000000 1.797796 0.624331 0.651224 0.841861 1.353758 14.016567 -1.624570 0.236713
Pedestrian -1 -1 -10 725.000000 165.000000 745.000000 224.000000 1.646298 0.490011 0.584777 3.926290 1.018387 20.937993 1.175620 0.192579
Pedestrian -1 -1 -10 1.000000 203.000000 53.000000 342.000000 1.697274 0.545333 0.568700 -6.307536 1.639858 7.749246 -1.691206 0.186326
Pedestrian -1 -1 -10 133.000000 217.000000 180.000000 364.000000 1.727249 0.500703 0.726592 -1.826477 1.538284 2.470076 1.601684 0.167544
Car -1 -1 -10 538.000000 177.000000 575.000000 206.000000 1.524776 1.630815 3.851665 -2.516601 1.277166 39.688207 1.587792 0.998498
Cyclist -1 -1 -10 946.000000 188.000000 1231.000000 366.000000 1.629268 0.566851 1.710290 2.586632 1.772186 3.901319 1.108443 0.233852
Cyclist -1 -1 -10 179.000000 216.000000 280.000000 365.000000 1.695530 0.667233 1.465590 -2.994314 1.600138 5.210856 2.483320 0.214960
Cyclist -1 -1 -10 831.000000 160.000000 1041.000000 366.000000 1.748082 0.625203 1.696578 2.629790 1.861115 5.816271 -1.998273 0.159847
Cyclist -1 -1 -10 203.000000 173.000000 255.000000 274.000000 1.716655 0.700885 1.721900 -6.972904 1.344791 13.247082 2.213560 0.092479
Cyclist -1 -1 -10 101.000000 205.000000 190.000000 368.000000 1.670219 0.702299 1.680201 -2.189065 1.357806 3.045579 1.476899 0.052126
Cyclist -1 -1 -10 239.000000 203.000000 289.000000 264.000000 1.705710 0.659658 1.700361 -7.609427 1.919454 15.652341 -2.984505 0.047287
Cyclist -1 -1 -10 11.000000 173.000000 209.000000 370.000000 1.649465 0.721805 1.716562 -2.140076 1.398275 2.815359 1.489398 0.026901
Cyclist -1 -1 -10 211.000000 206.000000 286.000000 311.000000 1.805302 0.623514 1.165127 -4.006161 1.830600 8.211600 2.508541 0.021834
Cyclist -1 -1 -10 -1.000000 202.000000 48.000000 364.000000 1.659085 0.513529 1.592862 -11.845461 1.678909 14.967209 -2.266827 0.019260
Cyclist -1 -1 -10 145.000000 219.000000 190.000000 361.000000 1.670215 0.492345 1.612682 -1.943535 1.228351 3.025790 -1.550369 0.013010
Cyclist -1 -1 -10 163.000000 217.000000 230.000000 354.000000 1.704441 0.625517 1.629302 -2.028912 1.402289 2.944386 1.630858 0.011253
