Pedestrian -1 -1 -10 730.000000 167.000000 754.000000 227.000000 1.766893 0.689419 0.872954 3.737295 1.617029 20.649210 1.354101 0.471600
Car -1 -1 -10 367.000000 185.000000 460.000000 253.000000 1.477476 1.544203 3.684707 -4.478887 1.726542 16.581689 1.467720 0.999406
Car -1 -1 -10 500.000000 175.000000 578.000000 203.000000 1.591256 1.678173 4.111695 -3.991973 1.610464 40.615859 -2.548101 0.976842
Car -1 -1 -10 345.000000 184.000000 418.000000 221.000000 1.536785 1.614775 3.748113 -8.136754 1.882780 26.789125 0.808570 0.809613
Car -1 -1 -10 621.000000 173.000000 701.000000 198.000000 1.511627 1.649211 4.237729 2.993455 1.586118 44.068222 2.745417 0.729322
Car -1 -1 -10 91.000000 175.000000 202.000000 222.000000 1.508373 1.616669 3.821114 -20.029179 2.130446 32.552894 0.527476 0.028744
Car -1 -1 -10 124.000000 186.000000 206.000000 217.000000 1.501283 1.603166 3.867795 -19.893373 1.926917 33.254094 1.134695 0.012671
Cyclist -1 -1 -10 729.000000 168.000000 755.000000 227.000000 1.758855 0.616542 1.710094 3.753624 1.583004 20.801228 1.095604 0.951845
Cyclist -1 -1 -10 727.000000 170.000000 744.000000 216.000000 1.704932 0.600899 1.668314 3.555335 1.563985 21.047427 -1.544404 0.017422
Cyclist -1 -1 -10 778.000000 178.000000 819.000000 204.000000 1.688632 0.413249 1.133771 5.885990 1.575167 23.045319 -0.641220 0.011716
