Pedestrian -1 -1 -10 386.000000 159.000000 401.000000 213.000000 1.719905 0.599706 0.641275 -8.457483 1.354871 28.632489 -2.414843 0.435980
Pedestrian -1 -1 -10 396.000000 171.000000 406.000000 214.000000 1.737728 0.608411 0.569872 -8.336333 1.452539 28.714141 -2.414189 0.107462
Pedestrian -1 -1 -10 416.000000 168.000000 423.000000 220.000000 1.713323 0.615982 0.607128 -7.730406 1.347520 28.907558 0.352515 0.048995
Pedestrian -1 -1 -10 393.000000 175.000000 416.000000 215.000000 1.751823 0.685930 0.675557 -8.147423 1.583294 28.550442 -1.263151 0.022896
Pedestrian -1 -1 -10 402.000000 172.000000 426.000000 217.000000 1.795026 0.755420 0.624844 -7.831324 1.454660 28.607025 -1.758095 0.013216
Pedestrian -1 -1 -10 252.000000 177.000000 269.000000 218.000000 1.725607 0.551360 0.605213 -5.606329 1.681346 11.306362 2.103682 0.011517
Car -1 -1 -10 638.000000 178.000000 681.000000 212.000000 1.510702 1.643115 3.995368 2.263817 1.770554 33.456516 1.552994 0.999405
Car -1 -1 -10 552.000000 170.000000 583.000000 196.000000 1.677776 1.642248 3.940430 -3.033350 1.611170 51.946011 1.608166 0.998915
Car -1 -1 -10 424.000000 182.000000 532.000000 257.000000 1.464008 1.583330 3.728471 -2.878622 1.733384 16.298068 -1.551173 0.998605
Car -1 -1 -10 179.000000 172.000000 459.000000 357.000000 1.644169 1.672395 4.127540 -3.113774 1.679346 8.551038 1.550211 0.998274
Car -1 -1 -10 635.000000 171.000000 659.000000 197.000000 1.602404 1.631516 3.580246 2.657835 1.185521 51.139716 -1.577170 0.065814
Cyclist -1 -1 -10 251.000000 177.000000 271.000000 223.000000 1.702228 0.532882 1.695647 -9.548812 1.267211 19.430733 -2.129009 0.088897
