Car -1 -1 -10 698.000000 176.000000 805.000000 255.000000 1.491845 1.614639 3.966589 2.950857 1.588893 15.807642 -1.569508 0.999059
Car -1 -1 -10 -5.000000 206.000000 259.000000 357.000000 1.469861 1.579840 3.781077 -6.188216 1.948472 9.214127 1.583791 0.998600
Car -1 -1 -10 444.000000 181.000000 499.000000 217.000000 1.513006 1.624584 3.878722 -5.972318 1.989320 31.391409 1.592597 0.996196
Car -1 -1 -10 843.000000 152.000000 1069.000000 222.000000 1.585837 1.670094 4.180116 8.098823 1.117093 17.838120 3.168371 0.947357
Car -1 -1 -10 718.000000 161.000000 798.000000 207.000000 1.578272 1.593986 3.835981 5.502974 0.920638 23.695669 -1.396752 0.923773
Car -1 -1 -10 963.000000 130.000000 1241.000000 260.000000 1.772357 1.679707 3.969801 8.096752 1.135931 11.820451 3.196262 0.697638
Car -1 -1 -10 330.000000 182.000000 441.000000 250.000000 1.609666 1.635572 4.052245 -6.170591 1.909147 19.800559 -1.495600 0.566809
Car -1 -1 -10 470.000000 181.000000 513.000000 211.000000 1.538434 1.657722 4.036532 -6.073872 1.858470 37.222131 1.559783 0.457509
Car -1 -1 -10 285.000000 195.000000 397.000000 260.000000 1.462558 1.593120 3.981121 -6.357503 2.049043 17.303626 1.569189 0.040087
Car -1 -1 -10 486.000000 181.000000 526.000000 206.000000 1.501667 1.615495 3.907893 -6.004323 1.933322 41.887091 1.602942 0.033554
