Pedestrian -1 -1 -10 695.000000 160.000000 708.000000 200.000000 1.804903 0.605912 0.746491 4.340032 1.216759 34.409102 -1.598457 0.390428
Pedestrian -1 -1 -10 528.000000 168.000000 544.000000 218.000000 1.719873 0.640854 0.795722 -2.764092 1.619623 26.940337 1.485380 0.166038
Pedestrian -1 -1 -10 542.000000 170.000000 552.000000 200.000000 1.797183 0.683668 0.929035 -3.705090 1.662442 40.989127 1.537983 0.097840
Pedestrian -1 -1 -10 507.000000 172.000000 525.000000 217.000000 1.690584 0.660979 0.651075 -3.477483 1.712863 26.555158 1.884915 0.039676
Pedestrian -1 -1 -10 537.000000 171.000000 547.000000 203.000000 1.799472 0.555927 0.908317 -3.770500 1.771214 41.009343 2.445016 0.030474
Pedestrian -1 -1 -10 452.000000 180.000000 505.000000 219.000000 1.784349 0.681281 0.887171 -5.073171 2.411186 27.268153 -2.079310 0.013509
Car -1 -1 -10 718.000000 166.000000 903.000000 307.000000 1.540196 1.600504 3.677845 2.597516 1.548023 10.165214 -1.587601 0.999606
Car -1 -1 -10 255.000000 182.000000 416.000000 281.000000 1.567387 1.609585 3.906591 -5.034271 1.787992 13.654679 1.579884 0.999419
Car -1 -1 -10 450.000000 180.000000 506.000000 219.000000 1.498520 1.620027 3.992201 -5.294507 1.865548 29.562915 1.565616 0.997789
Car -1 -1 -10 442.000000 180.000000 483.000000 207.000000 1.510097 1.574363 3.574403 -8.693048 1.436050 38.897945 1.490045 0.050830
Car -1 -1 -10 470.000000 174.000000 510.000000 210.000000 1.533168 1.594838 3.962669 -5.567336 1.649990 30.715998 1.862555 0.024292
Cyclist -1 -1 -10 526.000000 167.000000 546.000000 221.000000 1.773510 0.629186 1.858568 -2.807895 1.702773 27.039057 1.537922 0.991561
Cyclist -1 -1 -10 505.000000 170.000000 528.000000 222.000000 1.743542 0.578625 1.801789 -3.472217 1.787898 26.507468 1.733575 0.989041
Cyclist -1 -1 -10 511.000000 172.000000 540.000000 210.000000 1.717577 0.592182 1.718542 -3.237584 1.393506 26.616997 -0.517273 0.516770
Cyclist -1 -1 -10 542.000000 170.000000 552.000000 200.000000 1.889182 0.707125 1.868041 -3.662726 1.669120 41.215362 1.514977 0.108227
Cyclist -1 -1 -10 490.000000 174.000000 522.000000 217.000000 1.731586 0.559861 1.799144 -3.498378 1.699165 26.486195 1.538009 0.049808
Cyclist -1 -1 -10 451.000000 179.000000 506.000000 219.000000 1.719378 0.732194 1.729849 -5.293377 1.973584 28.302918 2.359080 0.042277
Cyclist -1 -1 -10 507.000000 173.000000 520.000000 211.000000 1.691560 0.570599 1.734568 -3.485285 1.615015 26.431292 1.572831 0.036154
