Pedestrian -1 -1 -10 825.000000 157.000000 921.000000 377.000000 1.756049 0.561409 0.907400 2.083350 1.595616 5.825283 -1.253318 0.998122
Pedestrian -1 -1 -10 195.000000 166.000000 284.000000 372.000000 1.744455 0.666663 1.048779 -3.362483 1.613076 6.481750 -1.516734 0.996662
Pedestrian -1 -1 -10 758.000000 167.000000 835.000000 373.000000 1.676793 0.499663 0.701467 1.495148 1.568157 5.788416 -1.724713 0.995799
Pedestrian -1 -1 -10 1035.000000 162.000000 1114.000000 335.000000 1.681694 0.598520 0.658341 4.877153 1.481641 7.510066 -1.091463 0.968283
Pedestrian -1 -1 -10 898.000000 166.000000 930.000000 235.000000 1.721403 0.566040 0.731846 7.810071 1.423929 18.006977 2.987115 0.544074
Pedestrian -1 -1 -10 1174.000000 151.000000 1211.000000 237.000000 1.792985 0.608908 0.673985 11.948031 1.087574 14.740379 0.091614 0.523204
Pedestrian -1 -1 -10 488.000000 179.000000 506.000000 228.000000 1.710264 0.658121 0.720752 -3.967047 1.728744 27.292815 -1.541853 0.107387
Pedestrian -1 -1 -10 1013.000000 172.000000 1031.000000 228.000000 1.741648 0.673271 0.609970 10.674896 1.423217 18.139324 2.137277 0.043179
Pedestrian -1 -1 -10 1140.000000 155.000000 1173.000000 227.000000 1.710191 0.659129 0.723503 13.170702 1.534465 17.012637 3.211400 0.034700
Pedestrian -1 -1 -10 587.000000 176.000000 601.000000 217.000000 1.834285 0.649260 0.818284 -0.373206 1.669339 33.946307 1.460827 0.026567
Pedestrian -1 -1 -10 1148.000000 153.000000 1191.000000 235.000000 1.765758 0.663320 0.690562 12.362710 1.845852 15.685543 3.212939 0.020346
Car -1 -1 -10 527.000000 171.000000 584.000000 220.000000 1.908253 1.803552 4.205111 -2.073141 1.646633 32.702246 1.613435 0.172613
Car -1 -1 -10 598.000000 174.000000 631.000000 204.000000 1.948928 1.692369 4.242598 0.854649 1.602831 51.656879 1.585964 0.023078
Cyclist -1 -1 -10 351.000000 178.000000 426.000000 269.000000 1.670409 0.529250 1.780573 -4.169388 1.675068 14.019446 1.326862 0.984841
Cyclist -1 -1 -10 1027.000000 163.000000 1124.000000 337.000000 1.730667 0.470866 1.696666 4.945431 1.506198 7.579644 -0.832619 0.713238
Cyclist -1 -1 -10 898.000000 166.000000 930.000000 235.000000 1.752717 0.549487 1.772719 7.728048 1.346996 18.019832 2.617603 0.429015
Cyclist -1 -1 -10 879.000000 168.000000 1169.000000 364.000000 1.716984 0.597354 1.839628 2.735712 1.597192 4.509137 -1.742793 0.019449
Cyclist -1 -1 -10 822.000000 157.000000 930.000000 375.000000 1.741607 0.494740 1.669932 2.059697 1.585842 5.924537 -2.133498 0.013336
