Car -1 -1 -10 553.000000 184.000000 710.000000 333.000000 1.442743 1.664317 3.696366 0.208130 1.642671 9.123795 -1.538262 0.999636
Car -1 -1 -10 689.000000 178.000000 745.000000 216.000000 1.426055 1.594522 4.014259 4.298096 1.716040 29.239952 -1.565636 0.998655
Car -1 -1 -10 2.000000 173.000000 373.000000 374.000000 1.577506 1.662487 3.825941 -3.364506 1.734563 5.515377 -1.582245 0.994278
Car -1 -1 -10 439.000000 178.000000 522.000000 240.000000 1.494003 1.645264 3.992749 -3.568840 1.667972 20.009616 -1.584198 0.961860
Car -1 -1 -10 470.000000 168.000000 537.000000 221.000000 1.678828 1.639417 3.863782 -3.742912 1.591716 26.596453 -1.559336 0.810086
Car -1 -1 -10 573.000000 179.000000 655.000000 269.000000 1.536069 1.589549 3.555057 0.007540 1.534513 19.444497 1.582975 0.606525
Car -1 -1 -10 210.000000 178.000000 272.000000 214.000000 1.577304 1.659162 3.765177 -24.516817 2.367513 48.714821 -1.689962 0.068030
Car -1 -1 -10 969.000000 86.000000 1238.000000 369.000000 1.867620 1.742264 4.180149 3.678641 1.320556 4.355661 -1.417756 0.028762
Car -1 -1 -10 819.000000 203.000000 1045.000000 357.000000 1.467678 1.586417 3.717318 3.697914 1.726504 8.000254 1.493231 0.026218
Car -1 -1 -10 0.000000 186.000000 177.000000 367.000000 1.545285 1.597452 3.731449 -3.126746 1.542059 4.859145 -1.293029 0.019565
Car -1 -1 -10 405.000000 189.000000 501.000000 245.000000 1.572950 1.617621 3.720928 -4.083893 1.711164 18.380662 -2.664622 0.012530
Cyclist -1 -1 -10 569.000000 183.000000 657.000000 265.000000 1.678566 0.386847 1.050348 -0.093575 1.753748 11.144130 -0.877797 0.032854
Cyclist -1 -1 -10 191.000000 178.000000 289.000000 229.000000 1.719730 0.687469 1.579086 -24.387571 2.375758 46.841753 2.563537 0.012230
Cyclist -1 -1 -10 145.000000 183.000000 241.000000 226.000000 1.716196 0.696826 1.673248 -23.918584 2.561658 40.443879 2.573279 0.011024
