Pedestrian -1 -1 -10 677.000000 170.000000 691.000000 213.000000 1.759038 0.552229 0.999485 3.102477 1.699826 30.864487 -0.450193 0.936685
Car -1 -1 -10 462.000000 180.000000 515.000000 212.000000 1.451224 1.544615 3.690010 -5.675534 1.722139 33.563229 1.123095 0.998760
Car -1 -1 -10 338.000000 181.000000 416.000000 208.000000 1.539077 1.628616 3.976273 -13.014027 1.988005 40.320716 0.392801 0.996511
Car -1 -1 -10 -1.000000 193.000000 238.000000 369.000000 1.499974 1.640692 3.922623 -5.942613 1.790866 8.021819 1.520484 0.987690
Car -1 -1 -10 836.000000 195.000000 1254.000000 376.000000 1.534866 1.601672 3.855198 2.965610 1.637608 4.630265 -1.620726 0.972022
Car -1 -1 -10 50.000000 183.000000 155.000000 234.000000 1.507448 1.611764 3.799811 -17.752765 1.664075 25.877428 -1.731243 0.532154
Car -1 -1 -10 131.000000 180.000000 213.000000 253.000000 1.447000 1.605490 3.664147 -15.130352 1.609973 25.227429 1.264522 0.427915
Car -1 -1 -10 3.000000 187.000000 86.000000 238.000000 1.507860 1.497954 3.493296 -18.470918 1.986142 26.321800 -1.541474 0.192812
Car -1 -1 -10 0.000000 187.000000 145.000000 263.000000 1.516465 1.566246 3.610582 -10.477313 1.726729 13.519157 1.542223 0.127386
Car -1 -1 -10 0.000000 196.000000 123.000000 331.000000 1.446288 1.557395 3.679753 -6.166466 1.834248 7.411984 1.488700 0.046190
Car -1 -1 -10 51.000000 194.000000 231.000000 298.000000 1.533377 1.604728 3.726894 -6.801023 1.409974 11.294151 -1.613118 0.039803
Cyclist -1 -1 -10 125.000000 183.000000 214.000000 263.000000 1.696060 0.385806 1.360660 -10.964662 1.729936 18.012642 -1.402036 0.012250
