Pedestrian -1 -1 -10 394.000000 167.000000 422.000000 244.000000 1.752096 0.638756 0.703281 -4.577730 1.387385 16.829549 -1.182359 0.940238
Pedestrian -1 -1 -10 498.000000 181.000000 525.000000 244.000000 1.594191 0.635312 0.864434 -2.136765 1.619723 16.626963 -1.762629 0.445064
Pedestrian -1 -1 -10 386.000000 164.000000 407.000000 243.000000 1.796630 0.658739 0.923346 -4.954057 1.334415 17.348069 -0.682322 0.125717
Pedestrian -1 -1 -10 472.000000 185.000000 496.000000 243.000000 1.648672 0.752633 0.783990 -2.778507 1.688018 16.673778 -1.294817 0.084723
Pedestrian -1 -1 -10 487.000000 184.000000 516.000000 242.000000 1.697578 0.690998 0.803326 -2.336508 1.625692 16.581178 -1.188613 0.032532
Pedestrian -1 -1 -10 845.000000 165.000000 857.000000 215.000000 1.731601 0.773200 0.597295 6.639342 1.486040 19.074124 1.984248 0.020535
Pedestrian -1 -1 -10 483.000000 186.000000 501.000000 242.000000 1.716759 0.583077 0.615096 -2.627315 1.504480 17.694941 0.465236 0.013971
Pedestrian -1 -1 -10 1012.000000 122.000000 1045.000000 223.000000 1.718043 0.805417 0.608081 8.814062 0.918106 14.817226 2.253684 0.011477
Car -1 -1 -10 711.000000 158.000000 855.000000 270.000000 1.764482 1.657569 3.855928 3.279372 1.417407 13.692650 -1.589006 0.988493
Cyclist -1 -1 -10 862.000000 203.000000 998.000000 368.000000 1.731952 0.611261 1.742228 2.632002 2.011138 5.959906 -2.095735 0.012232
