Pedestrian -1 -1 -10 697.000000 170.000000 705.000000 215.000000 1.769272 0.626112 0.894393 5.249142 1.618153 42.074066 -0.941171 0.137544
Pedestrian -1 -1 -10 695.000000 171.000000 711.000000 219.000000 1.758168 0.624781 0.802696 5.553540 1.519709 41.538206 -1.020586 0.089550
Pedestrian -1 -1 -10 701.000000 180.000000 722.000000 215.000000 1.797940 0.677899 0.687847 5.119525 1.954385 34.932050 1.756823 0.052753
Pedestrian -1 -1 -10 705.000000 177.000000 715.000000 217.000000 1.810410 0.678143 0.636722 5.186133 1.853978 37.572601 -1.079663 0.024177
Pedestrian -1 -1 -10 695.000000 173.000000 702.000000 213.000000 1.748185 0.589075 0.795625 5.194195 1.619099 42.159698 -1.349428 0.019097
Pedestrian -1 -1 -10 709.000000 178.000000 718.000000 218.000000 1.737255 0.611004 0.647059 4.457161 1.912114 32.259878 -1.964400 0.014490
Car -1 -1 -10 535.000000 181.000000 576.000000 213.000000 1.490773 1.667908 4.163327 -2.666726 1.904917 35.489483 1.549318 0.998879
Car -1 -1 -10 674.000000 187.000000 761.000000 251.000000 1.464177 1.599206 3.727817 2.592152 1.839184 18.268437 -1.554462 0.998684
Car -1 -1 -10 647.000000 182.000000 693.000000 220.000000 1.500124 1.622994 3.912011 2.428262 1.973065 31.258322 1.547039 0.995882
Car -1 -1 -10 226.000000 192.000000 491.000000 356.000000 1.468515 1.656153 4.178918 -2.770911 1.722711 8.749246 1.565278 0.992820
