Car -1 -1 -10 302.000000 193.000000 445.000000 300.000000 1.560947 1.546603 3.604763 -3.956180 1.983563 12.415564 1.508564 0.998672
Car -1 -1 -10 753.000000 189.000000 974.000000 322.000000 1.457456 1.604701 3.827781 3.149113 1.726082 10.091736 -1.602475 0.998148
Car -1 -1 -10 681.000000 172.000000 799.000000 266.000000 1.652759 1.620476 3.704322 2.425094 1.732924 15.366651 -1.608180 0.997658
Car -1 -1 -10 853.000000 202.000000 1247.000000 375.000000 1.501753 1.611475 3.892389 3.334752 1.752585 5.350971 -1.602665 0.996999
Car -1 -1 -10 440.000000 172.000000 516.000000 233.000000 1.795047 1.671659 4.252092 -4.390045 1.902079 24.163748 -1.639456 0.991184
Car -1 -1 -10 0.000000 203.000000 347.000000 376.000000 1.529313 1.635687 4.046567 -3.550243 1.876511 5.556891 1.479450 0.991014
Car -1 -1 -10 630.000000 179.000000 686.000000 222.000000 1.467451 1.611312 3.942045 1.757641 1.784934 28.123859 -1.618165 0.987973
Car -1 -1 -10 508.000000 179.000000 538.000000 204.000000 1.471619 1.611882 3.819173 -5.483088 1.829875 45.294218 1.524860 0.984510
Car -1 -1 -10 652.000000 176.000000 738.000000 239.000000 1.524247 1.549289 3.493617 1.601513 1.707998 18.257820 -1.434519 0.903400
Car -1 -1 -10 624.000000 178.000000 657.000000 209.000000 1.529082 1.543488 3.671881 1.549514 1.772906 33.985723 -1.605381 0.520421
