Car -1 -1 -10 677.000000 177.000000 751.000000 224.000000 1.470056 1.624454 3.988313 3.083517 1.599228 22.961327 -1.584953 0.998217
Car -1 -1 -10 428.000000 189.000000 490.000000 229.000000 1.431847 1.582043 3.887569 -5.985142 2.089331 28.538325 1.633594 0.997462
Car -1 -1 -10 885.000000 144.000000 1102.000000 215.000000 1.551508 1.677683 4.089093 9.154384 0.938623 17.030277 3.202984 0.997154
Car -1 -1 -10 355.000000 192.000000 446.000000 248.000000 1.431208 1.610179 3.963201 -6.139489 2.066492 20.952726 1.571346 0.996602
Car -1 -1 -10 241.000000 199.000000 386.000000 285.000000 1.479346 1.576934 3.788386 -6.095236 2.083439 14.962138 1.565683 0.996464
Car -1 -1 -10 666.000000 175.000000 722.000000 218.000000 1.488952 1.596643 3.790441 3.048080 1.595371 28.356646 -1.575569 0.989749
Car -1 -1 -10 10.000000 205.000000 300.000000 350.000000 1.457229 1.577160 3.818040 -5.985157 2.041873 10.173972 1.571556 0.961947
Car -1 -1 -10 650.000000 177.000000 691.000000 207.000000 1.546169 1.618216 3.901047 3.162012 1.761984 38.390850 1.516693 0.771199
Car -1 -1 -10 462.000000 186.000000 509.000000 218.000000 1.554740 1.623420 3.928678 -6.080158 2.144764 34.628998 1.603964 0.608968
Car -1 -1 -10 787.000000 157.000000 936.000000 205.000000 1.472896 1.602674 3.888174 8.753419 1.085813 22.460646 -0.114112 0.418045
Car -1 -1 -10 0.000000 227.000000 67.000000 369.000000 1.522436 1.620355 3.904332 -6.045161 2.052533 5.153636 1.551228 0.200982
Car -1 -1 -10 493.000000 184.000000 531.000000 209.000000 1.540210 1.578731 3.818732 -6.057216 2.179226 43.461053 1.585116 0.070219
Car -1 -1 -10 823.000000 148.000000 1007.000000 205.000000 1.511715 1.589865 3.875034 8.707580 1.025750 22.113613 2.657456 0.054094
