Pedestrian -1 -1 -10 235.000000 186.000000 248.000000 215.000000 1.765804 0.620789 0.688057 -21.342807 2.080109 41.424058 -2.595813 0.785598
Pedestrian -1 -1 -10 207.000000 184.000000 227.000000 220.000000 1.763146 0.462322 0.674632 -7.052615 1.532172 12.971302 -0.405684 0.774319
Pedestrian -1 -1 -10 229.000000 187.000000 255.000000 221.000000 1.764017 0.462443 0.674224 -6.659091 1.518219 13.097023 -0.378734 0.086233
Pedestrian -1 -1 -10 206.000000 185.000000 247.000000 224.000000 1.767660 0.463008 0.681774 -6.521048 1.401309 12.270363 -0.403172 0.057030
Pedestrian -1 -1 -10 183.000000 195.000000 264.000000 236.000000 1.786737 0.562815 0.942193 -15.547256 2.996342 28.900228 -0.405388 0.013387
Car -1 -1 -10 597.000000 174.000000 630.000000 204.000000 1.581747 1.667489 3.911457 0.264005 1.927252 43.634464 -1.622128 0.998821
Car -1 -1 -10 183.000000 196.000000 264.000000 236.000000 1.530468 1.624921 3.875968 -16.228560 2.571556 30.438625 1.564371 0.997193
Car -1 -1 -10 0.000000 205.000000 88.000000 286.000000 1.448342 1.620113 3.836666 -12.689366 2.166184 14.762758 1.561853 0.750655
Cyclist -1 -1 -10 186.000000 192.000000 258.000000 236.000000 1.662366 0.954686 1.874399 -15.888185 2.671631 28.949718 2.566477 0.082687
Cyclist -1 -1 -10 203.000000 185.000000 227.000000 221.000000 1.726370 0.457246 1.421107 -9.040406 1.389269 16.765878 -1.348333 0.023557
Cyclist -1 -1 -10 206.000000 185.000000 247.000000 224.000000 1.676562 0.529553 1.604076 -15.528468 2.378021 30.044603 -1.992458 0.016362
Cyclist -1 -1 -10 229.000000 187.000000 254.000000 219.000000 1.726714 0.457318 1.418924 -8.673648 1.409400 17.206054 -1.320040 0.014581
