Car -1 -1 -10 681.000000 183.000000 751.000000 233.000000 1.473776 1.567644 3.481303 3.204589 1.813690 22.591368 -1.604960 0.997461
Car -1 -1 -10 238.000000 181.000000 433.000000 256.000000 1.580354 1.661362 4.097488 -6.145847 1.666512 15.980269 -3.387017 0.996506
Car -1 -1 -10 97.000000 181.000000 388.000000 272.000000 1.492331 1.645731 3.834782 -6.636530 1.670231 13.185559 -3.162375 0.996253
Car -1 -1 -10 760.000000 178.000000 1023.000000 336.000000 1.519592 1.614101 3.770289 3.195751 1.610877 9.242305 -1.582569 0.993668
Car -1 -1 -10 326.000000 175.000000 479.000000 238.000000 1.597225 1.629752 4.280459 -6.072044 1.710053 20.996771 0.094371 0.974049
Car -1 -1 -10 2.000000 185.000000 231.000000 346.000000 1.494986 1.628219 4.249933 -6.691478 1.616152 7.541615 -3.193093 0.969961
Car -1 -1 -10 890.000000 190.000000 1236.000000 375.000000 1.519770 1.613978 3.901818 3.098861 1.694386 4.044943 -1.582923 0.956274
Car -1 -1 -10 434.000000 177.000000 529.000000 215.000000 1.553098 1.618413 3.847061 -5.308495 2.014824 30.586255 -2.315430 0.672978
Car -1 -1 -10 386.000000 175.000000 501.000000 223.000000 1.594651 1.545956 3.608388 -5.289399 1.734791 28.270384 -1.647282 0.500390
Car -1 -1 -10 726.000000 181.000000 816.000000 218.000000 1.534268 1.628543 3.927649 7.156984 1.949042 30.068875 0.061700 0.155886
