Pedestrian -1 -1 -10 405.000000 180.000000 414.000000 216.000000 1.803577 0.699145 0.681776 -12.248833 2.290980 44.225664 1.432024 0.158710
Pedestrian -1 -1 -10 373.000000 182.000000 417.000000 273.000000 1.673476 0.744629 0.637245 -4.138772 1.805333 13.633492 1.351084 0.031727
Pedestrian -1 -1 -10 378.000000 186.000000 407.000000 238.000000 1.714420 0.614586 0.637866 -6.076778 1.707720 19.520199 -1.346800 0.022648
Pedestrian -1 -1 -10 390.000000 184.000000 410.000000 232.000000 1.725919 0.549979 0.599219 -4.313226 1.501499 14.256321 2.270446 0.011384
Car -1 -1 -10 694.000000 183.000000 860.000000 295.000000 1.523348 1.562438 3.535186 2.405525 1.717291 11.426444 -1.684273 0.999633
Car -1 -1 -10 258.000000 201.000000 385.000000 283.000000 1.474506 1.600122 3.673853 -5.519905 1.998728 14.182219 -1.785012 0.998205
Car -1 -1 -10 570.000000 183.000000 622.000000 223.000000 1.459908 1.577797 3.628589 -0.717618 1.982969 30.315249 -1.758125 0.997515
Car -1 -1 -10 960.000000 194.000000 1243.000000 371.000000 1.515617 1.637789 3.845883 2.901707 1.647762 2.362451 1.589317 0.961930
Car -1 -1 -10 547.000000 184.000000 581.000000 212.000000 1.487126 1.630675 3.651355 -2.559740 2.157579 40.433917 -1.731516 0.712236
Car -1 -1 -10 331.000000 192.000000 405.000000 246.000000 1.517501 1.544554 3.850027 -6.417676 2.158258 19.196226 1.180618 0.168843
Car -1 -1 -10 413.000000 187.000000 452.000000 223.000000 1.601783 1.694777 3.930162 -8.536394 2.406092 35.135743 -1.811425 0.121505
Cyclist -1 -1 -10 418.000000 180.000000 464.000000 265.000000 1.713290 0.526194 1.781652 -3.689308 1.868666 15.730576 1.580445 0.999747
Cyclist -1 -1 -10 370.000000 181.000000 420.000000 281.000000 1.701954 0.534738 1.716637 -4.096773 1.821045 13.528198 1.447554 0.998540
Cyclist -1 -1 -10 339.000000 188.000000 406.000000 268.000000 1.666714 0.645221 1.651311 -5.761591 2.219483 17.476493 2.711733 0.176477
Cyclist -1 -1 -10 415.000000 185.000000 454.000000 225.000000 1.740530 0.618683 1.703412 -8.772944 2.624963 33.827397 0.215127 0.173470
Cyclist -1 -1 -10 253.000000 198.000000 396.000000 285.000000 1.703908 0.767416 1.836969 -5.164253 2.077029 12.810178 2.336937 0.050222
Cyclist -1 -1 -10 372.000000 187.000000 403.000000 232.000000 1.728277 0.447912 1.416570 -5.844586 1.486553 19.010661 -1.141665 0.027197
Cyclist -1 -1 -10 398.000000 181.000000 413.000000 221.000000 1.786895 0.625845 1.779567 -12.390485 2.216230 44.139473 0.160203 0.020025
Cyclist -1 -1 -10 390.000000 184.000000 410.000000 232.000000 1.640859 0.527848 1.577071 -5.657213 1.624916 19.634837 -1.831794 0.010298
