Pedestrian -1 -1 -10 970.000000 152.000000 1016.000000 278.000000 1.759574 0.640191 0.929335 5.441141 1.355485 10.068194 -1.708954 0.972482
Pedestrian -1 -1 -10 1054.000000 139.000000 1236.000000 375.000000 1.704578 0.519023 0.771726 2.584673 1.472141 3.395233 3.344473 0.938047
Pedestrian -1 -1 -10 469.000000 173.000000 490.000000 227.000000 1.799941 0.691267 0.886676 -4.182354 1.540413 24.829466 -1.213245 0.781984
Pedestrian -1 -1 -10 -1.000000 154.000000 80.000000 369.000000 1.688654 0.590855 0.752403 -3.205639 1.613947 3.948771 2.444717 0.529411
Pedestrian -1 -1 -10 541.000000 184.000000 561.000000 227.000000 1.702447 0.700065 0.770583 -1.750747 1.838242 24.425484 -1.516220 0.279269
Pedestrian -1 -1 -10 452.000000 161.000000 465.000000 215.000000 1.726909 0.548207 0.777097 -4.796092 1.489113 23.698356 0.421382 0.106840
Pedestrian -1 -1 -10 526.000000 185.000000 544.000000 227.000000 1.674327 0.669493 0.799379 -2.364956 1.725513 24.451675 -2.077061 0.104014
Pedestrian -1 -1 -10 1147.000000 27.000000 1229.000000 283.000000 1.741935 0.615027 0.605679 6.091578 1.991226 7.272351 -0.334993 0.050459
Pedestrian -1 -1 -10 3.000000 156.000000 167.000000 372.000000 1.727736 0.636305 0.631061 -3.133352 1.564768 3.905778 1.900499 0.048955
Pedestrian -1 -1 -10 538.000000 184.000000 550.000000 226.000000 1.760750 0.629622 0.813336 -2.241188 1.744297 26.291880 1.570762 0.017507
Pedestrian -1 -1 -10 1173.000000 36.000000 1235.000000 191.000000 1.722689 0.523647 0.581881 8.034861 1.026251 9.550009 3.278844 0.012095
Pedestrian -1 -1 -10 0.000000 171.000000 106.000000 264.000000 1.706367 0.581702 0.535982 -5.815935 1.532265 7.710308 2.024841 0.011966
Car -1 -1 -10 686.000000 168.000000 766.000000 236.000000 1.764870 1.659351 3.882387 3.603185 1.424285 21.446090 -1.585640 0.984168
Car -1 -1 -10 1054.000000 132.000000 1236.000000 374.000000 1.525672 1.604751 3.667571 3.695009 1.138050 3.636805 0.702938 0.011274
Car -1 -1 -10 2.000000 148.000000 95.000000 369.000000 1.520957 1.571494 3.721878 -2.502753 1.260394 4.842127 -0.037909 0.010937
Cyclist -1 -1 -10 1052.000000 136.000000 1237.000000 372.000000 1.659626 0.680826 1.630697 2.665324 1.273266 3.513531 -2.423926 0.370428
Cyclist -1 -1 -10 467.000000 176.000000 492.000000 226.000000 1.793119 0.473273 1.711372 -4.360120 1.583497 25.054274 -2.068144 0.167361
Cyclist -1 -1 -10 687.000000 166.000000 768.000000 235.000000 1.803600 0.745418 1.807978 3.193941 1.318001 19.827644 0.204362 0.056420
Cyclist -1 -1 -10 2.000000 148.000000 95.000000 369.000000 1.689530 0.562424 1.677771 -3.262055 1.529913 3.933728 -2.566305 0.013425
