Car -1 -1 -10 703.000000 179.000000 819.000000 265.000000 1.450464 1.592148 3.738875 2.840748 1.609959 14.392000 -1.586253 0.995514
Car -1 -1 -10 651.000000 172.000000 694.000000 207.000000 1.499608 1.601516 3.740796 2.681771 1.535338 31.885825 -1.579942 0.992775
Car -1 -1 -10 213.000000 164.000000 431.000000 257.000000 1.732933 1.670670 4.090140 -6.154389 1.594200 15.591917 0.048122 0.992523
Car -1 -1 -10 -14.000000 182.000000 302.000000 326.000000 1.442591 1.589761 3.970212 -6.323212 1.753167 8.447629 -3.134449 0.990229
Car -1 -1 -10 732.000000 160.000000 1012.000000 347.000000 1.715906 1.690430 4.172753 2.770339 1.607640 8.942886 -1.607256 0.989260
Car -1 -1 -10 674.000000 173.000000 761.000000 235.000000 1.476778 1.627810 3.848188 2.835920 1.573852 19.868807 -1.573188 0.979756
Car -1 -1 -10 84.000000 170.000000 376.000000 279.000000 1.548017 1.643188 3.934577 -6.477540 1.604928 12.246409 -3.129530 0.931248
Car -1 -1 -10 306.000000 166.000000 466.000000 226.000000 1.563971 1.612186 3.871261 -6.020773 1.416344 22.569324 -3.268684 0.903420
Car -1 -1 -10 391.000000 169.000000 510.000000 210.000000 1.506940 1.611044 4.037707 -6.697051 1.615251 30.364608 0.196152 0.831204
Car -1 -1 -10 0.000000 200.000000 189.000000 372.000000 1.474228 1.626936 4.148198 -6.064630 1.692585 6.633201 -0.065713 0.588811
