Pedestrian -1 -1 -10 -1.000000 226.000000 42.000000 373.000000 1.672323 0.532619 0.550986 -4.247473 2.247645 5.013147 -0.040016 0.015326
Car -1 -1 -10 669.000000 186.000000 747.000000 243.000000 1.439658 1.644595 4.029213 2.703827 1.817459 20.553571 -1.570703 0.999484
Car -1 -1 -10 0.000000 188.000000 219.000000 352.000000 1.590292 1.630613 3.913667 -6.140135 1.712546 7.019344 -3.124283 0.991922
Car -1 -1 -10 70.000000 182.000000 410.000000 284.000000 1.481374 1.619202 4.203848 -6.196456 1.690479 12.577479 0.042574 0.990990
Car -1 -1 -10 740.000000 181.000000 836.000000 228.000000 1.486388 1.613156 3.870358 6.492268 1.804565 25.506936 0.065044 0.967129
Car -1 -1 -10 454.000000 178.000000 539.000000 211.000000 1.511643 1.596886 3.991536 -6.299762 1.852188 34.363491 -3.106387 0.913511
Car -1 -1 -10 328.000000 180.000000 492.000000 234.000000 1.493897 1.602539 3.926672 -5.708718 1.822568 22.159258 0.075397 0.900725
Car -1 -1 -10 281.000000 179.000000 425.000000 246.000000 1.498669 1.610014 4.120082 -6.421827 1.596180 18.953914 1.381198 0.592431
Car -1 -1 -10 394.000000 180.000000 515.000000 223.000000 1.478778 1.561865 3.524370 -4.687605 1.987946 21.104285 0.825271 0.434139
Car -1 -1 -10 690.000000 180.000000 752.000000 218.000000 1.523088 1.533033 3.554202 5.083587 2.089995 29.872681 1.687818 0.411733
Car -1 -1 -10 413.000000 186.000000 481.000000 218.000000 1.474395 1.502453 3.103809 -5.367575 1.524095 22.935938 0.781013 0.041894
