Pedestrian -1 -1 -10 824.000000 152.000000 851.000000 197.000000 1.744285 0.550560 0.542707 4.378115 1.557313 14.446435 3.266185 0.028155
Car -1 -1 -10 350.000000 187.000000 452.000000 248.000000 1.520915 1.622115 3.916826 -5.696203 1.963508 19.859731 1.608152 0.999168
Car -1 -1 -10 412.000000 185.000000 484.000000 230.000000 1.455499 1.545743 3.825697 -5.640974 1.947699 25.143688 1.575869 0.995620
Car -1 -1 -10 -2.000000 190.000000 282.000000 371.000000 1.667917 1.678709 3.947360 -5.903119 1.945516 8.712926 -1.547628 0.987860
Car -1 -1 -10 891.000000 170.000000 1239.000000 374.000000 1.516632 1.622651 3.888629 2.988640 1.603785 3.998670 -1.525568 0.986525
Car -1 -1 -10 762.000000 156.000000 877.000000 194.000000 1.620991 1.702001 4.057085 9.604214 0.987371 31.955611 3.259457 0.972974
Car -1 -1 -10 445.000000 183.000000 502.000000 222.000000 1.459993 1.559306 3.772378 -5.563877 1.911838 30.047313 1.611518 0.897897
Car -1 -1 -10 662.000000 174.000000 703.000000 200.000000 1.583520 1.615389 3.961806 3.741913 1.480727 38.044889 1.527710 0.607405
Car -1 -1 -10 473.000000 183.000000 520.000000 212.000000 1.556753 1.613884 3.957852 -5.414258 1.978797 36.098101 1.578111 0.391280
Car -1 -1 -10 1069.000000 139.000000 1222.000000 178.000000 1.536070 1.643935 4.029220 22.971901 0.207873 31.088999 0.033724 0.351928
Car -1 -1 -10 734.000000 161.000000 836.000000 192.000000 1.534845 1.541140 3.570777 8.812283 1.045817 37.062017 -0.208390 0.145843
Car -1 -1 -10 1024.000000 144.000000 1132.000000 176.000000 1.470109 1.570496 3.812239 23.492067 0.199257 36.361516 0.031661 0.091115
Car -1 -1 -10 503.000000 180.000000 543.000000 206.000000 1.558352 1.621450 3.995563 -5.065127 2.022295 43.713962 1.680543 0.066600
Cyclist -1 -1 -10 776.000000 153.000000 876.000000 192.000000 1.485847 1.618521 3.999057 9.544087 1.003600 31.341089 3.272019 0.040253
