Pedestrian -1 -1 -10 263.000000 170.000000 333.000000 329.000000 1.749383 0.633709 0.954110 -3.561163 1.534548 8.277187 -1.547004 0.997892
Pedestrian -1 -1 -10 769.000000 156.000000 819.000000 264.000000 1.717303 0.513786 0.843647 2.517716 1.393702 9.376455 2.941385 0.982814
Pedestrian -1 -1 -10 847.000000 154.000000 878.000000 238.000000 1.754146 0.634347 0.828756 5.220261 1.139654 14.634895 -1.289733 0.981582
Pedestrian -1 -1 -10 547.000000 176.000000 563.000000 211.000000 1.767712 0.696453 0.914667 -1.904508 1.425227 30.199887 -1.657399 0.090028
Pedestrian -1 -1 -10 486.000000 167.000000 503.000000 211.000000 1.796451 0.670993 0.940668 -4.608212 1.227815 30.889571 -0.632847 0.066842
Pedestrian -1 -1 -10 106.000000 145.000000 150.000000 314.000000 1.787498 0.550182 0.901476 -5.862638 1.759933 8.642505 -0.069695 0.027251
Pedestrian -1 -1 -10 485.000000 165.000000 494.000000 211.000000 1.766740 0.586242 0.852311 -4.848125 1.108670 31.144984 -0.707747 0.015732
Pedestrian -1 -1 -10 793.000000 160.000000 814.000000 199.000000 1.776545 0.599133 0.784229 7.492462 0.781619 26.942379 1.419590 0.014202
Pedestrian -1 -1 -10 82.000000 150.000000 117.000000 273.000000 1.788964 0.560763 0.793519 -6.263918 1.191889 9.000559 -0.007684 0.011283
Pedestrian -1 -1 -10 781.000000 160.000000 816.000000 227.000000 1.738232 0.553035 0.543945 3.896224 1.514252 14.743906 3.228629 0.010825
Car -1 -1 -10 664.000000 162.000000 725.000000 214.000000 1.756557 1.595524 3.632187 3.387673 1.119812 27.185713 -1.606147 0.913575
Cyclist -1 -1 -10 689.000000 181.000000 721.000000 221.000000 1.775591 0.699649 1.509998 3.287893 1.326477 24.864366 -1.421694 0.031311
Cyclist -1 -1 -10 669.000000 163.000000 720.000000 215.000000 1.766909 0.557502 1.449958 2.223796 1.492867 18.788120 -0.718233 0.027841
Cyclist -1 -1 -10 768.000000 156.000000 820.000000 265.000000 1.715584 0.534135 1.554177 2.636751 1.315751 9.658822 3.260140 0.012006
