Car -1 -1 -10 577.000000 173.000000 646.000000 237.000000 1.503493 1.669832 3.767403 -0.010288 1.239552 20.493648 -1.563983 0.999419
Car -1 -1 -10 366.000000 176.000000 486.000000 262.000000 1.585696 1.622180 3.770830 -3.932306 1.429543 15.969540 -1.560290 0.997953
Car -1 -1 -10 243.000000 182.000000 353.000000 245.000000 1.485437 1.576744 3.628585 -8.244175 1.482188 19.258112 -1.588798 0.997706
Car -1 -1 -10 456.000000 177.000000 515.000000 223.000000 1.575259 1.586620 3.687205 -4.588602 1.328002 27.777291 -1.587239 0.995829
Car -1 -1 -10 344.000000 183.000000 401.000000 224.000000 1.469126 1.626112 3.811931 -8.640368 1.340554 28.003083 -1.364062 0.566586
Car -1 -1 -10 512.000000 178.000000 544.000000 204.000000 1.529307 1.653472 3.775802 -4.852915 1.661564 46.991499 -1.685618 0.562867
Car -1 -1 -10 491.000000 179.000000 527.000000 209.000000 1.516037 1.629003 3.871267 -5.367482 1.177812 39.277901 -1.663836 0.201815
Car -1 -1 -10 -5.000000 95.000000 293.000000 374.000000 2.000344 1.752723 4.213853 -4.149591 1.619759 5.267296 1.594175 0.160524
Car -1 -1 -10 594.000000 172.000000 633.000000 209.000000 1.536480 1.587652 3.785705 -0.670441 1.305301 18.515500 -0.893870 0.024824
Car -1 -1 -10 579.000000 176.000000 621.000000 212.000000 1.480314 1.579322 3.644040 -0.452116 1.164249 29.536611 -1.633538 0.019015
