Pedestrian -1 -1 -10 682.000000 185.000000 693.000000 215.000000 1.719906 0.599706 0.641275 4.429484 2.114014 38.791982 -2.016518 0.015899
Car -1 -1 -10 621.000000 191.000000 711.000000 257.000000 1.486233 1.582484 3.522845 1.312280 2.012855 18.645336 -1.726710 0.998679
Car -1 -1 -10 752.000000 181.000000 845.000000 216.000000 1.525028 1.645300 3.998524 8.886983 1.986251 33.199669 -0.719723 0.997130
Car -1 -1 -10 555.000000 186.000000 638.000000 222.000000 1.507494 1.575496 3.952902 -0.643075 2.260282 34.105322 2.470848 0.993341
Car -1 -1 -10 874.000000 186.000000 1237.000000 372.000000 1.490566 1.600355 3.847107 2.881360 1.488282 3.657903 -1.666001 0.988981
Car -1 -1 -10 686.000000 184.000000 789.000000 221.000000 1.485475 1.609717 3.808996 5.350426 1.983944 30.259287 -0.649416 0.988955
Car -1 -1 -10 824.000000 184.000000 889.000000 213.000000 1.487018 1.615108 3.641934 12.534021 2.064918 36.032174 2.499923 0.973256
Car -1 -1 -10 864.000000 176.000000 941.000000 210.000000 1.636039 1.631189 3.860615 15.244426 1.836183 38.728320 -2.267228 0.447140
Car -1 -1 -10 670.000000 186.000000 726.000000 217.000000 1.545726 1.433633 2.981100 4.440591 2.193993 37.898173 2.205762 0.042716
Car -1 -1 -10 683.000000 185.000000 695.000000 214.000000 1.533273 1.576411 3.522850 4.440693 1.970437 39.917500 2.186138 0.015291
Cyclist -1 -1 -10 680.000000 184.000000 690.000000 217.000000 1.729046 0.452044 1.419589 2.065440 1.360817 19.200526 -0.738213 0.032023
Cyclist -1 -1 -10 676.000000 185.000000 701.000000 217.000000 1.685814 0.596154 1.644799 4.213331 2.256554 37.845075 0.220788 0.016514
