Car -1 -1 -10 571.000000 179.000000 605.000000 210.000000 1.544546 1.638187 3.853400 -1.091324 1.295791 39.767985 -1.611059 0.999606
Car -1 -1 -10 396.000000 187.000000 480.000000 237.000000 1.404603 1.631484 4.062879 -5.072629 1.490166 21.814721 -1.584959 0.999222
Car -1 -1 -10 307.000000 186.000000 386.000000 231.000000 1.436642 1.568680 3.701605 -8.930408 1.524192 24.725958 -1.595905 0.996313
Car -1 -1 -10 1.000000 199.000000 380.000000 373.000000 1.459779 1.583480 4.002167 -3.416406 1.616372 6.262105 -1.583661 0.994789
Car -1 -1 -10 400.000000 182.000000 447.000000 214.000000 1.531141 1.634802 3.689085 -8.732534 1.309648 34.247211 -1.653408 0.737762
Car -1 -1 -10 189.000000 190.000000 334.000000 253.000000 1.498118 1.611820 3.821667 -7.967023 1.543365 17.208376 -1.593272 0.728226
Car -1 -1 -10 -1.000000 187.000000 165.000000 357.000000 1.466609 1.620680 3.784070 -3.386131 1.432658 6.065631 -1.702411 0.277368
Car -1 -1 -10 368.000000 179.000000 413.000000 205.000000 1.478989 1.632973 3.955302 -13.510759 1.286017 44.709596 -1.652255 0.031921
Car -1 -1 -10 107.000000 191.000000 319.000000 286.000000 1.568756 1.612812 3.776297 -9.559492 1.423091 17.281454 -3.562682 0.027869
Car -1 -1 -10 304.000000 182.000000 363.000000 216.000000 1.539035 1.656316 3.745030 -11.895927 1.366022 30.942775 -1.898663 0.027634
Car -1 -1 -10 432.000000 182.000000 474.000000 209.000000 1.472041 1.460967 2.857462 -5.471366 1.455030 24.367720 0.767423 0.022810
Cyclist -1 -1 -10 65.000000 71.000000 238.000000 210.000000 1.734706 0.650466 1.878497 -13.269316 1.142024 20.505348 -0.534631 0.113116
Cyclist -1 -1 -10 145.000000 65.000000 298.000000 214.000000 1.692601 0.509902 1.563833 -9.114425 1.425435 17.025642 -2.094120 0.057624
Cyclist -1 -1 -10 138.000000 189.000000 332.000000 263.000000 1.739844 0.816686 1.836777 -7.507156 1.586559 15.717496 -1.016345 0.044591
Cyclist -1 -1 -10 13.000000 193.000000 370.000000 383.000000 1.775063 0.600024 1.808188 -2.916761 1.730276 5.437143 1.557379 0.020807
Cyclist -1 -1 -10 61.000000 194.000000 283.000000 294.000000 1.781625 0.587821 1.729853 -8.232039 1.507700 13.062099 -0.011603 0.012064
