Pedestrian -1 -1 -10 731.000000 190.000000 821.000000 260.000000 1.823218 0.730345 0.833302 3.614891 2.205112 17.257321 0.239934 0.010936
Car -1 -1 -10 844.000000 203.000000 1227.000000 373.000000 1.455680 1.647876 4.049308 3.902204 1.906782 7.424443 1.584667 0.998613
Car -1 -1 -10 758.000000 199.000000 904.000000 292.000000 1.401145 1.612977 4.007017 3.771401 1.928226 13.408686 -1.517814 0.998181
Car -1 -1 -10 530.000000 180.000000 579.000000 217.000000 1.514826 1.679562 4.000894 -2.386942 1.827972 31.266867 1.613593 0.992662
Car -1 -1 -10 727.000000 191.000000 822.000000 255.000000 1.471759 1.559870 3.532824 4.065665 1.990724 18.746316 -1.563038 0.990475
Car -1 -1 -10 702.000000 187.000000 765.000000 234.000000 1.508204 1.608602 3.586900 4.191435 2.048824 25.244923 -1.564811 0.989508
Car -1 -1 -10 683.000000 186.000000 732.000000 223.000000 1.425281 1.570761 3.674257 3.909215 1.908049 29.814917 -1.587576 0.981703
Car -1 -1 -10 439.000000 181.000000 531.000000 272.000000 1.481517 1.642661 3.918327 -2.692510 1.647416 15.138482 -1.571766 0.843011
Car -1 -1 -10 284.000000 151.000000 509.000000 340.000000 1.927896 1.689698 4.312228 -2.567232 1.731078 9.783988 -1.559201 0.478568
Car -1 -1 -10 671.000000 185.000000 710.000000 216.000000 1.532264 1.628055 3.903754 4.041828 2.130746 35.887420 -1.548195 0.328899
