Car -1 -1 -10 430.000000 188.000000 485.000000 226.000000 1.462620 1.563056 3.648990 -6.271931 2.126998 29.797468 1.610188 0.995770
Car -1 -1 -10 1.000000 215.000000 199.000000 373.000000 1.495830 1.553306 3.841124 -6.013341 2.015915 7.279055 1.570989 0.967247
Car -1 -1 -10 986.000000 192.000000 1238.000000 373.000000 1.561028 1.662853 3.854549 3.023410 1.721520 2.665589 -1.470307 0.950951
Car -1 -1 -10 460.000000 186.000000 507.000000 218.000000 1.462574 1.578986 3.887792 -6.220956 2.161551 35.415287 1.574472 0.948704
Car -1 -1 -10 650.000000 174.000000 697.000000 210.000000 1.526790 1.613391 3.868968 2.794790 1.646505 33.506452 -1.604392 0.940330
Car -1 -1 -10 215.000000 197.000000 284.000000 227.000000 1.569835 1.630553 3.778534 -18.244249 2.733410 36.630450 -1.437760 0.857947
Car -1 -1 -10 160.000000 197.000000 232.000000 229.000000 1.533376 1.637014 3.934653 -20.850546 2.836558 36.725458 -1.559429 0.813833
Car -1 -1 -10 64.000000 204.000000 139.000000 233.000000 1.464663 1.601489 3.756825 -26.008918 3.096453 37.497298 -1.595436 0.397445
Car -1 -1 -10 115.000000 202.000000 184.000000 231.000000 1.578000 1.615309 3.986739 -23.530077 3.039046 37.558854 -1.633463 0.197791
Car -1 -1 -10 488.000000 179.000000 525.000000 207.000000 1.576853 1.660415 3.983729 -6.279119 2.011109 43.682771 1.588446 0.171297
Car -1 -1 -10 2.000000 206.000000 63.000000 240.000000 1.522536 1.617084 3.723202 -31.452210 3.359341 39.713741 1.049713 0.075767
