Pedestrian -1 -1 -10 875.000000 143.000000 917.000000 258.000000 1.710850 0.667347 0.873039 5.206931 1.127577 13.289235 -1.171404 0.862502
Pedestrian -1 -1 -10 839.000000 146.000000 876.000000 255.000000 1.774625 0.703560 0.983314 4.632358 1.233215 13.761863 -1.227625 0.565235
Pedestrian -1 -1 -10 814.000000 149.000000 896.000000 257.000000 1.819705 0.844999 0.966206 4.666044 1.280994 13.636496 2.008494 0.038296
Car -1 -1 -10 769.000000 182.000000 1018.000000 336.000000 1.457693 1.580000 3.721030 3.103722 1.587649 8.659063 -1.609435 0.998874
Car -1 -1 -10 0.000000 202.000000 247.000000 362.000000 1.480962 1.551082 3.660040 -6.017550 1.895823 8.779468 1.550592 0.997901
Car -1 -1 -10 911.000000 183.000000 1261.000000 378.000000 1.506739 1.603962 3.794637 2.859749 1.664197 2.889284 -1.614729 0.971639
Car -1 -1 -10 275.000000 175.000000 393.000000 223.000000 1.804823 1.717030 4.139035 -12.326680 2.057896 33.067372 -3.118132 0.726116
Car -1 -1 -10 131.000000 196.000000 221.000000 229.000000 1.516548 1.581477 3.728799 -20.166618 2.529743 33.070412 -3.091469 0.640586
Car -1 -1 -10 800.000000 157.000000 883.000000 226.000000 1.506904 1.529963 3.474368 7.279859 1.598740 23.003097 1.321002 0.371635
Car -1 -1 -10 795.000000 154.000000 929.000000 253.000000 1.517310 1.634526 3.867971 4.838719 0.743958 14.848668 -2.436982 0.031394
Car -1 -1 -10 1084.000000 158.000000 1205.000000 195.000000 1.554509 1.619752 3.806844 17.892974 0.843698 24.573661 -0.273526 0.026751
Cyclist -1 -1 -10 815.000000 152.000000 885.000000 246.000000 1.699930 0.587875 1.803884 6.507620 1.317018 18.862008 0.794731 0.597680
Cyclist -1 -1 -10 787.000000 160.000000 951.000000 251.000000 1.696081 0.683041 1.742647 4.791382 1.075851 13.753491 0.800189 0.478738
Cyclist -1 -1 -10 851.000000 151.000000 929.000000 255.000000 1.654830 0.711816 1.821250 5.195480 0.971708 13.360904 0.369086 0.075384
Cyclist -1 -1 -10 761.000000 174.000000 1017.000000 336.000000 1.689719 0.807285 1.924061 2.780131 1.696436 7.420715 -1.804224 0.041544
Cyclist -1 -1 -10 131.000000 196.000000 222.000000 233.000000 1.691728 0.925779 1.870337 -19.183257 2.573502 32.497315 2.588190 0.021419
