Car -1 -1 -10 565.000000 180.000000 611.000000 221.000000 1.538965 1.651762 3.840828 -0.877779 1.340655 30.028166 -1.591673 0.999629
Car -1 -1 -10 134.000000 178.000000 446.000000 365.000000 1.611519 1.668012 4.061049 -3.273750 1.626384 8.235150 -1.554311 0.999421
Car -1 -1 -10 503.000000 184.000000 545.000000 214.000000 1.451736 1.593708 3.818180 -3.909347 1.353716 33.978903 -1.553634 0.999183
Car -1 -1 -10 438.000000 182.000000 512.000000 237.000000 1.500718 1.617194 3.766451 -4.043211 1.448683 22.067565 -1.581652 0.998767
Car -1 -1 -10 71.000000 185.000000 288.000000 281.000000 1.457694 1.614888 3.863122 -7.995886 1.534032 13.804486 -1.552264 0.984431
Car -1 -1 -10 2.000000 178.000000 82.000000 269.000000 1.469814 1.569120 3.760360 -12.535705 1.728716 14.150829 1.569891 0.418793
Car -1 -1 -10 341.000000 187.000000 420.000000 226.000000 1.555055 1.673919 3.984905 -8.219379 1.523002 26.386318 -1.618873 0.147725
Car -1 -1 -10 399.000000 183.000000 449.000000 217.000000 1.533451 1.634033 3.800388 -8.560267 1.356531 32.486428 -2.966485 0.107357
Car -1 -1 -10 459.000000 181.000000 498.000000 210.000000 1.533273 1.576411 3.522851 -7.892788 0.946779 40.796662 1.899348 0.041277
Car -1 -1 -10 567.000000 180.000000 599.000000 206.000000 1.535757 1.577022 3.606027 -0.997746 0.936122 29.860638 -1.583014 0.026088
