Car -1 -1 -10 666.000000 182.000000 728.000000 228.000000 1.416506 1.576704 3.690569 2.712602 1.688846 23.454848 -1.576187 0.999322
Car -1 -1 -10 -4.000000 182.000000 288.000000 329.000000 1.507422 1.564150 3.941756 -6.353535 1.698911 8.639248 -0.167757 0.997792
Car -1 -1 -10 312.000000 176.000000 487.000000 233.000000 1.578306 1.604661 3.953760 -5.824465 1.691021 21.330655 0.001155 0.997117
Car -1 -1 -10 727.000000 170.000000 935.000000 330.000000 1.580201 1.563079 3.610920 2.743563 1.604606 9.671402 -1.620651 0.996735
Car -1 -1 -10 68.000000 171.000000 355.000000 291.000000 1.645693 1.627245 4.000358 -6.257855 1.702149 11.875650 0.474269 0.921427
Car -1 -1 -10 378.000000 176.000000 502.000000 217.000000 1.464899 1.545689 3.776898 -5.828807 1.662930 26.804948 0.673377 0.921375
Car -1 -1 -10 720.000000 172.000000 799.000000 217.000000 1.639168 1.687243 4.013655 6.407151 1.712497 28.452407 0.074074 0.799667
Car -1 -1 -10 271.000000 183.000000 433.000000 245.000000 1.531174 1.626658 4.119392 -6.561314 1.772956 18.802882 0.048118 0.201967
Car -1 -1 -10 676.000000 173.000000 726.000000 201.000000 1.525511 1.617698 3.937729 5.712091 1.493173 43.224037 1.239246 0.197844
Car -1 -1 -10 172.000000 171.000000 390.000000 254.000000 1.509409 1.615970 3.903073 -7.309282 1.742507 15.962833 -3.114969 0.116900
Car -1 -1 -10 422.000000 175.000000 537.000000 205.000000 1.554946 1.649039 3.789553 -6.260302 1.788647 37.953164 -3.225616 0.086641
