Pedestrian -1 -1 -10 529.000000 160.000000 548.000000 210.000000 1.814176 0.654977 0.899385 -2.630319 1.074088 26.948968 0.534365 0.980993
Pedestrian -1 -1 -10 370.000000 166.000000 391.000000 214.000000 1.794305 0.607690 0.902490 -8.222009 1.233287 25.768610 2.802442 0.968040
Pedestrian -1 -1 -10 423.000000 160.000000 440.000000 214.000000 1.757702 0.648289 0.722167 -6.015117 0.896936 24.382097 0.282976 0.428243
Pedestrian -1 -1 -10 344.000000 168.000000 354.000000 196.000000 1.835745 0.603133 0.696797 -18.142060 1.074313 50.321302 -1.865186 0.016124
Pedestrian -1 -1 -10 1201.000000 146.000000 1222.000000 209.000000 1.722025 0.497507 0.641289 10.629206 1.627847 12.714619 0.816457 0.014176
Pedestrian -1 -1 -10 449.000000 160.000000 462.000000 189.000000 1.780343 0.664369 0.751210 -5.720106 0.751351 26.647800 -1.728052 0.011028
Car -1 -1 -10 439.000000 173.000000 522.000000 229.000000 1.453919 1.607357 3.810222 -3.463173 1.215056 19.832359 -1.573245 0.999334
Car -1 -1 -10 1028.000000 146.000000 1138.000000 183.000000 1.530416 1.587449 3.631848 24.274540 0.239233 35.899924 -0.005003 0.595730
Car -1 -1 -10 941.000000 158.000000 1034.000000 185.000000 1.525041 1.686853 4.087824 19.425880 0.305660 36.237818 0.019176 0.592015
Cyclist -1 -1 -10 782.000000 149.000000 835.000000 199.000000 1.733279 0.585518 1.765670 8.049144 0.624074 28.047249 0.111174 0.999400
Cyclist -1 -1 -10 657.000000 159.000000 696.000000 195.000000 1.706245 0.654893 1.761844 3.749187 0.574245 36.447595 -0.366745 0.998353
Cyclist -1 -1 -10 846.000000 146.000000 907.000000 199.000000 1.701645 0.510100 1.640146 8.729452 1.498999 22.288817 -1.296016 0.997192
Cyclist -1 -1 -10 302.000000 168.000000 355.000000 225.000000 1.777387 0.563531 1.767266 -8.863976 1.380807 22.634954 -0.995244 0.993466
Cyclist -1 -1 -10 1193.000000 149.000000 1223.000000 207.000000 1.709427 0.629035 1.660673 24.105147 0.217070 28.684424 -0.897974 0.045912
Cyclist -1 -1 -10 370.000000 165.000000 392.000000 212.000000 1.759215 0.610493 1.640241 -8.568531 1.159564 26.222201 0.721640 0.029877
Cyclist -1 -1 -10 344.000000 168.000000 354.000000 196.000000 1.735562 0.499366 1.728420 -18.242554 0.984651 50.448379 -1.720436 0.023561
