Car -1 -1 -10 40.000000 192.000000 405.000000 374.000000 1.500335 1.596717 3.741564 -3.527153 1.599116 7.233981 -1.554235 0.999688
Car -1 -1 -10 582.000000 181.000000 621.000000 216.000000 1.557022 1.624497 3.654232 -0.224329 1.376382 34.741666 -1.575479 0.999523
Car -1 -1 -10 444.000000 189.000000 528.000000 246.000000 1.432358 1.639215 3.968222 -3.314877 1.499975 19.562970 -1.575474 0.999430
Car -1 -1 -10 326.000000 187.000000 414.000000 235.000000 1.400248 1.550326 3.770774 -7.466196 1.469636 22.762001 -1.572027 0.995248
Car -1 -1 -10 39.000000 187.000000 245.000000 287.000000 1.451273 1.564801 3.638526 -7.582020 1.571722 12.347020 -1.594656 0.984204
Car -1 -1 -10 3.000000 189.000000 159.000000 272.000000 1.446855 1.648792 3.962815 -11.514874 1.596089 13.793612 1.583383 0.902085
Car -1 -1 -10 496.000000 186.000000 533.000000 216.000000 1.543185 1.668643 4.125171 -4.573056 1.407319 35.242383 -1.536216 0.799606
Car -1 -1 -10 410.000000 182.000000 455.000000 218.000000 1.485234 1.598730 3.896394 -7.756672 1.277455 32.691813 -1.634167 0.778419
Car -1 -1 -10 294.000000 186.000000 357.000000 218.000000 1.476663 1.639839 3.891501 -12.929009 1.536726 31.436094 -3.035823 0.350544
Cyclist -1 -1 -10 42.000000 188.000000 264.000000 286.000000 1.801376 0.716772 1.734626 -7.558657 1.667425 11.753117 -1.066555 0.010010
