Pedestrian -1 -1 -10 809.000000 158.000000 873.000000 324.000000 1.736074 0.662523 0.757339 2.613496 1.482544 8.089135 -1.748201 0.999065
Pedestrian -1 -1 -10 287.000000 164.000000 327.000000 276.000000 1.772929 0.631785 0.828489 -4.909403 1.494904 11.783232 -2.570962 0.997831
Pedestrian -1 -1 -10 724.000000 168.000000 781.000000 326.000000 1.724877 0.520047 0.785970 1.591194 1.561363 7.818413 -1.792760 0.997313
Pedestrian -1 -1 -10 1078.000000 145.000000 1151.000000 307.000000 1.753248 0.614506 0.863844 5.750439 1.444953 8.137220 3.363851 0.994732
Pedestrian -1 -1 -10 1026.000000 150.000000 1080.000000 279.000000 1.739979 0.645680 0.620930 6.102855 1.364852 9.802014 2.675466 0.976600
Pedestrian -1 -1 -10 802.000000 162.000000 838.000000 270.000000 1.775600 0.621059 0.773355 3.372986 1.350900 11.378683 -1.787443 0.948022
Pedestrian -1 -1 -10 1109.000000 144.000000 1186.000000 284.000000 1.739189 0.569379 0.752917 7.145563 1.302367 9.317303 1.107148 0.919946
Pedestrian -1 -1 -10 627.000000 168.000000 652.000000 240.000000 1.749994 0.633933 0.690004 0.828988 1.367850 17.003882 -1.977097 0.911281
Pedestrian -1 -1 -10 367.000000 167.000000 396.000000 252.000000 1.785287 0.722471 0.763378 -4.584314 1.551698 14.718954 1.283336 0.553928
Pedestrian -1 -1 -10 393.000000 168.000000 430.000000 258.000000 1.701027 0.612166 0.668873 -3.728589 1.472802 14.380229 1.752675 0.378581
Pedestrian -1 -1 -10 234.000000 167.000000 255.000000 231.000000 1.815237 0.642100 0.825181 -10.248117 1.328477 20.597772 -1.513006 0.332393
Pedestrian -1 -1 -10 780.000000 156.000000 794.000000 220.000000 1.678952 0.565692 0.587632 4.797352 1.517913 19.128889 1.940882 0.115131
Pedestrian -1 -1 -10 277.000000 165.000000 291.000000 216.000000 1.681281 0.510000 0.658743 -8.529513 1.142163 19.198310 0.644104 0.089416
Pedestrian -1 -1 -10 1147.000000 144.000000 1169.000000 196.000000 1.719906 0.599706 0.641275 10.135470 0.334888 12.906241 -1.462890 0.081412
Pedestrian -1 -1 -10 733.000000 173.000000 767.000000 231.000000 1.741955 0.535868 0.651187 2.440063 1.362137 13.035225 0.323243 0.058601
Pedestrian -1 -1 -10 786.000000 156.000000 854.000000 289.000000 1.710601 0.608860 0.772944 3.386989 1.342229 11.268707 -1.189173 0.035627
Pedestrian -1 -1 -10 266.000000 161.000000 285.000000 213.000000 1.652931 0.583525 0.666312 -8.751749 0.869537 19.092173 0.065298 0.024346
Pedestrian -1 -1 -10 677.000000 177.000000 700.000000 226.000000 1.696485 0.553644 0.712416 3.217728 0.974782 27.241179 2.670022 0.019949
Car -1 -1 -10 408.000000 159.000000 482.000000 226.000000 1.775489 1.708710 4.149863 -5.211240 1.182154 23.668656 1.562046 0.569679
Car -1 -1 -10 445.000000 162.000000 501.000000 215.000000 1.707858 1.592220 4.092184 -5.214578 0.976898 30.686611 1.521998 0.410811
Car -1 -1 -10 521.000000 165.000000 561.000000 203.000000 1.535991 1.645287 3.988515 -3.222563 1.020193 37.814065 1.530614 0.013570
Cyclist -1 -1 -10 392.000000 168.000000 429.000000 259.000000 1.699528 0.560545 1.763510 -3.808783 1.470735 14.344596 1.635207 0.791102
Cyclist -1 -1 -10 372.000000 170.000000 412.000000 259.000000 1.696531 0.575659 1.876295 -4.094492 1.386254 14.210048 1.251748 0.301763
Cyclist -1 -1 -10 730.000000 172.000000 765.000000 227.000000 1.698786 0.642929 1.804183 4.028359 1.277402 19.516739 3.274849 0.064354
Cyclist -1 -1 -10 628.000000 170.000000 652.000000 238.000000 1.760108 0.502650 1.691123 0.884977 1.404858 17.282779 -1.354860 0.017842
Cyclist -1 -1 -10 726.000000 167.000000 774.000000 327.000000 1.720027 0.475772 1.744037 1.482711 1.551141 7.808014 -1.435260 0.010118
