Car -1 -1 -10 342.000000 196.000000 465.000000 263.000000 1.429532 1.593635 3.729199 -5.071149 2.013153 16.957049 -2.217628 0.999493
Car -1 -1 -10 225.000000 191.000000 286.000000 228.000000 1.420380 1.618964 3.907630 -14.528601 2.098907 29.175360 -2.178203 0.998671
Car -1 -1 -10 819.000000 175.000000 932.000000 235.000000 1.473594 1.661011 4.129509 6.472532 1.487111 17.901535 1.697317 0.998031
Car -1 -1 -10 734.000000 174.000000 807.000000 229.000000 1.481629 1.609786 3.666379 4.236540 1.495188 19.192673 1.807324 0.965627
Car -1 -1 -10 207.000000 189.000000 264.000000 222.000000 1.537445 1.634713 3.913613 -17.961453 2.255926 33.770846 -2.160330 0.963554
Car -1 -1 -10 409.000000 176.000000 501.000000 214.000000 1.552541 1.661861 4.013852 -7.310994 1.775362 33.293224 -3.064900 0.916206
Car -1 -1 -10 0.000000 190.000000 47.000000 225.000000 1.595474 1.596868 3.819859 -30.542563 2.551456 36.687719 0.988703 0.825787
Car -1 -1 -10 477.000000 163.000000 741.000000 318.000000 1.992724 1.741742 4.319707 -0.311020 1.916702 10.957195 -2.214503 0.651434
Car -1 -1 -10 887.000000 165.000000 1072.000000 224.000000 1.531490 1.569251 3.868346 10.340506 1.372448 20.207937 -2.653471 0.289908
Car -1 -1 -10 354.000000 183.000000 444.000000 212.000000 1.543377 1.625071 4.087940 -11.626475 2.027978 37.943649 0.094109 0.196402
Car -1 -1 -10 781.000000 175.000000 853.000000 221.000000 1.495672 1.611692 3.926171 8.410098 1.477835 29.384112 0.794531 0.074478
Car -1 -1 -10 580.000000 171.000000 744.000000 269.000000 1.432507 1.586825 3.426773 1.347685 1.207623 19.106304 0.753245 0.018360
