Pedestrian -1 -1 -10 826.000000 158.000000 898.000000 337.000000 1.792617 0.698224 1.042042 2.679181 1.524636 7.511552 3.019824 0.998253
Pedestrian -1 -1 -10 1023.000000 142.000000 1163.000000 370.000000 1.765771 0.566033 0.999053 3.678749 1.428546 5.393115 -1.925123 0.995500
Pedestrian -1 -1 -10 91.000000 163.000000 191.000000 372.000000 1.809109 0.688088 1.042025 -4.171033 1.724123 6.333129 1.503905 0.991297
Pedestrian -1 -1 -10 536.000000 172.000000 561.000000 244.000000 1.779117 0.670510 0.811788 -1.474602 1.593358 18.447837 1.636294 0.990040
Pedestrian -1 -1 -10 615.000000 173.000000 643.000000 240.000000 1.761229 0.632468 0.961158 0.683135 1.574107 19.650559 3.096243 0.860985
Pedestrian -1 -1 -10 604.000000 176.000000 629.000000 238.000000 1.691956 0.592618 0.572590 0.209985 1.523278 21.274139 2.688140 0.571756
Pedestrian -1 -1 -10 802.000000 187.000000 836.000000 277.000000 1.712624 0.655914 0.673045 3.807253 1.907357 12.278550 2.989140 0.203504
Pedestrian -1 -1 -10 127.000000 162.000000 195.000000 274.000000 1.669866 0.532231 0.704113 -7.392221 1.202399 12.047335 2.129834 0.157961
Pedestrian -1 -1 -10 771.000000 186.000000 794.000000 241.000000 1.699706 0.524209 0.452648 5.193312 1.500657 19.596748 2.791371 0.104870
Pedestrian -1 -1 -10 0.000000 177.000000 30.000000 313.000000 1.695651 0.512457 0.714878 -7.527534 1.801331 9.121558 -3.265979 0.032876
Pedestrian -1 -1 -10 817.000000 183.000000 867.000000 277.000000 1.692908 0.603321 0.729398 3.790825 1.752307 12.067166 3.448368 0.015270
Car -1 -1 -10 373.000000 166.000000 515.000000 263.000000 1.890897 1.776309 4.228052 -3.343635 1.517176 16.173823 1.593041 0.992566
Car -1 -1 -10 452.000000 169.000000 541.000000 238.000000 1.851756 1.675183 4.331012 -2.895941 1.523010 23.031784 1.623395 0.154606
