Pedestrian -1 -1 -10 688.000000 171.000000 758.000000 232.000000 1.848326 0.694734 1.029985 2.950294 1.764607 20.031691 -0.045466 0.011060
Car -1 -1 -10 485.000000 169.000000 543.000000 212.000000 1.563042 1.624984 3.923335 -3.594762 1.437734 27.006567 1.552784 0.998290
Car -1 -1 -10 685.000000 172.000000 759.000000 230.000000 1.543331 1.558514 3.438105 3.174376 1.588152 21.436260 -1.623345 0.994443
Car -1 -1 -10 765.000000 185.000000 1003.000000 335.000000 1.462467 1.616671 4.092933 3.317298 1.724117 9.608700 -1.585631 0.993031
Car -1 -1 -10 947.000000 202.000000 1235.000000 372.000000 1.493871 1.643564 4.002860 3.636663 1.723110 3.994375 -1.570342 0.990978
Car -1 -1 -10 662.000000 171.000000 722.000000 218.000000 1.516589 1.596199 3.712720 2.825641 1.502566 26.144407 -1.606864 0.990395
Car -1 -1 -10 312.000000 167.000000 476.000000 303.000000 1.562455 1.597641 3.812817 -3.203428 1.587005 10.934748 1.567581 0.986177
Car -1 -1 -10 723.000000 175.000000 850.000000 266.000000 1.524614 1.560228 3.448996 3.337647 1.677220 14.776486 -1.620854 0.976514
Car -1 -1 -10 647.000000 170.000000 691.000000 205.000000 1.478965 1.607605 3.932444 2.725105 1.461989 31.935996 -1.597581 0.845638
Car -1 -1 -10 -10.000000 134.000000 416.000000 377.000000 1.869693 1.665961 4.205218 -2.813197 1.596927 5.462663 -1.652092 0.315582
Car -1 -1 -10 508.000000 169.000000 549.000000 203.000000 1.472364 1.593556 3.706361 -3.763924 1.280270 32.970136 -1.576941 0.283046
