Pedestrian -1 -1 -10 285.000000 168.000000 342.000000 311.000000 1.750165 0.591093 0.879963 -3.687974 1.530797 9.083503 -1.442092 0.998639
Pedestrian -1 -1 -10 747.000000 163.000000 789.000000 255.000000 1.757419 0.597087 0.579161 2.729742 1.802974 13.048703 2.872727 0.992368
Pedestrian -1 -1 -10 826.000000 158.000000 856.000000 231.000000 1.692782 0.623645 0.893347 5.112758 1.127044 15.588795 -1.687961 0.697806
Pedestrian -1 -1 -10 483.000000 168.000000 502.000000 210.000000 1.841299 0.640539 1.084205 -4.957268 1.236698 32.070834 1.764819 0.116548
Pedestrian -1 -1 -10 137.000000 160.000000 161.000000 255.000000 1.727933 0.572982 0.762778 -9.523672 1.383853 14.732625 -0.011853 0.077599
Pedestrian -1 -1 -10 531.000000 178.000000 548.000000 212.000000 1.702810 0.703760 0.914603 -2.739976 1.593486 31.522024 -2.049204 0.032987
Pedestrian -1 -1 -10 544.000000 178.000000 558.000000 211.000000 1.751368 0.691804 0.709118 -2.300414 1.518150 31.470875 -1.151060 0.019273
Pedestrian -1 -1 -10 752.000000 165.000000 777.000000 230.000000 1.683436 0.571277 0.645082 6.279352 0.609446 27.234914 -0.834511 0.013742
Car -1 -1 -10 657.000000 166.000000 711.000000 214.000000 1.712497 1.637435 3.708860 3.129261 1.135276 28.435060 -1.607880 0.914230
Cyclist -1 -1 -10 745.000000 163.000000 791.000000 258.000000 1.791411 0.632688 1.722576 2.595711 1.395591 11.067076 -1.896645 0.013166
Cyclist -1 -1 -10 657.000000 166.000000 710.000000 215.000000 1.739626 0.767132 1.735292 2.971089 1.654765 27.031012 0.157525 0.012435
