Car -1 -1 -10 0.000000 189.000000 365.000000 309.000000 1.468559 1.643344 4.202753 -5.915738 1.697641 9.768416 0.074382 0.999295
Car -1 -1 -10 699.000000 187.000000 804.000000 253.000000 1.407122 1.606455 3.967068 3.149308 1.748604 16.678167 -1.597171 0.998812
Car -1 -1 -10 657.000000 174.000000 701.000000 211.000000 1.733602 1.626911 3.805304 3.313148 1.826750 35.918116 -1.612910 0.994280
Car -1 -1 -10 781.000000 194.000000 1236.000000 374.000000 1.459310 1.620345 3.958178 2.721640 1.667656 5.849074 -1.602564 0.994069
Car -1 -1 -10 145.000000 177.000000 376.000000 263.000000 1.557217 1.624966 3.838361 -6.021014 1.606070 13.664951 -3.091111 0.966116
Car -1 -1 -10 394.000000 179.000000 518.000000 223.000000 1.469531 1.590638 3.759826 -5.093673 1.835803 26.562910 -3.200001 0.869072
Car -1 -1 -10 439.000000 176.000000 532.000000 213.000000 1.686283 1.651516 4.165721 -5.810808 1.906602 32.306360 0.202816 0.739268
Car -1 -1 -10 324.000000 181.000000 475.000000 239.000000 1.579665 1.606342 3.635983 -5.459822 1.729400 20.226727 -2.969539 0.612390
Car -1 -1 -10 474.000000 174.000000 550.000000 206.000000 1.582520 1.555013 3.900848 -5.737598 1.739361 42.530061 0.130324 0.304311
Cyclist -1 -1 -10 118.000000 185.000000 349.000000 266.000000 1.755031 0.728225 1.668204 -5.547178 1.790125 12.019188 -0.040518 0.020727
