Car -1 -1 -10 609.000000 180.000000 718.000000 263.000000 1.587101 1.642842 3.857219 1.043701 1.567311 16.160558 -1.692758 0.999670
Car -1 -1 -10 153.000000 192.000000 335.000000 292.000000 1.432354 1.576643 3.663768 -5.986231 1.604464 12.101230 -1.695332 0.999277
Car -1 -1 -10 501.000000 181.000000 549.000000 226.000000 1.512792 1.665997 3.634632 -3.242129 1.439806 27.655681 -1.694470 0.999030
Car -1 -1 -10 304.000000 188.000000 408.000000 250.000000 1.455333 1.630188 3.846223 -6.434092 1.579242 18.619317 -1.683145 0.996272
Car -1 -1 -10 418.000000 184.000000 456.000000 211.000000 1.471018 1.618143 3.925610 -9.216088 1.352602 39.002907 -1.741661 0.995706
Car -1 -1 -10 368.000000 184.000000 431.000000 227.000000 1.532967 1.621904 4.094386 -7.832181 1.541789 26.881348 -1.691551 0.988735
Car -1 -1 -10 54.000000 164.000000 244.000000 263.000000 1.847136 1.769895 4.219887 -10.814160 1.579919 17.181818 -1.694283 0.751396
Car -1 -1 -10 2.000000 207.000000 83.000000 375.000000 1.552230 1.642412 3.822977 -5.085906 1.678113 4.441158 -1.724101 0.709194
Car -1 -1 -10 494.000000 184.000000 524.000000 216.000000 1.460779 1.636786 3.697802 -5.009044 1.563530 36.913674 -1.707991 0.539757
Car -1 -1 -10 264.000000 185.000000 336.000000 229.000000 1.570356 1.634664 3.920362 -11.230872 1.386570 26.447321 -1.636563 0.401445
Car -1 -1 -10 2.000000 174.000000 73.000000 216.000000 1.533273 1.576411 3.522851 -17.100702 0.792720 22.301019 1.407467 0.014379
