Pedestrian -1 -1 -10 242.000000 179.000000 256.000000 217.000000 1.786339 0.687785 0.898797 -16.438883 2.095319 32.946658 -2.042329 0.078562
Pedestrian -1 -1 -10 643.000000 173.000000 659.000000 208.000000 1.742885 0.634153 0.851820 1.702518 1.584021 32.062230 2.707825 0.031763
Pedestrian -1 -1 -10 342.000000 181.000000 350.000000 212.000000 1.772075 0.615647 0.804018 -16.514390 2.251396 45.138610 -2.336551 0.017663
Car -1 -1 -10 482.000000 177.000000 544.000000 230.000000 1.608863 1.649492 3.977310 -3.184012 1.773537 24.406938 -1.588386 0.999125
Car -1 -1 -10 249.000000 187.000000 351.000000 239.000000 1.528737 1.639926 4.059006 -10.184613 2.036567 24.017699 1.534327 0.997769
Car -1 -1 -10 580.000000 175.000000 607.000000 202.000000 1.518109 1.607064 3.681752 -1.011971 1.837390 46.739402 -1.629686 0.993625
Car -1 -1 -10 365.000000 183.000000 410.000000 210.000000 1.550535 1.660468 3.990519 -13.599190 2.236579 43.632023 1.276584 0.628891
Cyclist -1 -1 -10 637.000000 170.000000 676.000000 211.000000 1.783702 0.626664 1.848069 2.052652 1.570134 30.537836 -2.542932 0.987575
Cyclist -1 -1 -10 636.000000 174.000000 659.000000 206.000000 1.736914 0.635662 1.824342 1.637455 1.463608 32.084877 -1.981370 0.134030
Cyclist -1 -1 -10 648.000000 173.000000 661.000000 210.000000 1.784013 0.531567 1.601858 1.936583 1.587392 31.823552 -2.045966 0.010529
