Pedestrian -1 -1 -10 418.000000 177.000000 438.000000 231.000000 1.826940 0.680725 0.677565 -6.182458 2.096031 24.537145 -1.733437 0.957858
Pedestrian -1 -1 -10 401.000000 185.000000 417.000000 226.000000 1.768945 0.681519 0.621375 -7.240465 2.030121 25.679875 -1.506403 0.778508
Pedestrian -1 -1 -10 403.000000 182.000000 428.000000 234.000000 1.862251 0.665584 0.769293 -6.664453 2.105283 24.341384 -1.919467 0.051385
Pedestrian -1 -1 -10 388.000000 198.000000 474.000000 259.000000 1.739803 0.650282 0.826306 -4.169535 2.157395 16.799531 -3.172860 0.021455
Pedestrian -1 -1 -10 417.000000 182.000000 428.000000 227.000000 1.692708 0.511925 0.369434 -6.299139 1.864421 24.547116 2.378862 0.017960
Car -1 -1 -10 708.000000 183.000000 860.000000 290.000000 1.499946 1.592663 3.724668 2.706114 1.700410 12.276321 -1.627212 0.999546
Car -1 -1 -10 387.000000 197.000000 477.000000 259.000000 1.452094 1.568486 3.533058 -4.469273 2.013398 18.307773 -1.613976 0.998944
Car -1 -1 -10 660.000000 183.000000 722.000000 234.000000 1.503932 1.565228 3.583681 2.383672 1.820724 22.396528 -1.603073 0.993533
Car -1 -1 -10 444.000000 182.000000 511.000000 233.000000 1.629707 1.643853 3.922663 -4.792080 2.037677 27.443454 -1.574856 0.991958
Car -1 -1 -10 636.000000 180.000000 670.000000 211.000000 1.580021 1.603448 3.663375 2.197596 1.879681 38.150527 -1.635574 0.939628
Car -1 -1 -10 496.000000 185.000000 532.000000 214.000000 1.583003 1.564818 3.747610 -5.387117 2.306990 41.341071 1.553087 0.665705
Car -1 -1 -10 479.000000 184.000000 523.000000 219.000000 1.598489 1.636512 3.962780 -5.357208 2.296542 41.419234 1.294956 0.013587
Cyclist -1 -1 -10 397.000000 184.000000 420.000000 228.000000 1.693952 0.596466 1.624805 -6.783191 1.993108 24.619613 0.727290 0.040842
Cyclist -1 -1 -10 413.000000 182.000000 439.000000 230.000000 1.681171 0.731463 1.699422 -6.191347 1.817196 24.597351 0.753583 0.025774
Cyclist -1 -1 -10 733.000000 186.000000 769.000000 220.000000 1.711311 0.680285 1.662126 5.884467 1.901823 33.094008 0.710969 0.022939
Cyclist -1 -1 -10 395.000000 190.000000 457.000000 242.000000 1.798421 0.764844 1.726143 -4.363863 2.009965 16.863266 -3.033315 0.011448
