Pedestrian -1 -1 -10 600.000000 155.000000 645.000000 241.000000 1.820494 0.668529 1.010361 0.292811 1.281548 16.016993 1.050793 0.995407
Pedestrian -1 -1 -10 75.000000 171.000000 122.000000 263.000000 1.797389 0.611070 1.067507 -10.500543 1.665960 14.728497 -3.149575 0.991106
Pedestrian -1 -1 -10 130.000000 178.000000 164.000000 255.000000 1.829891 0.615346 0.893976 -10.758760 1.804530 16.701487 -0.056066 0.936915
Pedestrian -1 -1 -10 157.000000 177.000000 185.000000 246.000000 1.758448 0.593489 0.763467 -11.077088 1.791337 17.948668 0.051392 0.645900
Pedestrian -1 -1 -10 400.000000 161.000000 426.000000 234.000000 1.713442 0.569733 0.832505 -3.751764 1.241862 13.671832 0.256194 0.607728
Pedestrian -1 -1 -10 142.000000 178.000000 176.000000 249.000000 1.801422 0.602312 0.902577 -10.926860 1.761447 17.009306 0.546892 0.531254
Pedestrian -1 -1 -10 305.000000 163.000000 349.000000 246.000000 1.789739 0.771074 0.752143 -5.817584 1.218396 14.436318 -0.363228 0.362972
Pedestrian -1 -1 -10 235.000000 168.000000 260.000000 238.000000 1.751400 0.674256 0.929285 -8.291708 1.403766 16.403323 2.587436 0.273865
Pedestrian -1 -1 -10 901.000000 144.000000 936.000000 202.000000 1.800925 0.653690 0.944487 10.625135 0.713298 24.009965 -1.163235 0.173040
Pedestrian -1 -1 -10 329.000000 162.000000 351.000000 251.000000 1.743640 0.642430 0.657666 -5.582363 1.181217 14.596137 -1.818818 0.128577
Car -1 -1 -10 215.000000 181.000000 454.000000 329.000000 1.487080 1.592686 3.861412 -3.292597 1.537220 9.148066 -1.557015 0.998738
Car -1 -1 -10 1096.000000 153.000000 1216.000000 191.000000 1.466241 1.593258 3.799328 19.316425 0.505947 25.177396 0.147787 0.081812
Car -1 -1 -10 292.000000 166.000000 360.000000 241.000000 1.510691 1.528021 3.756975 -5.961630 0.838021 15.973213 1.751352 0.057699
Car -1 -1 -10 236.000000 180.000000 390.000000 260.000000 1.527142 1.530361 3.688519 -6.036610 1.406775 14.750190 1.628635 0.055912
Cyclist -1 -1 -10 900.000000 146.000000 937.000000 203.000000 1.774406 0.601632 1.856075 10.629287 0.716260 24.177160 -1.107986 0.965369
Cyclist -1 -1 -10 1184.000000 134.000000 1223.000000 212.000000 1.674380 0.587122 1.654318 14.436590 0.933858 16.777478 -0.742040 0.797822
Cyclist -1 -1 -10 234.000000 166.000000 263.000000 239.000000 1.768866 0.542733 1.801423 -8.390047 1.440690 16.518013 2.324783 0.727771
Cyclist -1 -1 -10 302.000000 163.000000 352.000000 245.000000 1.672824 0.751771 1.754290 -5.852603 0.936152 14.613522 -0.315776 0.356069
Cyclist -1 -1 -10 398.000000 160.000000 427.000000 231.000000 1.696350 0.509378 1.701148 -3.694009 1.016063 13.810049 -2.263711 0.293588
Cyclist -1 -1 -10 256.000000 171.000000 380.000000 250.000000 1.646865 0.695772 1.696178 -5.796283 1.063429 14.553988 1.189345 0.071234
Cyclist -1 -1 -10 262.000000 185.000000 329.000000 239.000000 1.679192 0.491876 1.559473 -8.830491 1.661477 20.315940 -2.018730 0.046430
