Car -1 -1 -10 709.000000 200.000000 947.000000 334.000000 1.444357 1.583412 3.781285 2.499131 1.820686 9.431083 -1.712356 0.999660
Car -1 -1 -10 403.000000 190.000000 447.000000 223.000000 1.520988 1.605506 3.716514 -10.071833 2.592488 38.824573 1.457480 0.999262
Car -1 -1 -10 587.000000 189.000000 648.000000 235.000000 1.415308 1.619623 3.869505 0.124273 2.029564 24.560154 -1.681216 0.998812
Car -1 -1 -10 9.000000 215.000000 261.000000 362.000000 1.506459 1.613704 3.863403 -6.013063 2.128924 9.100197 1.385763 0.996562
Car -1 -1 -10 572.000000 188.000000 624.000000 224.000000 1.460785 1.623284 3.966128 -0.662319 2.076037 30.507926 -1.689567 0.994733
Car -1 -1 -10 1124.000000 171.000000 1243.000000 253.000000 1.486848 1.633891 3.845779 10.692449 1.420889 13.290291 2.256117 0.991669
Car -1 -1 -10 788.000000 171.000000 924.000000 222.000000 1.500018 1.635140 3.936263 8.312911 1.465439 24.718304 -2.607048 0.959945
Car -1 -1 -10 419.000000 189.000000 455.000000 218.000000 1.559938 1.634845 3.987255 -10.040923 2.451735 39.596893 -1.663556 0.884080
Car -1 -1 -10 724.000000 179.000000 834.000000 212.000000 1.545277 1.662133 4.124879 7.107628 1.732680 31.075584 -2.727819 0.771770
Car -1 -1 -10 1044.000000 209.000000 1250.000000 375.000000 1.515737 1.603372 3.793141 3.472516 1.577031 2.171028 1.552776 0.697891
Car -1 -1 -10 2.000000 228.000000 118.000000 371.000000 1.533750 1.630095 4.045614 -5.488375 2.126543 4.713608 1.363815 0.450351
Car -1 -1 -10 203.000000 195.000000 273.000000 221.000000 1.510347 1.631902 3.974419 -16.583141 2.280056 31.789909 -0.939331 0.313009
