Car -1 -1 -10 568.000000 190.000000 714.000000 276.000000 1.390499 1.584850 3.788320 0.333830 1.728489 13.542478 -1.896986 0.999829
Car -1 -1 -10 467.000000 182.000000 522.000000 222.000000 1.447648 1.599739 3.757930 -4.625457 1.840101 27.969573 -1.854810 0.999293
Car -1 -1 -10 284.000000 184.000000 329.000000 214.000000 1.534723 1.652627 3.904150 -17.262019 2.302777 40.377487 1.232218 0.998011
Car -1 -1 -10 25.000000 204.000000 201.000000 310.000000 1.502684 1.580219 3.792234 -7.993431 2.010782 11.794634 1.249252 0.984311
Car -1 -1 -10 453.000000 181.000000 500.000000 214.000000 1.544945 1.631189 3.980193 -6.441740 1.908453 33.671006 -1.822816 0.982202
Car -1 -1 -10 641.000000 165.000000 747.000000 208.000000 1.541017 1.653644 4.052279 3.438240 1.316203 29.591667 -2.824641 0.926774
Car -1 -1 -10 -4.000000 211.000000 157.000000 360.000000 1.444528 1.625952 4.049069 -6.205757 1.930373 7.131401 1.205954 0.806611
Car -1 -1 -10 64.000000 190.000000 153.000000 219.000000 1.500615 1.596645 3.936992 -22.382708 1.802733 33.338604 -2.776722 0.587189
Car -1 -1 -10 301.000000 183.000000 337.000000 210.000000 1.526401 1.602183 3.792965 -17.322116 2.018831 40.677499 1.325799 0.277424
Car -1 -1 -10 593.000000 174.000000 683.000000 205.000000 1.527421 1.625194 3.986495 0.598646 1.421788 35.880488 -2.726446 0.222777
Car -1 -1 -10 724.000000 135.000000 1234.000000 374.000000 1.887085 1.709398 4.251692 2.843740 1.603076 6.266515 -1.843296 0.099577
