Car -1 -1 -10 354.000000 186.000000 454.000000 253.000000 1.443275 1.608091 3.583338 -5.081031 1.586694 17.938615 -1.637096 0.999357
Car -1 -1 -10 42.000000 184.000000 336.000000 357.000000 1.497781 1.602074 3.746367 -4.610857 1.580235 8.488661 -1.615474 0.999335
Car -1 -1 -10 709.000000 179.000000 903.000000 318.000000 1.576521 1.635642 3.879624 2.692453 1.582543 10.878707 -1.616700 0.999292
Car -1 -1 -10 559.000000 182.000000 601.000000 222.000000 1.536627 1.651926 3.954484 -1.204106 1.482268 30.865788 -1.612697 0.998314
Car -1 -1 -10 429.000000 188.000000 487.000000 233.000000 1.502929 1.589826 3.822760 -5.131574 1.581810 24.598078 -1.622209 0.994665
Car -1 -1 -10 0.000000 169.000000 201.000000 294.000000 1.684546 1.631242 3.979964 -8.998090 1.535719 12.915604 -1.629992 0.888522
Car -1 -1 -10 219.000000 170.000000 350.000000 240.000000 1.835619 1.761244 4.293381 -9.446485 1.452325 21.505948 -1.584061 0.881538
Car -1 -1 -10 450.000000 186.000000 496.000000 222.000000 1.586816 1.641521 3.733743 -6.189318 1.729098 31.691454 -1.647061 0.819464
Car -1 -1 -10 484.000000 184.000000 516.000000 209.000000 1.512339 1.613254 3.899443 -6.647080 1.373925 45.048306 -1.596406 0.781143
Car -1 -1 -10 549.000000 186.000000 574.000000 213.000000 1.455106 1.603132 3.643564 -2.462208 1.603138 39.828960 -1.618916 0.742987
Car -1 -1 -10 360.000000 186.000000 409.000000 223.000000 1.547670 1.624264 3.860007 -9.285927 1.460930 30.645688 -1.822491 0.729475
