Pedestrian -1 -1 -10 657.000000 162.000000 666.000000 190.000000 1.859291 0.686515 0.854569 3.851932 0.496830 46.024189 -1.621462 0.775884
Pedestrian -1 -1 -10 590.000000 163.000000 600.000000 200.000000 1.736518 0.607516 0.720574 -0.315426 0.778416 36.148937 1.694743 0.610693
Pedestrian -1 -1 -10 580.000000 162.000000 593.000000 199.000000 1.764393 0.600947 0.880073 -0.856703 0.870527 37.526770 -0.097850 0.449895
Pedestrian -1 -1 -10 643.000000 163.000000 651.000000 189.000000 1.818589 0.567827 0.782545 3.636105 0.204560 56.647099 -2.518919 0.307318
Pedestrian -1 -1 -10 670.000000 163.000000 679.000000 191.000000 1.807089 0.652116 0.828418 4.778598 0.626739 47.400653 2.840609 0.260393
Pedestrian -1 -1 -10 662.000000 161.000000 671.000000 189.000000 1.723704 0.638670 0.610332 4.046666 0.573844 47.350338 -1.473737 0.152566
Pedestrian -1 -1 -10 939.000000 148.000000 968.000000 224.000000 1.787423 0.702364 0.847684 6.519678 0.944339 13.387800 -1.237973 0.120378
Pedestrian -1 -1 -10 1001.000000 150.000000 1048.000000 252.000000 1.740030 0.635655 0.729300 4.719216 1.250904 8.255779 2.055226 0.080242
Pedestrian -1 -1 -10 1068.000000 146.000000 1108.000000 228.000000 1.771634 0.833107 0.506583 7.621280 1.482405 11.190387 -0.544901 0.042535
Pedestrian -1 -1 -10 592.000000 163.000000 607.000000 196.000000 1.760730 0.623418 0.722537 -0.319738 0.738207 36.277576 1.216913 0.030525
Pedestrian -1 -1 -10 636.000000 162.000000 646.000000 187.000000 1.793331 0.722920 0.729210 3.134676 0.430351 56.493612 -1.828229 0.025893
Pedestrian -1 -1 -10 601.000000 163.000000 609.000000 193.000000 1.764387 0.634247 0.637471 0.219465 0.884835 45.724350 -1.049304 0.017307
Pedestrian -1 -1 -10 625.000000 165.000000 645.000000 192.000000 1.719032 0.466795 0.667813 0.564383 1.370500 14.401438 0.170976 0.012300
Pedestrian -1 -1 -10 604.000000 171.000000 650.000000 209.000000 1.824961 0.725372 0.977052 0.902606 1.798307 26.947465 -0.115984 0.011308
Pedestrian -1 -1 -10 1202.000000 178.000000 1236.000000 341.000000 1.776930 0.555317 0.654900 6.331641 1.570071 7.481512 3.297317 0.011017
Car -1 -1 -10 602.000000 170.000000 649.000000 209.000000 1.586470 1.648548 4.035123 0.816755 1.071769 29.057602 1.646023 0.999028
Cyclist -1 -1 -10 934.000000 151.000000 981.000000 228.000000 1.796893 0.497752 1.492279 6.848497 0.925362 14.026983 2.586227 0.114322
Cyclist -1 -1 -10 999.000000 151.000000 1049.000000 253.000000 1.769727 0.579509 1.403127 5.066083 1.028894 8.811630 3.131269 0.014255
