Car -1 -1 -10 857.000000 193.000000 1106.000000 274.000000 1.460724 1.583568 3.758773 6.614224 1.755288 13.028814 -0.027427 0.999612
Car -1 -1 -10 716.000000 183.000000 841.000000 230.000000 1.504638 1.646225 3.966368 5.909482 1.916350 25.062995 0.020239 0.998381
Car -1 -1 -10 201.000000 179.000000 449.000000 264.000000 1.509161 1.591816 3.982102 -5.806037 1.753271 14.872580 0.115412 0.997444
Car -1 -1 -10 -2.000000 185.000000 234.000000 341.000000 1.487287 1.627615 4.211357 -6.621466 1.607111 7.732918 -3.185756 0.995185
Car -1 -1 -10 50.000000 186.000000 367.000000 300.000000 1.463350 1.566395 4.008973 -6.059634 1.782267 10.851955 -3.324148 0.995129
Car -1 -1 -10 638.000000 182.000000 672.000000 209.000000 1.424933 1.589585 3.637390 2.486870 1.980496 39.417220 -1.595460 0.984824
Car -1 -1 -10 813.000000 185.000000 999.000000 265.000000 1.530375 1.589725 3.836318 6.482495 1.807405 15.185262 -0.018803 0.983860
Car -1 -1 -10 300.000000 177.000000 462.000000 237.000000 1.654881 1.645022 4.011531 -6.372041 1.681361 19.580001 -3.240981 0.979435
Car -1 -1 -10 409.000000 177.000000 522.000000 214.000000 1.577517 1.649901 4.051044 -6.375006 1.937259 33.114310 -0.026372 0.947176
Car -1 -1 -10 1067.000000 183.000000 1234.000000 371.000000 1.484211 1.606702 4.094721 5.892898 1.784838 5.469323 3.101170 0.520580
Car -1 -1 -10 366.000000 179.000000 493.000000 225.000000 1.483052 1.577444 3.917977 -6.256108 1.760722 24.997282 -3.064050 0.495661
