Pedestrian -1 -1 -10 775.000000 170.000000 790.000000 215.000000 1.847664 0.583951 0.933712 12.087034 1.457227 50.360559 2.763472 0.014033
Car -1 -1 -10 410.000000 183.000000 500.000000 241.000000 1.512330 1.605857 3.735168 -4.379512 1.882631 20.645825 1.603248 0.999630
Car -1 -1 -10 791.000000 180.000000 1004.000000 307.000000 1.525408 1.575315 3.559688 3.960956 1.692765 10.544897 -1.628768 0.998809
Car -1 -1 -10 747.000000 182.000000 864.000000 260.000000 1.454072 1.615565 3.813086 4.057658 1.698187 15.781913 -1.516775 0.997245
Car -1 -1 -10 718.000000 179.000000 796.000000 234.000000 1.489058 1.617376 3.737147 4.112792 1.696303 21.229908 -1.509571 0.997063
Car -1 -1 -10 462.000000 182.000000 530.000000 226.000000 1.489949 1.574633 3.854887 -4.093449 1.821288 26.438519 1.621778 0.994911
Car -1 -1 -10 695.000000 178.000000 754.000000 221.000000 1.475185 1.607205 3.857063 4.228590 1.678472 26.412580 -1.562256 0.981882
Car -1 -1 -10 937.000000 201.000000 1237.000000 376.000000 1.526905 1.622173 3.883420 3.856476 1.804312 4.748101 -1.544538 0.961289
Car -1 -1 -10 498.000000 182.000000 545.000000 216.000000 1.418338 1.570252 3.857194 -3.908280 1.850845 31.419122 1.644934 0.943376
Car -1 -1 -10 689.000000 176.000000 731.000000 212.000000 1.653827 1.610286 3.814856 4.865131 1.889242 37.303152 -1.547739 0.261213
Car -1 -1 -10 868.000000 172.000000 921.000000 200.000000 1.538813 1.626328 3.726543 12.880726 0.995122 29.260887 0.297099 0.180646
