Pedestrian -1 -1 -10 449.000000 176.000000 471.000000 248.000000 1.767792 0.596878 0.736311 -3.621690 1.709235 18.088982 1.971610 0.993169
Pedestrian -1 -1 -10 819.000000 169.000000 870.000000 287.000000 1.696520 0.639587 0.873842 3.433667 1.545954 10.275501 1.898903 0.973993
Pedestrian -1 -1 -10 488.000000 182.000000 502.000000 233.000000 1.697976 0.563730 0.670374 -3.461007 1.679089 23.190906 -1.159647 0.596027
Pedestrian -1 -1 -10 244.000000 187.000000 279.000000 278.000000 1.640061 0.544315 0.650038 -5.247966 1.634888 11.142451 2.191315 0.458547
Pedestrian -1 -1 -10 587.000000 179.000000 601.000000 220.000000 1.768023 0.644757 0.823225 -0.385361 1.756198 31.738271 1.657233 0.327925
Pedestrian -1 -1 -10 425.000000 176.000000 440.000000 220.000000 1.719630 0.689793 0.777202 -5.327584 1.459773 22.416168 2.888282 0.090813
Pedestrian -1 -1 -10 552.000000 180.000000 567.000000 220.000000 1.760652 0.603686 0.962136 -1.920097 1.737945 32.227802 -2.751858 0.040886
Pedestrian -1 -1 -10 627.000000 179.000000 637.000000 210.000000 1.797641 0.670630 0.739977 1.783381 1.522687 42.100354 -1.615714 0.036847
Pedestrian -1 -1 -10 640.000000 180.000000 649.000000 210.000000 1.809373 0.649613 0.575468 2.507926 1.632665 42.159418 -1.595037 0.031826
Pedestrian -1 -1 -10 397.000000 169.000000 412.000000 223.000000 1.678396 0.567317 0.565563 -5.196307 1.899517 18.298639 0.338830 0.031734
Pedestrian -1 -1 -10 403.000000 173.000000 416.000000 220.000000 1.798733 0.660726 0.752151 -5.644518 1.587067 20.960605 1.855992 0.023006
Cyclist -1 -1 -10 231.000000 190.000000 288.000000 279.000000 1.737414 0.501508 1.602475 -5.582349 1.705833 11.777180 0.638092 0.094807
Cyclist -1 -1 -10 265.000000 197.000000 335.000000 264.000000 1.590333 0.484598 1.620027 -5.991758 1.927844 14.369774 1.639671 0.018655
Cyclist -1 -1 -10 200.000000 198.000000 332.000000 276.000000 1.624672 0.715492 1.782616 -5.946135 1.740530 12.610698 2.469386 0.014428
