Car -1 -1 -10 648.000000 174.000000 798.000000 282.000000 1.554157 1.563785 3.496934 1.883151 1.674175 12.959907 -1.808805 0.999438
Car -1 -1 -10 548.000000 178.000000 610.000000 220.000000 1.479630 1.559667 3.514649 -1.208393 1.722817 27.557879 -1.832926 0.998117
Car -1 -1 -10 496.000000 174.000000 562.000000 201.000000 1.531413 1.575227 3.880591 -4.687478 1.634530 42.881016 2.390651 0.975868
Car -1 -1 -10 604.000000 173.000000 677.000000 201.000000 1.581741 1.636710 3.993964 1.445779 1.392077 39.336469 -0.784763 0.921195
Car -1 -1 -10 1143.000000 211.000000 1239.000000 375.000000 1.532129 1.660594 4.123313 6.978553 1.766717 5.642478 3.183283 0.648787
Car -1 -1 -10 658.000000 171.000000 730.000000 199.000000 1.495542 1.580716 4.111192 4.632928 1.578579 42.614026 -0.831376 0.560901
Car -1 -1 -10 680.000000 171.000000 780.000000 206.000000 1.597879 1.633465 4.249002 6.241401 1.464078 44.649257 2.375311 0.366855
Car -1 -1 -10 590.000000 174.000000 628.000000 199.000000 1.594152 1.622848 3.805127 -0.066930 1.653512 40.146489 -1.446972 0.018300
Car -1 -1 -10 627.000000 172.000000 701.000000 197.000000 1.474622 1.645948 4.016227 4.068605 1.287125 42.843783 2.208278 0.015426
Cyclist -1 -1 -10 356.000000 171.000000 409.000000 280.000000 1.702513 0.556168 1.775402 -4.085947 1.755398 12.854179 1.490896 0.999296
