Pedestrian -1 -1 -10 759.000000 183.000000 836.000000 375.000000 1.711352 0.663924 0.691374 1.424025 1.675687 5.753867 2.347190 0.998049
Pedestrian -1 -1 -10 751.000000 156.000000 775.000000 220.000000 1.685133 0.641840 0.879138 5.940004 0.839892 27.234033 -0.467396 0.211435
Pedestrian -1 -1 -10 740.000000 162.000000 757.000000 211.000000 1.719281 0.721370 0.846753 5.678859 1.053458 27.617585 -0.309600 0.133668
Pedestrian -1 -1 -10 1019.000000 176.000000 1038.000000 217.000000 1.759968 0.684626 0.634692 10.867746 1.225883 18.280504 -1.482516 0.065595
Pedestrian -1 -1 -10 748.000000 158.000000 764.000000 217.000000 1.756693 0.592065 0.934876 5.833464 0.838439 27.267013 -0.382220 0.023195
Car -1 -1 -10 988.000000 179.000000 1206.000000 274.000000 1.479941 1.572553 3.520461 8.587021 1.417904 12.328695 -0.332194 0.994192
Cyclist -1 -1 -10 1014.000000 178.000000 1044.000000 217.000000 1.681894 0.544959 1.586683 10.839146 1.038271 18.345023 -0.447221 0.061651
Cyclist -1 -1 -10 1007.000000 177.000000 1078.000000 215.000000 1.649583 0.528692 1.641885 11.514986 0.957829 18.879090 -0.410813 0.048460
Cyclist -1 -1 -10 1024.000000 175.000000 1037.000000 217.000000 1.659238 0.506475 1.592206 10.874461 0.733352 18.348085 -0.481996 0.030527
Cyclist -1 -1 -10 1025.000000 178.000000 1060.000000 211.000000 1.632039 0.518177 1.573023 10.727574 1.646785 17.267645 -1.004140 0.014988
Cyclist -1 -1 -10 1036.000000 180.000000 1086.000000 208.000000 1.694166 0.387896 1.366838 10.695186 1.316492 16.706897 -1.025957 0.010278
