Car -1 -1 -10 334.000000 182.000000 467.000000 263.000000 1.483662 1.646957 4.074447 -4.467810 1.454096 15.620756 -1.566047 0.999576
Car -1 -1 -10 582.000000 176.000000 663.000000 252.000000 1.501953 1.681456 3.721054 0.327050 1.370894 16.980102 -1.548066 0.999360
Car -1 -1 -10 0.000000 200.000000 311.000000 371.000000 1.454073 1.563775 3.658531 -4.580556 1.658413 7.454931 -1.569727 0.998926
Car -1 -1 -10 189.000000 182.000000 286.000000 229.000000 1.463976 1.597784 3.893198 -12.374974 1.376109 24.349856 -1.571947 0.970798
Car -1 -1 -10 319.000000 183.000000 398.000000 224.000000 1.449897 1.581662 3.781993 -8.194811 1.325130 24.581597 -1.371266 0.714089
Car -1 -1 -10 7.000000 177.000000 174.000000 237.000000 1.522054 1.606912 3.703775 -8.685327 1.356603 12.401216 0.453900 0.471246
Car -1 -1 -10 96.000000 188.000000 211.000000 245.000000 1.527635 1.572972 3.535305 -16.294197 1.566737 27.326837 1.515252 0.238028
Car -1 -1 -10 172.000000 175.000000 227.000000 201.000000 1.564629 1.624727 4.037870 -30.630492 0.822328 53.635187 1.458186 0.192926
Car -1 -1 -10 614.000000 169.000000 652.000000 216.000000 1.534456 1.510057 3.333543 0.706369 1.921783 24.720242 2.159988 0.114057
Car -1 -1 -10 385.000000 179.000000 428.000000 206.000000 1.543395 1.504648 3.338690 -6.283690 1.442836 22.137740 1.308807 0.060660
Car -1 -1 -10 42.000000 185.000000 235.000000 265.000000 1.437911 1.561903 3.849034 -8.218766 1.410009 12.599768 -1.558688 0.047793
Cyclist -1 -1 -10 70.000000 187.000000 217.000000 251.000000 1.693933 0.605023 1.832615 -7.885425 1.463611 12.868425 -1.498061 0.021639
Cyclist -1 -1 -10 190.000000 183.000000 287.000000 230.000000 1.715007 0.552047 1.744090 -12.019399 1.509447 22.994902 -1.454392 0.016492
