Car -1 -1 -10 579.000000 173.000000 653.000000 242.000000 1.522390 1.649799 3.459953 0.143989 1.334436 18.255127 -1.581869 0.999422
Car -1 -1 -10 352.000000 182.000000 470.000000 259.000000 1.567471 1.636670 3.767164 -4.343779 1.516466 16.282903 -1.548081 0.999263
Car -1 -1 -10 455.000000 183.000000 511.000000 221.000000 1.450131 1.588678 3.679379 -4.836509 1.371965 28.022525 -1.576908 0.996360
Car -1 -1 -10 166.000000 185.000000 324.000000 256.000000 1.486295 1.644564 4.005511 -8.592409 1.555419 17.523307 -1.605857 0.992138
Car -1 -1 -10 492.000000 180.000000 537.000000 212.000000 1.560106 1.582713 3.901403 -4.574576 1.212757 36.028645 -1.609726 0.991881
Car -1 -1 -10 8.000000 174.000000 318.000000 378.000000 1.479937 1.636264 3.944995 -3.761535 1.600262 5.073968 -1.585853 0.989494
Car -1 -1 -10 276.000000 182.000000 351.000000 218.000000 1.580576 1.666866 3.832165 -12.973574 1.793238 34.959340 -1.326744 0.618631
Car -1 -1 -10 254.000000 188.000000 303.000000 218.000000 1.516659 1.590861 3.593469 -13.074070 1.772688 30.722557 0.609758 0.014591
Car -1 -1 -10 64.000000 185.000000 317.000000 294.000000 1.497348 1.642524 3.960837 -3.856028 1.392744 5.243208 -1.539642 0.012453
Car -1 -1 -10 587.000000 171.000000 641.000000 216.000000 1.549257 1.618039 3.851224 0.310399 1.098739 18.087938 -0.957307 0.010693
