Pedestrian -1 -1 -10 301.000000 182.000000 333.000000 272.000000 1.803883 0.678558 0.736667 -5.824858 1.880299 14.343540 1.346600 0.981857
Pedestrian -1 -1 -10 260.000000 191.000000 294.000000 272.000000 1.796662 0.622276 0.574584 -6.574771 2.067832 14.287421 1.730871 0.955675
Pedestrian -1 -1 -10 579.000000 178.000000 589.000000 203.000000 1.833081 0.653161 0.861303 -2.172513 2.380737 57.311006 1.153808 0.026458
Pedestrian -1 -1 -10 267.000000 196.000000 327.000000 272.000000 1.786280 0.667752 0.600064 -6.264047 1.985209 14.314017 -1.909016 0.023574
Pedestrian -1 -1 -10 144.000000 205.000000 391.000000 356.000000 1.709586 0.664807 0.870598 -3.660685 2.079019 7.963165 -3.207664 0.016148
Car -1 -1 -10 705.000000 183.000000 823.000000 273.000000 1.463847 1.569900 3.602628 2.656286 1.698932 13.527328 -1.551138 0.999606
Car -1 -1 -10 149.000000 211.000000 389.000000 352.000000 1.446589 1.568725 3.608246 -4.189533 1.940028 9.518218 -1.588329 0.998578
Car -1 -1 -10 477.000000 186.000000 525.000000 225.000000 1.491239 1.588928 3.780131 -4.838522 2.187985 32.505482 1.580008 0.998503
Car -1 -1 -10 378.000000 184.000000 486.000000 259.000000 1.660020 1.687709 3.992352 -4.538456 2.017454 18.618615 -1.555747 0.998436
Car -1 -1 -10 655.000000 178.000000 702.000000 220.000000 1.537585 1.584086 3.640633 2.719353 1.800184 29.124977 -1.598149 0.998033
Car -1 -1 -10 898.000000 193.000000 1255.000000 374.000000 1.550856 1.617925 3.872584 2.903852 1.638109 2.811045 1.537992 0.981605
Car -1 -1 -10 1047.000000 197.000000 1233.000000 332.000000 1.595841 1.625404 3.822919 2.845382 1.476058 1.924072 1.560941 0.012918
Cyclist -1 -1 -10 256.000000 198.000000 300.000000 267.000000 1.688809 0.578255 1.697218 -6.403510 1.810009 14.095045 -2.094074 0.120889
Cyclist -1 -1 -10 298.000000 189.000000 337.000000 269.000000 1.689853 0.768864 1.710621 -6.038659 1.693059 14.533760 2.279408 0.026523
