Pedestrian -1 -1 -10 1200.000000 209.000000 1241.000000 323.000000 1.710188 0.499911 0.616197 5.376239 1.875967 6.592200 0.798124 0.042953
Pedestrian -1 -1 -10 1222.000000 193.000000 1240.000000 334.000000 1.716335 0.519215 0.611198 5.805255 1.885870 6.950436 0.802527 0.012655
Car -1 -1 -10 600.000000 180.000000 696.000000 255.000000 1.526173 1.587280 3.682649 0.681577 1.779193 16.923804 -1.710325 0.999646
Car -1 -1 -10 375.000000 180.000000 436.000000 229.000000 1.572749 1.617789 3.892719 -7.297826 1.923567 25.839111 -1.752415 0.999553
Car -1 -1 -10 551.000000 179.000000 611.000000 221.000000 1.474639 1.590762 3.703514 -1.257959 1.788873 27.807315 -1.766903 0.992081
Car -1 -1 -10 577.000000 178.000000 643.000000 230.000000 1.557832 1.576354 3.559799 -0.271475 1.723587 23.263227 -1.713094 0.991442
Car -1 -1 -10 533.000000 179.000000 565.000000 205.000000 1.490784 1.628601 3.641750 -3.657909 1.876268 40.595426 -1.710878 0.989684
Car -1 -1 -10 -2.000000 141.000000 342.000000 374.000000 1.964222 1.699676 4.244929 -3.921315 1.601232 7.221862 1.369621 0.146683
Cyclist -1 -1 -10 1200.000000 213.000000 1241.000000 324.000000 1.726505 0.377784 1.124435 7.648311 1.895798 9.138724 -0.879242 0.073247
Cyclist -1 -1 -10 1222.000000 204.000000 1242.000000 321.000000 1.676604 0.325374 1.129561 7.378363 1.862273 8.769434 -0.881603 0.012339
