Car -1 -1 -10 663.000000 182.000000 726.000000 229.000000 1.474781 1.612533 3.988398 2.687468 1.764832 23.977476 -1.575827 0.998956
Car -1 -1 -10 851.000000 164.000000 1082.000000 234.000000 1.563684 1.691497 4.267821 8.128472 1.426074 16.787243 3.157255 0.998386
Car -1 -1 -10 102.000000 200.000000 384.000000 371.000000 1.471106 1.554999 3.661625 -3.838273 1.900023 8.164370 1.581553 0.996809
Car -1 -1 -10 392.000000 184.000000 478.000000 236.000000 1.534681 1.640245 4.085283 -6.708532 2.126644 26.783172 1.765956 0.992997
Car -1 -1 -10 473.000000 185.000000 512.000000 214.000000 1.493960 1.553994 3.827867 -6.704016 2.456012 39.039164 1.780798 0.984738
Car -1 -1 -10 280.000000 196.000000 400.000000 267.000000 1.517391 1.605873 3.944554 -6.400004 2.101063 16.959459 1.575331 0.879293
Car -1 -1 -10 824.000000 164.000000 981.000000 224.000000 1.600014 1.628608 3.981309 8.003743 1.274329 19.950347 3.118856 0.351924
Car -1 -1 -10 769.000000 165.000000 911.000000 211.000000 1.573695 1.663053 4.179776 8.158342 1.332523 26.175600 3.079300 0.309852
Car -1 -1 -10 975.000000 155.000000 1083.000000 199.000000 1.588633 1.657593 3.962194 21.172037 0.881160 36.562074 -0.048591 0.186815
Car -1 -1 -10 1015.000000 152.000000 1133.000000 189.000000 1.548880 1.651752 3.858831 22.031710 0.716596 35.613693 -0.036252 0.042752
Car -1 -1 -10 1127.000000 138.000000 1236.000000 188.000000 1.819231 1.724970 4.012284 21.804392 0.528682 26.227536 -0.001247 0.030207
Car -1 -1 -10 1103.000000 145.000000 1195.000000 190.000000 1.626296 1.651719 4.018826 22.128019 0.632290 29.728344 -1.353506 0.027372
Car -1 -1 -10 266.000000 220.000000 376.000000 276.000000 1.557961 1.655693 3.916493 -3.782882 1.670635 11.261068 0.103119 0.025568
