Car -1 -1 -10 361.000000 184.000000 477.000000 255.000000 1.532428 1.631152 3.737729 -4.549163 1.854763 17.468811 1.604232 0.999543
Car -1 -1 -10 856.000000 182.000000 1206.000000 373.000000 1.526130 1.587703 3.604965 3.862948 1.734191 7.411809 -1.610932 0.999454
Car -1 -1 -10 434.000000 183.000000 511.000000 233.000000 1.455343 1.570317 3.770281 -4.276247 1.812262 23.106099 1.619616 0.998208
Car -1 -1 -10 538.000000 178.000000 571.000000 203.000000 1.579752 1.602897 3.712636 -3.422978 1.852018 44.468823 1.627646 0.998167
Car -1 -1 -10 766.000000 186.000000 934.000000 285.000000 1.473822 1.618043 3.848485 3.912769 1.716934 12.652029 -1.545992 0.997986
Car -1 -1 -10 728.000000 181.000000 823.000000 246.000000 1.490228 1.593949 3.695275 3.994849 1.710686 18.136378 -1.528322 0.993529
Car -1 -1 -10 701.000000 179.000000 771.000000 230.000000 1.483337 1.610767 4.037744 3.997435 1.714467 23.363518 -1.567513 0.992920
Car -1 -1 -10 479.000000 182.000000 534.000000 221.000000 1.468293 1.611203 3.973739 -4.187882 1.802218 28.445954 1.610358 0.983218
Car -1 -1 -10 691.000000 177.000000 736.000000 217.000000 1.657276 1.567900 3.734731 4.445215 2.019587 32.718831 -1.519406 0.957280
Car -1 -1 -10 1152.000000 176.000000 1241.000000 228.000000 1.620839 1.619504 3.626409 17.062366 1.426192 19.455554 1.282777 0.205894
Car -1 -1 -10 687.000000 177.000000 718.000000 208.000000 1.641766 1.624547 3.735549 3.975065 1.787351 36.112990 -1.440538 0.134473
Car -1 -1 -10 985.000000 175.000000 1168.000000 230.000000 1.547661 1.601097 3.918419 16.476415 1.375924 26.836105 -0.077707 0.055965
Cyclist -1 -1 -10 976.000000 176.000000 1086.000000 219.000000 1.739722 0.835708 1.917088 15.604062 1.525509 26.030854 3.513756 0.048623
Cyclist -1 -1 -10 1020.000000 174.000000 1164.000000 243.000000 1.702410 0.537728 1.738722 13.552170 1.300862 19.691254 3.253424 0.024143
