Car -1 -1 -10 542.000000 190.000000 752.000000 367.000000 1.460476 1.660638 3.748272 0.256337 1.631096 7.361924 -1.535932 0.999709
Car -1 -1 -10 397.000000 178.000000 493.000000 261.000000 1.474695 1.667812 4.072275 -3.705512 1.635834 15.443500 -1.602955 0.991550
Car -1 -1 -10 443.000000 163.000000 516.000000 230.000000 1.815014 1.668137 3.984785 -3.826102 1.596244 22.023174 -1.588854 0.985830
Car -1 -1 -10 576.000000 181.000000 651.000000 227.000000 1.506187 1.608322 3.847555 -0.061058 1.602237 17.652315 -1.604856 0.825935
Car -1 -1 -10 569.000000 174.000000 659.000000 265.000000 1.511285 1.615970 3.877617 -0.017834 1.523491 17.695350 -1.596891 0.202240
Car -1 -1 -10 700.000000 179.000000 767.000000 222.000000 1.502791 1.646885 4.079853 4.208262 1.579986 24.649127 -1.575077 0.090073
Car -1 -1 -10 789.000000 0.000000 1232.000000 374.000000 2.089633 1.734638 4.375870 3.379038 1.648340 5.499807 -1.562187 0.079414
Car -1 -1 -10 560.000000 181.000000 706.000000 308.000000 1.485785 1.553966 3.510986 0.623330 1.702227 20.397108 2.479559 0.052531
Car -1 -1 -10 725.000000 187.000000 790.000000 231.000000 1.579528 1.628959 3.917295 4.118463 1.726558 24.345846 -1.374852 0.027010
Car -1 -1 -10 308.000000 168.000000 451.000000 273.000000 1.512995 1.617477 3.805290 -3.929358 1.618810 14.708227 -1.808441 0.024960
Car -1 -1 -10 399.000000 170.000000 454.000000 205.000000 1.477413 1.553363 3.494445 -6.524832 1.759955 25.480371 2.199642 0.022400
Cyclist -1 -1 -10 572.000000 179.000000 664.000000 257.000000 1.736444 0.773428 1.698666 -0.073131 1.357431 15.934366 -3.034313 0.052304
