Car -1 -1 -10 343.000000 194.000000 490.000000 283.000000 1.420270 1.619203 3.973759 -3.429535 1.559348 13.184909 -1.583967 0.999690
Car -1 -1 -10 574.000000 180.000000 611.000000 213.000000 1.635690 1.667424 3.958464 -0.753670 1.398638 37.692783 -1.588802 0.999592
Car -1 -1 -10 192.000000 190.000000 335.000000 265.000000 1.430196 1.593291 3.860184 -7.613095 1.603310 16.217054 -1.591258 0.999066
Car -1 -1 -10 454.000000 186.000000 511.000000 223.000000 1.475826 1.635199 4.024093 -5.031894 1.460908 28.938093 -1.619170 0.997186
Car -1 -1 -10 162.000000 188.000000 264.000000 237.000000 1.426615 1.607049 3.807974 -12.668111 1.682651 23.382984 -1.539561 0.993663
Car -1 -1 -10 345.000000 186.000000 399.000000 232.000000 1.521171 1.620757 3.858306 -7.971100 1.539624 25.292656 -1.767071 0.935353
Car -1 -1 -10 265.000000 181.000000 341.000000 221.000000 1.636150 1.674525 4.013009 -13.022938 1.668933 30.743308 -1.594446 0.611056
Car -1 -1 -10 391.000000 189.000000 443.000000 222.000000 1.517923 1.580879 3.641562 -8.705589 1.248087 33.185573 -0.893867 0.410891
Car -1 -1 -10 0.000000 207.000000 48.000000 271.000000 1.542251 1.585938 3.753872 -12.265237 1.809960 12.898695 1.527290 0.229129
Cyclist -1 -1 -10 388.000000 191.000000 445.000000 223.000000 1.675782 0.565156 1.651507 -8.265757 1.272966 32.188694 -1.721787 0.014151
