Pedestrian -1 -1 -10 790.000000 168.000000 823.000000 248.000000 1.804889 0.748515 0.928140 4.199990 1.644783 15.671173 1.669136 0.989730
Pedestrian -1 -1 -10 787.000000 172.000000 811.000000 228.000000 1.679006 0.595432 0.643841 4.124857 1.468164 15.699875 0.791950 0.030401
Car -1 -1 -10 345.000000 190.000000 433.000000 248.000000 1.414333 1.639910 4.071735 -6.035815 1.845788 19.281837 1.103173 0.999631
Car -1 -1 -10 52.000000 194.000000 350.000000 374.000000 1.467941 1.563538 3.713165 -3.830846 1.773864 7.592721 1.490550 0.998319
Car -1 -1 -10 486.000000 178.000000 577.000000 211.000000 1.554980 1.684600 4.165892 -3.873510 1.942796 36.219887 -0.683415 0.988110
Car -1 -1 -10 152.000000 184.000000 267.000000 229.000000 1.579453 1.655670 4.092274 -15.637614 2.052825 28.549094 -0.011338 0.985566
Car -1 -1 -10 618.000000 177.000000 708.000000 205.000000 1.530461 1.645700 4.166402 2.832895 1.849302 39.418642 2.749975 0.961477
Car -1 -1 -10 229.000000 177.000000 329.000000 220.000000 1.577713 1.635612 3.818216 -20.354360 2.665021 48.055413 -3.018769 0.113364
Car -1 -1 -10 218.000000 194.000000 341.000000 292.000000 1.455493 1.608930 3.496788 -7.714784 1.567860 17.015508 0.250226 0.014614
Cyclist -1 -1 -10 787.000000 168.000000 823.000000 250.000000 1.838799 0.603935 1.730808 4.315493 1.700675 15.648606 1.275137 0.022461
Cyclist -1 -1 -10 221.000000 183.000000 330.000000 226.000000 1.712978 0.531420 1.608745 -15.725275 2.547159 34.919775 -2.002653 0.017505
Cyclist -1 -1 -10 218.000000 197.000000 334.000000 251.000000 1.757766 0.494754 1.421057 -4.572477 1.688943 9.014890 -2.069748 0.014688
Cyclist -1 -1 -10 153.000000 182.000000 269.000000 223.000000 1.671159 0.744257 1.871622 -15.387634 1.999839 28.258156 -0.046317 0.013346
Cyclist -1 -1 -10 61.000000 199.000000 109.000000 254.000000 1.704539 0.598873 1.758163 -11.942404 2.099080 16.529647 -1.739754 0.011986
