Pedestrian -1 -1 -10 905.000000 186.000000 980.000000 368.000000 1.767902 0.571685 0.959358 2.716286 1.766444 6.069055 -0.147104 0.985491
Pedestrian -1 -1 -10 863.000000 187.000000 1069.000000 363.000000 1.808368 0.579074 0.977313 2.793599 1.733496 5.996123 0.929133 0.106726
Pedestrian -1 -1 -10 783.000000 190.000000 956.000000 291.000000 1.744835 0.811236 0.792724 3.551295 2.045657 11.348561 0.449011 0.021897
Car -1 -1 -10 554.000000 177.000000 596.000000 209.000000 1.508844 1.620754 3.873033 -1.715675 1.766258 36.550472 1.590588 0.996259
Car -1 -1 -10 776.000000 188.000000 948.000000 293.000000 1.501267 1.617057 4.028701 4.049833 1.831684 12.479797 1.597377 0.995731
Car -1 -1 -10 729.000000 187.000000 819.000000 251.000000 1.440966 1.599956 3.938507 4.044411 1.853214 18.593477 -1.495519 0.992587
Car -1 -1 -10 717.000000 183.000000 779.000000 237.000000 1.457701 1.566489 3.690695 4.389410 1.824190 23.778366 -1.560335 0.957678
Car -1 -1 -10 3.000000 205.000000 333.000000 375.000000 1.531215 1.604554 3.734832 -2.996343 1.784373 3.615139 1.582054 0.945178
Car -1 -1 -10 424.000000 161.000000 547.000000 274.000000 1.825733 1.711975 4.282917 -2.434924 1.725351 15.015867 -1.565630 0.921917
Car -1 -1 -10 700.000000 180.000000 747.000000 222.000000 1.533502 1.611102 3.688749 4.677264 1.924046 30.634636 -1.564416 0.798317
Car -1 -1 -10 919.000000 187.000000 1246.000000 374.000000 1.627539 1.634181 3.820766 3.694148 1.693198 5.994544 -1.607493 0.695843
Car -1 -1 -10 690.000000 180.000000 729.000000 215.000000 1.518223 1.590818 3.721374 4.521104 1.870396 35.085276 -1.528689 0.618456
Car -1 -1 -10 875.000000 191.000000 1054.000000 359.000000 1.539668 1.606510 3.931796 3.944646 1.641085 6.209265 -0.545474 0.384270
Car -1 -1 -10 497.000000 179.000000 560.000000 242.000000 1.517905 1.628570 3.883272 -2.429469 1.715513 20.394548 -1.547798 0.329878
Car -1 -1 -10 679.000000 179.000000 714.000000 208.000000 1.553252 1.544039 3.417089 4.868174 2.001852 41.256954 -1.522979 0.088554
Car -1 -1 -10 574.000000 177.000000 603.000000 202.000000 1.539098 1.517739 3.453583 -1.646254 2.237836 43.275022 1.646311 0.078845
Cyclist -1 -1 -10 881.000000 189.000000 1009.000000 365.000000 1.766580 0.538938 1.748265 2.682683 1.654058 5.955774 1.061262 0.029680
