Pedestrian -1 -1 -10 1215.000000 161.000000 1242.000000 293.000000 1.730014 0.571411 0.663785 8.781035 1.736772 10.039250 -1.482431 0.015821
Pedestrian -1 -1 -10 37.000000 225.000000 125.000000 270.000000 1.749618 0.591464 0.682782 -12.572812 2.712492 17.396237 -2.558857 0.012897
Car -1 -1 -10 376.000000 213.000000 677.000000 375.000000 1.487248 1.583691 3.586240 -1.127890 1.913528 7.698605 -2.290735 0.999726
Car -1 -1 -10 108.000000 216.000000 230.000000 291.000000 1.496304 1.596798 3.685794 -11.402956 2.606332 18.124499 -2.306754 0.996986
Car -1 -1 -10 252.000000 221.000000 470.000000 338.000000 1.442016 1.624422 3.904459 -4.224589 2.195923 11.256299 -2.312119 0.993116
Car -1 -1 -10 182.000000 221.000000 330.000000 306.000000 1.414404 1.610688 3.891193 -7.547272 2.429861 14.765195 -2.314717 0.989955
Car -1 -1 -10 39.000000 224.000000 125.000000 271.000000 1.519995 1.459448 3.177040 -19.214742 3.032154 26.522255 0.950940 0.971628
Car -1 -1 -10 72.000000 223.000000 170.000000 278.000000 1.549151 1.599453 3.770175 -12.201499 2.702893 18.701442 -1.651557 0.908377
Car -1 -1 -10 26.000000 227.000000 93.000000 263.000000 1.438456 1.527654 3.781313 -19.919612 3.314076 26.825056 1.461290 0.279176
Car -1 -1 -10 7.000000 228.000000 69.000000 258.000000 1.526608 1.566151 3.645445 -23.414869 3.636580 31.248159 1.454467 0.066228
Cyclist -1 -1 -10 1219.000000 170.000000 1242.000000 278.000000 1.718259 0.545443 1.484889 9.232743 1.600763 10.653666 3.747325 0.146361
