Car -1 -1 -10 380.000000 181.000000 486.000000 248.000000 1.442526 1.629475 4.000751 -4.521230 1.412919 18.688024 -1.588596 0.999426
Car -1 -1 -10 574.000000 174.000000 659.000000 254.000000 1.495168 1.686803 3.869686 0.110624 1.363572 16.790831 -1.555066 0.999340
Car -1 -1 -10 158.000000 191.000000 378.000000 316.000000 1.436980 1.575155 3.792716 -4.658207 1.583618 10.417755 -1.582896 0.998971
Car -1 -1 -10 114.000000 184.000000 278.000000 267.000000 1.470647 1.611594 3.867899 -8.341529 1.493581 15.136254 -1.539869 0.992204
Car -1 -1 -10 240.000000 183.000000 305.000000 222.000000 1.539976 1.629176 3.942790 -12.930282 1.009073 27.009447 1.540039 0.439288
Car -1 -1 -10 2.000000 178.000000 102.000000 259.000000 1.558498 1.679274 3.895425 -12.867658 1.650847 15.061309 1.548274 0.315226
Car -1 -1 -10 354.000000 182.000000 416.000000 218.000000 1.493454 1.643217 4.070543 -8.436041 1.290585 27.770663 -1.444377 0.303708
Car -1 -1 -10 611.000000 170.000000 647.000000 212.000000 1.473777 1.626497 3.559757 0.438515 0.907655 10.068305 -0.058602 0.129531
Car -1 -1 -10 195.000000 186.000000 300.000000 231.000000 1.517705 1.637232 3.939335 -12.484220 1.192340 26.970105 -3.167193 0.039020
Car -1 -1 -10 597.000000 173.000000 654.000000 227.000000 1.587281 1.526419 3.457862 0.403006 1.487258 23.356922 2.156518 0.037454
Car -1 -1 -10 217.000000 185.000000 276.000000 220.000000 1.523668 1.599007 3.835316 -11.644206 1.219214 26.591185 -3.021916 0.022789
