Car -1 -1 -10 809.000000 193.000000 982.000000 274.000000 1.515230 1.542732 3.799206 6.370822 1.969051 15.099475 0.012603 0.993182
Car -1 -1 -10 635.000000 188.000000 672.000000 219.000000 1.466698 1.628805 4.058773 2.167920 2.327750 37.915607 -1.621985 0.991184
Car -1 -1 -10 878.000000 186.000000 1243.000000 363.000000 1.525914 1.449384 3.071445 4.510060 1.553413 5.887868 -0.371512 0.986261
Car -1 -1 -10 747.000000 191.000000 913.000000 253.000000 1.523194 1.551263 3.985809 6.440624 2.191255 20.670128 0.012970 0.986112
Car -1 -1 -10 240.000000 181.000000 445.000000 252.000000 1.548025 1.646746 3.871434 -6.786269 1.916373 18.099236 -3.186956 0.976441
Car -1 -1 -10 16.000000 189.000000 368.000000 301.000000 1.476622 1.613435 4.114309 -6.528211 1.850679 11.057368 -3.207022 0.968696
Car -1 -1 -10 873.000000 193.000000 1083.000000 298.000000 1.518090 1.582784 3.898661 6.194161 1.807597 11.218297 -0.017280 0.957017
Car -1 -1 -10 0.000000 185.000000 216.000000 340.000000 1.451840 1.514951 3.516610 -6.243377 1.758818 8.277513 0.364904 0.931054
Car -1 -1 -10 727.000000 184.000000 851.000000 243.000000 1.611227 1.581570 3.928179 5.595800 2.151016 22.858160 3.018133 0.908045
Car -1 -1 -10 169.000000 189.000000 383.000000 276.000000 1.529423 1.628076 3.920977 -6.553676 1.878778 13.434446 -3.125511 0.844854
Car -1 -1 -10 393.000000 188.000000 509.000000 224.000000 1.484573 1.543063 3.808362 -6.590163 2.151595 32.117769 0.092793 0.262266
Car -1 -1 -10 309.000000 182.000000 496.000000 239.000000 1.509904 1.590979 3.880595 -6.650527 1.860266 21.603993 0.239851 0.087410
Cyclist -1 -1 -10 530.000000 185.000000 549.000000 224.000000 1.688356 0.544694 1.652990 -3.078282 2.246471 32.343439 1.485257 0.766025
