Car -1 -1 -10 717.000000 180.000000 833.000000 257.000000 1.471824 1.547957 3.712319 3.337211 1.637076 15.541808 1.492055 0.999098
Car -1 -1 -10 831.000000 178.000000 1256.000000 375.000000 1.502941 1.598149 3.816272 3.197734 1.599973 5.796573 -1.571590 0.998050
Car -1 -1 -10 369.000000 184.000000 465.000000 241.000000 1.487425 1.615545 4.001142 -5.682255 1.891671 20.955220 1.679579 0.997891
Car -1 -1 -10 115.000000 195.000000 354.000000 306.000000 1.495049 1.572718 3.747305 -5.800436 1.906104 11.968775 1.571488 0.994876
Car -1 -1 -10 684.000000 178.000000 765.000000 233.000000 1.446217 1.634474 4.015558 3.287771 1.626154 21.414861 -1.614991 0.990307
Car -1 -1 -10 664.000000 177.000000 714.000000 215.000000 1.511038 1.594525 3.769314 3.114794 1.704241 29.980994 -1.583621 0.944530
Car -1 -1 -10 1.000000 208.000000 191.000000 370.000000 1.490111 1.612282 3.919288 -5.700814 1.935908 6.267083 1.597550 0.925042
Car -1 -1 -10 471.000000 176.000000 517.000000 209.000000 1.571375 1.582226 3.765459 -5.722602 1.826204 36.215166 1.588122 0.806285
Car -1 -1 -10 104.000000 186.000000 254.000000 227.000000 1.462059 1.586431 3.911170 -15.105403 1.728690 24.982059 0.065745 0.061815
Cyclist -1 -1 -10 222.000000 182.000000 281.000000 221.000000 1.712978 0.531420 1.608745 -15.231340 1.491810 30.516469 -2.029629 0.031660
