Car -1 -1 -10 484.000000 188.000000 614.000000 263.000000 1.399939 1.584137 3.742323 -1.476866 1.730534 15.090850 -2.023755 0.999539
Car -1 -1 -10 381.000000 181.000000 439.000000 221.000000 1.435390 1.595638 3.756899 -8.242798 1.854920 28.930299 -1.978751 0.998766
Car -1 -1 -10 188.000000 184.000000 234.000000 215.000000 1.555207 1.643278 3.939943 -22.290989 2.244461 39.845650 1.140836 0.997025
Car -1 -1 -10 1056.000000 156.000000 1241.000000 239.000000 1.438571 1.632308 4.019521 9.922983 1.079577 13.601119 1.873594 0.995525
Car -1 -1 -10 367.000000 180.000000 414.000000 212.000000 1.567199 1.611615 3.858570 -10.689491 1.839493 34.261051 -1.982470 0.982038
Car -1 -1 -10 -1.000000 203.000000 125.000000 305.000000 1.473028 1.595910 3.787406 -9.493318 2.006382 12.486377 1.091263 0.923627
Car -1 -1 -10 546.000000 165.000000 652.000000 204.000000 1.550606 1.683854 4.103873 -0.428857 1.267011 31.613425 -2.876829 0.825236
Car -1 -1 -10 626.000000 142.000000 1024.000000 361.000000 1.988466 1.706622 4.340079 1.859403 1.712749 8.313585 -1.998251 0.609805
Car -1 -1 -10 875.000000 157.000000 1039.000000 233.000000 1.548099 1.603224 3.737579 8.106197 1.132489 15.522029 1.820750 0.454116
Car -1 -1 -10 507.000000 173.000000 590.000000 204.000000 1.554086 1.636120 4.082123 -3.516943 1.433475 37.021539 -3.096775 0.124171
Car -1 -1 -10 996.000000 157.000000 1134.000000 214.000000 1.552404 1.583912 3.861225 15.164091 1.087478 22.726788 2.845241 0.100973
Car -1 -1 -10 205.000000 184.000000 243.000000 210.000000 1.560447 1.631593 3.934146 -24.246854 2.336717 44.224565 1.219905 0.081578
Car -1 -1 -10 774.000000 149.000000 1014.000000 302.000000 1.702698 1.672622 4.055842 2.497583 1.411371 7.808885 -0.546293 0.031387
Car -1 -1 -10 1132.000000 143.000000 1241.000000 215.000000 1.557242 1.608107 3.698149 13.229231 0.968431 16.768542 -1.963767 0.028673
