Pedestrian -1 -1 -10 236.000000 168.000000 305.000000 345.000000 1.741153 0.543066 0.996279 -3.472380 1.562850 7.404727 -1.562581 0.998693
Pedestrian -1 -1 -10 799.000000 154.000000 859.000000 291.000000 1.697661 0.518249 0.700912 2.589227 1.385680 8.178976 3.359438 0.992899
Pedestrian -1 -1 -10 870.000000 154.000000 900.000000 243.000000 1.688958 0.574782 0.727610 5.350302 1.127625 13.687598 -1.307174 0.989716
Pedestrian -1 -1 -10 487.000000 167.000000 508.000000 211.000000 1.825572 0.664632 0.939309 -4.485102 1.301208 29.824915 2.450599 0.210763
Pedestrian -1 -1 -10 548.000000 176.000000 567.000000 212.000000 1.753582 0.720119 0.702046 -1.842436 1.511566 29.107484 -1.050970 0.112767
Pedestrian -1 -1 -10 4.000000 154.000000 48.000000 279.000000 1.721620 0.638779 0.741351 -9.812827 2.129131 11.898556 -2.753024 0.099063
Pedestrian -1 -1 -10 538.000000 175.000000 557.000000 212.000000 1.742978 0.661967 0.911677 -2.245770 1.385577 29.162840 -0.182374 0.079234
Pedestrian -1 -1 -10 483.000000 163.000000 494.000000 207.000000 1.777339 0.580750 0.786369 -4.655233 1.186438 30.070973 -0.023247 0.012179
Car -1 -1 -10 671.000000 162.000000 733.000000 216.000000 1.736556 1.615971 3.739428 3.559307 1.113205 26.109238 -1.617913 0.985007
Cyclist -1 -1 -10 485.000000 168.000000 509.000000 211.000000 1.785808 0.539035 1.741162 -4.541252 1.213955 29.889799 1.845703 0.034137
