Car -1 -1 -10 715.000000 177.000000 849.000000 271.000000 1.495213 1.623512 3.907722 3.015914 1.579049 13.416598 -1.549800 0.999656
Car -1 -1 -10 893.000000 148.000000 1160.000000 229.000000 1.572413 1.670275 4.157330 8.401893 1.099170 15.452009 3.141886 0.993123
Car -1 -1 -10 431.000000 181.000000 495.000000 222.000000 1.568017 1.646997 3.918949 -5.809440 1.961513 29.176433 1.591441 0.992791
Car -1 -1 -10 293.000000 182.000000 424.000000 260.000000 1.611896 1.645923 4.095774 -6.023374 1.902612 17.756993 -1.517197 0.935360
Car -1 -1 -10 0.000000 215.000000 177.000000 372.000000 1.485074 1.604628 3.716609 -6.103473 1.940852 6.913934 1.560464 0.869770
Car -1 -1 -10 463.000000 181.000000 510.000000 214.000000 1.509126 1.608468 3.950195 -5.884912 1.912800 34.749263 1.559359 0.661673
Car -1 -1 -10 729.000000 161.000000 820.000000 201.000000 1.689946 1.706627 3.999592 9.654154 1.185634 41.562035 3.199310 0.472191
Car -1 -1 -10 924.000000 150.000000 1001.000000 179.000000 1.515388 1.523845 3.633611 22.598536 0.488873 45.820040 -0.145628 0.112188
Car -1 -1 -10 1055.000000 142.000000 1242.000000 273.000000 1.633704 1.628976 4.062436 8.417168 1.115024 9.340257 3.173325 0.105678
Car -1 -1 -10 483.000000 181.000000 521.000000 208.000000 1.472218 1.612018 3.929602 -5.864506 1.919237 39.546984 1.557121 0.076930
Car -1 -1 -10 230.000000 192.000000 377.000000 274.000000 1.463607 1.644385 4.135035 -6.138904 1.983890 14.849283 1.559541 0.040638
Car -1 -1 -10 712.000000 162.000000 790.000000 193.000000 1.622722 1.649797 3.931971 8.601653 1.093546 41.877624 2.484840 0.030831
Car -1 -1 -10 1097.000000 134.000000 1240.000000 216.000000 1.476471 1.622271 3.952020 10.074653 0.708190 15.806748 2.786562 0.028981
