Car -1 -1 -10 744.000000 183.000000 1098.000000 374.000000 1.485635 1.650231 4.106523 2.711841 1.640568 7.413086 -1.573683 0.999837
Car -1 -1 -10 746.000000 176.000000 848.000000 221.000000 1.545860 1.612227 3.799257 6.646657 1.685072 24.185106 -0.030320 0.996956
Car -1 -1 -10 290.000000 167.000000 473.000000 225.000000 1.549295 1.570771 3.764019 -6.213301 1.359660 19.807363 0.120835 0.992589
Car -1 -1 -10 690.000000 173.000000 756.000000 204.000000 1.549190 1.672686 3.930076 6.169341 1.575449 36.158573 0.033369 0.988727
Car -1 -1 -10 363.000000 166.000000 511.000000 215.000000 1.566020 1.604226 4.081564 -5.916634 1.331766 22.008577 -3.127065 0.980594
Car -1 -1 -10 -20.000000 170.000000 347.000000 309.000000 1.481935 1.618351 4.177414 -5.837478 1.437080 8.909376 -0.112218 0.933753
Car -1 -1 -10 819.000000 177.000000 1105.000000 290.000000 1.485034 1.569103 3.889882 5.860166 1.544146 12.191521 0.027948 0.796273
Car -1 -1 -10 447.000000 165.000000 535.000000 200.000000 1.475040 1.619367 3.984249 -6.071657 1.288656 36.199310 -3.087876 0.281270
Car -1 -1 -10 160.000000 166.000000 414.000000 259.000000 1.547196 1.596380 3.894846 -5.357663 1.384107 12.328024 -3.440441 0.154845
Car -1 -1 -10 2.000000 166.000000 67.000000 341.000000 1.576882 1.658343 3.971522 -6.250696 1.281850 5.216869 1.513519 0.061560
Cyclist -1 -1 -10 760.000000 179.000000 865.000000 225.000000 1.778383 0.635494 1.752795 6.127203 1.649635 23.642084 -0.046446 0.019424
