Car -1 -1 -10 635.000000 184.000000 671.000000 213.000000 1.430089 1.582343 3.995972 2.228038 2.095432 38.749363 -1.595780 0.997328
Car -1 -1 -10 847.000000 179.000000 1242.000000 363.000000 1.442874 1.575305 3.639012 2.765439 1.733650 4.878219 -1.551376 0.994173
Car -1 -1 -10 736.000000 186.000000 882.000000 242.000000 1.502945 1.598668 4.093356 6.163527 2.079941 22.163442 -0.011119 0.991858
Car -1 -1 -10 797.000000 188.000000 957.000000 263.000000 1.492257 1.566516 3.789292 6.208939 1.880970 15.639861 -0.015431 0.986086
Car -1 -1 -10 -7.000000 188.000000 268.000000 310.000000 1.498041 1.622618 3.869557 -6.965654 1.676201 9.960959 -3.167742 0.978837
Car -1 -1 -10 237.000000 179.000000 446.000000 249.000000 1.652997 1.670181 3.964435 -6.779953 1.902274 18.990048 -3.298871 0.938759
Car -1 -1 -10 133.000000 188.000000 390.000000 273.000000 1.533441 1.631338 3.951879 -6.468802 1.738189 14.264551 -3.203907 0.900427
Car -1 -1 -10 847.000000 188.000000 1011.000000 279.000000 1.507876 1.550846 3.771710 6.387673 1.830459 12.548461 -0.000543 0.640197
Car -1 -1 -10 402.000000 184.000000 515.000000 220.000000 1.501526 1.539020 3.783458 -6.530137 1.947837 32.967589 0.077018 0.532560
Car -1 -1 -10 722.000000 178.000000 826.000000 232.000000 1.565406 1.568542 3.957168 5.654414 1.926613 23.640194 3.020902 0.295667
Car -1 -1 -10 855.000000 183.000000 1119.000000 302.000000 1.485407 1.563864 3.915509 6.187704 1.755302 12.241659 0.028701 0.281050
Cyclist -1 -1 -10 533.000000 180.000000 553.000000 217.000000 1.711747 0.567975 1.765654 -3.056384 2.052783 33.698348 1.606884 0.226556
