Pedestrian -1 -1 -10 346.000000 181.000000 358.000000 211.000000 1.772597 0.567783 0.851735 -15.749371 1.960829 43.936103 0.754671 0.266448
Pedestrian -1 -1 -10 359.000000 179.000000 368.000000 206.000000 1.765871 0.635895 0.660763 -15.362468 1.805114 44.902176 -1.907749 0.093040
Pedestrian -1 -1 -10 487.000000 171.000000 496.000000 202.000000 1.803905 0.662605 0.685790 -6.346643 1.508908 39.927046 -2.323659 0.048286
Pedestrian -1 -1 -10 549.000000 168.000000 560.000000 202.000000 1.807859 0.544715 0.785552 -3.046735 1.134104 40.540801 -2.758643 0.044629
Pedestrian -1 -1 -10 349.000000 179.000000 363.000000 210.000000 1.763122 0.679914 0.694403 -15.660509 1.877445 43.954010 0.222937 0.018783
Car -1 -1 -10 507.000000 175.000000 547.000000 208.000000 1.446289 1.632047 3.763616 -3.854337 1.231032 34.620196 -1.622121 0.998149
Car -1 -1 -10 998.000000 139.000000 1160.000000 194.000000 1.623206 1.668112 3.997539 15.191008 0.437279 21.667357 -1.595652 0.992407
Car -1 -1 -10 899.000000 151.000000 971.000000 177.000000 1.547963 1.633333 3.828244 23.472392 0.134539 50.963449 -1.120076 0.293612
Cyclist -1 -1 -10 609.000000 165.000000 645.000000 198.000000 1.684571 0.713966 1.727407 1.312992 0.797606 42.507926 -0.119810 0.995959
Cyclist -1 -1 -10 368.000000 176.000000 394.000000 218.000000 1.728547 0.517158 1.808682 -10.533278 1.760108 32.804605 -1.432282 0.983716
Cyclist -1 -1 -10 669.000000 163.000000 706.000000 195.000000 1.757475 0.721400 1.822033 4.389593 0.888297 39.384721 0.138697 0.284673
Cyclist -1 -1 -10 675.000000 163.000000 692.000000 193.000000 1.712629 0.543584 1.629429 4.347849 0.791525 39.447992 0.565187 0.012386
