Pedestrian -1 -1 -10 920.000000 169.000000 968.000000 284.000000 1.653958 0.650944 0.706392 4.879854 1.547815 10.299401 -0.597906 0.993310
Pedestrian -1 -1 -10 289.000000 193.000000 383.000000 371.000000 1.712087 0.587326 0.838541 -2.471843 1.776122 6.453971 1.787569 0.990902
Pedestrian -1 -1 -10 583.000000 177.000000 605.000000 246.000000 1.646403 0.519469 0.886864 -0.191100 1.568688 18.623439 -1.097161 0.984420
Pedestrian -1 -1 -10 455.000000 181.000000 499.000000 285.000000 1.760145 0.683529 0.724308 -2.208230 1.749915 12.090930 1.401452 0.878662
Pedestrian -1 -1 -10 535.000000 176.000000 556.000000 239.000000 1.794847 0.617432 0.893248 -1.729866 1.676137 21.256866 1.971071 0.705025
Pedestrian -1 -1 -10 556.000000 175.000000 577.000000 230.000000 1.773609 0.691934 0.846980 -1.171031 1.617840 24.304601 1.409254 0.386346
Pedestrian -1 -1 -10 280.000000 186.000000 330.000000 293.000000 1.775603 0.598343 0.801129 -4.426140 1.794034 10.622946 -1.523636 0.297163
Pedestrian -1 -1 -10 599.000000 176.000000 615.000000 222.000000 1.766866 0.638337 0.771528 0.166503 1.618396 29.635146 1.502079 0.249151
Pedestrian -1 -1 -10 593.000000 177.000000 610.000000 230.000000 1.719906 0.599706 0.641275 0.260158 2.482077 29.335367 -2.122599 0.247725
Pedestrian -1 -1 -10 607.000000 177.000000 621.000000 220.000000 1.750926 0.601505 0.716092 0.528664 1.577755 30.812239 -2.585329 0.167696
Pedestrian -1 -1 -10 622.000000 177.000000 637.000000 221.000000 1.802035 0.655892 0.724954 1.200779 1.657635 29.686092 2.045942 0.154678
Pedestrian -1 -1 -10 687.000000 169.000000 729.000000 250.000000 1.725391 0.635691 0.999605 2.600525 1.579410 16.921377 2.782695 0.035113
Pedestrian -1 -1 -10 246.000000 191.000000 361.000000 288.000000 1.744891 0.540275 0.853315 -4.603317 1.863279 10.747205 -2.386347 0.015064
Cyclist -1 -1 -10 683.000000 170.000000 737.000000 252.000000 1.792173 0.596640 1.852985 2.533617 1.604248 16.890354 1.290162 0.820159
Cyclist -1 -1 -10 450.000000 182.000000 497.000000 288.000000 1.732601 0.568835 1.763694 -2.111936 1.711216 11.949679 1.541933 0.691048
Cyclist -1 -1 -10 236.000000 197.000000 393.000000 289.000000 1.663357 0.649148 1.701982 -4.404337 1.964333 11.845367 -0.276593 0.650708
Cyclist -1 -1 -10 265.000000 193.000000 335.000000 285.000000 1.708683 0.496893 1.528101 -5.848685 1.945653 13.113758 2.094181 0.549817
Cyclist -1 -1 -10 289.000000 197.000000 383.000000 365.000000 1.675734 0.450621 1.592701 -2.546621 1.739313 6.527995 1.981357 0.298326
Cyclist -1 -1 -10 822.000000 189.000000 909.000000 348.000000 1.601260 0.582616 1.648247 2.623603 1.766974 7.478744 1.358385 0.044309
