Pedestrian -1 -1 -10 918.000000 148.000000 929.000000 181.000000 1.719905 0.599706 0.641276 15.277631 0.346208 34.867464 -1.713271 0.088182
Car -1 -1 -10 827.000000 160.000000 1147.000000 361.000000 1.531429 1.608139 3.666634 3.233256 1.365844 6.747413 -1.482835 0.975327
Car -1 -1 -10 845.000000 156.000000 963.000000 220.000000 1.559957 1.628940 3.875969 10.778040 1.205408 26.840167 1.483725 0.810426
Car -1 -1 -10 905.000000 150.000000 1000.000000 201.000000 1.465481 1.615969 3.732234 15.174225 0.573273 31.809184 -0.767879 0.182564
Car -1 -1 -10 838.000000 156.000000 1016.000000 271.000000 1.471728 1.562250 3.719952 5.679952 1.260287 13.666891 2.401898 0.032750
Car -1 -1 -10 982.000000 156.000000 1108.000000 205.000000 1.534850 1.607906 3.770821 13.270006 0.625113 22.745760 2.142217 0.030205
Car -1 -1 -10 915.000000 152.000000 944.000000 206.000000 1.484703 1.561695 3.703061 14.358080 0.451889 31.540886 -0.643018 0.024979
Car -1 -1 -10 949.000000 136.000000 1230.000000 365.000000 1.567366 1.621110 3.804929 2.750360 1.229055 2.937379 -1.482578 0.021164
Car -1 -1 -10 967.000000 149.000000 1161.000000 222.000000 1.520837 1.628214 3.783463 13.462309 0.601314 22.395634 1.590815 0.011439
Cyclist -1 -1 -10 844.000000 155.000000 964.000000 231.000000 1.478039 1.618040 3.867755 5.618374 1.084181 13.314838 2.346623 0.068676
