Car -1 -1 -10 452.000000 189.000000 583.000000 264.000000 1.404917 1.586845 3.789651 -2.210257 1.791449 15.591548 -2.060131 0.999540
Car -1 -1 -10 351.000000 183.000000 407.000000 222.000000 1.423005 1.599313 3.789334 -9.507223 1.888657 29.087082 -2.046478 0.999123
Car -1 -1 -10 150.000000 185.000000 198.000000 217.000000 1.513766 1.625022 3.797033 -23.725757 2.335586 39.188871 1.164870 0.998331
Car -1 -1 -10 999.000000 162.000000 1166.000000 238.000000 1.423635 1.630785 4.039024 9.204623 1.180690 14.546368 1.835266 0.997171
Car -1 -1 -10 335.000000 182.000000 385.000000 215.000000 1.529059 1.618232 3.996817 -12.164599 1.960232 34.451644 -2.008973 0.966639
Car -1 -1 -10 520.000000 168.000000 620.000000 208.000000 1.561044 1.663116 3.965468 -1.785427 1.400556 32.017540 -2.914284 0.878012
Car -1 -1 -10 -1.000000 202.000000 100.000000 302.000000 1.471453 1.575728 3.728180 -10.084299 2.036986 12.542206 1.070980 0.850307
Car -1 -1 -10 816.000000 160.000000 983.000000 236.000000 1.481849 1.602087 3.703505 7.303810 1.244310 16.291207 1.835781 0.763382
Car -1 -1 -10 590.000000 149.000000 945.000000 349.000000 1.984838 1.723150 4.342176 1.451170 1.768290 8.890193 -2.058854 0.372592
Car -1 -1 -10 171.000000 185.000000 208.000000 212.000000 1.475297 1.613261 3.799111 -26.273523 2.461387 43.095232 -3.176502 0.327061
Car -1 -1 -10 475.000000 176.000000 559.000000 205.000000 1.509314 1.580846 3.950785 -5.569734 1.682673 37.470900 0.247230 0.224438
Car -1 -1 -10 1094.000000 149.000000 1241.000000 219.000000 1.518030 1.600456 3.847914 13.353492 1.112830 17.235106 1.188186 0.164267
Car -1 -1 -10 0.000000 209.000000 60.000000 342.000000 1.502150 1.605950 3.890978 -7.854049 1.945304 8.522752 1.056887 0.087683
Car -1 -1 -10 949.000000 164.000000 1058.000000 215.000000 1.510820 1.631513 3.989903 13.490012 1.056485 24.432770 0.930691 0.061312
