Pedestrian -1 -1 -10 620.000000 167.000000 649.000000 233.000000 1.674949 0.661085 0.996616 0.822103 1.505611 18.719737 -0.907885 0.990590
Pedestrian -1 -1 -10 56.000000 157.000000 151.000000 336.000000 1.704033 0.583452 0.667352 -3.919506 1.495707 5.691608 1.979529 0.986406
Pedestrian -1 -1 -10 331.000000 157.000000 368.000000 263.000000 1.795185 0.669371 0.914741 -4.747607 1.435228 13.318668 -2.404622 0.956426
Pedestrian -1 -1 -10 558.000000 167.000000 580.000000 226.000000 1.702518 0.479975 0.776686 -1.073115 1.236152 21.880494 2.478993 0.954574
Pedestrian -1 -1 -10 495.000000 172.000000 532.000000 238.000000 1.763204 0.615023 0.709075 -2.164387 1.446585 17.420126 -0.724113 0.603841
Pedestrian -1 -1 -10 19.000000 164.000000 209.000000 362.000000 1.727101 0.655088 0.817773 -3.571659 1.484673 5.394665 2.149059 0.082165
Pedestrian -1 -1 -10 647.000000 163.000000 662.000000 203.000000 1.772878 0.650016 0.687902 2.580679 1.035609 36.183267 -2.008924 0.035001
Pedestrian -1 -1 -10 47.000000 174.000000 96.000000 283.000000 1.741637 0.658099 0.522830 -5.980342 1.415423 7.846566 1.906625 0.019930
Pedestrian -1 -1 -10 613.000000 165.000000 630.000000 214.000000 1.757248 0.600165 0.684077 0.913314 1.092596 33.782954 1.524921 0.015067
Car -1 -1 -10 832.000000 210.000000 958.000000 276.000000 1.528636 1.563050 3.245915 3.184562 1.340067 7.883186 2.501703 0.011754
Cyclist -1 -1 -10 492.000000 173.000000 536.000000 236.000000 1.732704 0.587805 1.763325 -2.395632 1.368387 17.829768 -1.714404 0.881540
