Car -1 -1 -10 262.000000 183.000000 450.000000 299.000000 1.507985 1.608473 3.875111 -3.768164 1.536116 11.315773 -1.549893 0.999662
Car -1 -1 -10 706.000000 186.000000 823.000000 271.000000 1.438345 1.583412 3.723098 2.871399 1.471789 14.100105 -1.572811 0.999604
Car -1 -1 -10 30.000000 176.000000 250.000000 279.000000 1.561185 1.640161 3.723676 -8.194500 1.505169 12.881856 -1.601243 0.999509
Car -1 -1 -10 653.000000 180.000000 712.000000 222.000000 1.468710 1.649966 3.938240 2.672066 1.207620 26.948299 -1.559113 0.999444
Car -1 -1 -10 441.000000 179.000000 514.000000 234.000000 1.546511 1.622437 3.625054 -3.935436 1.383517 21.974093 -1.567902 0.998668
Car -1 -1 -10 481.000000 180.000000 534.000000 219.000000 1.564254 1.696707 4.074240 -4.230415 1.328414 30.140618 -1.557968 0.956237
Car -1 -1 -10 382.000000 180.000000 442.000000 222.000000 1.533495 1.597245 3.792153 -8.551353 1.312000 31.180486 -1.564257 0.533806
Car -1 -1 -10 436.000000 178.000000 485.000000 217.000000 1.596586 1.641147 3.712562 -4.607240 1.163537 21.623833 -0.229309 0.123762
Car -1 -1 -10 280.000000 182.000000 368.000000 234.000000 1.482248 1.583959 3.694902 -8.242109 1.405861 20.923649 -1.519220 0.083892
Car -1 -1 -10 502.000000 179.000000 539.000000 206.000000 1.424838 1.601046 3.663941 -4.960858 1.054462 40.590948 -1.624160 0.051192
