Pedestrian -1 -1 -10 32.000000 168.000000 170.000000 372.000000 1.662863 0.627288 0.775714 -3.385183 1.490980 4.808084 -1.562622 0.997069
Pedestrian -1 -1 -10 940.000000 155.000000 986.000000 271.000000 1.728826 0.639127 0.842705 5.434674 1.306970 10.975796 -1.545388 0.871708
Pedestrian -1 -1 -10 952.000000 149.000000 1077.000000 366.000000 1.664318 0.517671 0.788732 2.609418 1.460573 4.572621 3.220541 0.870696
Pedestrian -1 -1 -10 476.000000 174.000000 496.000000 225.000000 1.826398 0.721414 0.931972 -4.159470 1.622631 26.027849 -0.675309 0.654577
Pedestrian -1 -1 -10 458.000000 166.000000 477.000000 228.000000 1.806568 0.548948 0.876815 -4.790387 1.628118 24.880328 0.442604 0.112453
Pedestrian -1 -1 -10 7.000000 165.000000 99.000000 359.000000 1.709750 0.586901 0.721243 -4.900455 1.615105 6.115395 -3.241592 0.078302
Pedestrian -1 -1 -10 22.000000 166.000000 61.000000 306.000000 1.713353 0.656040 0.633414 -5.849331 1.194840 7.428675 -0.106269 0.068300
Pedestrian -1 -1 -10 952.000000 158.000000 1025.000000 299.000000 1.699184 0.464976 0.582227 2.600768 1.318951 4.598999 3.232847 0.034441
Pedestrian -1 -1 -10 544.000000 184.000000 564.000000 225.000000 1.697077 0.708425 0.726985 -1.731871 1.861367 25.534749 -1.585337 0.025126
Pedestrian -1 -1 -10 529.000000 186.000000 545.000000 225.000000 1.637462 0.713058 0.855440 -2.381412 1.789967 25.688817 -1.650405 0.010091
Car -1 -1 -10 681.000000 168.000000 760.000000 232.000000 1.745636 1.626219 3.662129 3.640645 1.403386 22.449230 -1.580250 0.909296
Cyclist -1 -1 -10 947.000000 145.000000 1087.000000 377.000000 1.699931 0.563487 1.639053 2.703717 1.467248 4.646282 3.247612 0.964361
Cyclist -1 -1 -10 474.000000 175.000000 498.000000 224.000000 1.771770 0.487990 1.706667 -4.297248 1.574545 26.117129 -2.092385 0.113219
Cyclist -1 -1 -10 956.000000 155.000000 1024.000000 313.000000 1.715436 0.717222 1.702968 2.884020 1.296145 4.820658 -2.634707 0.051880
Cyclist -1 -1 -10 680.000000 168.000000 762.000000 231.000000 1.846293 0.721499 1.775141 3.195111 1.353577 21.009238 -1.535453 0.041257
Cyclist -1 -1 -10 718.000000 188.000000 773.000000 244.000000 1.691665 0.564349 1.738833 3.935390 1.589126 20.856088 -0.218318 0.017417
Cyclist -1 -1 -10 942.000000 157.000000 997.000000 275.000000 1.795597 0.510231 1.660438 5.472823 1.381409 11.118737 -1.037809 0.015519
