Car -1 -1 -10 743.000000 179.000000 901.000000 282.000000 1.469506 1.561831 3.710658 3.375734 1.619802 12.256224 1.507149 0.999663
Car -1 -1 -10 310.000000 187.000000 441.000000 257.000000 1.502813 1.612348 3.929007 -5.687059 1.900857 17.670194 1.664224 0.999068
Car -1 -1 -10 0.000000 205.000000 272.000000 367.000000 1.499872 1.583681 3.741689 -5.758905 1.939204 8.731533 1.568201 0.995156
Car -1 -1 -10 695.000000 179.000000 790.000000 245.000000 1.456203 1.636979 3.963855 3.281988 1.639945 18.095778 -1.607657 0.993703
Car -1 -1 -10 670.000000 177.000000 726.000000 220.000000 1.488154 1.595414 3.727319 3.115673 1.631834 26.671906 -1.582726 0.975533
Car -1 -1 -10 458.000000 178.000000 508.000000 214.000000 1.529106 1.580721 3.711767 -5.736642 1.797484 32.724097 1.591895 0.873266
Car -1 -1 -10 1009.000000 127.000000 1239.000000 375.000000 1.524795 1.642405 3.876561 3.152230 1.699796 2.600555 -1.560620 0.810598
Car -1 -1 -10 30.000000 188.000000 184.000000 248.000000 1.547612 1.608603 4.025977 -14.800138 1.992209 21.820823 -0.114055 0.728214
Car -1 -1 -10 0.000000 194.000000 81.000000 243.000000 1.514637 1.560593 3.584810 -15.050640 1.804529 18.159449 -2.855652 0.138356
Cyclist -1 -1 -10 33.000000 187.000000 191.000000 252.000000 1.707475 0.385485 1.166472 -12.839016 1.818081 18.337337 -1.475599 0.011207
