Pedestrian -1 -1 -10 813.000000 172.000000 836.000000 220.000000 1.827848 0.597928 0.844862 10.643390 2.037873 35.405977 2.759089 0.115028
Pedestrian -1 -1 -10 822.000000 171.000000 842.000000 221.000000 1.719906 0.599706 0.641275 10.760653 1.933552 34.719343 -1.824846 0.029464
Pedestrian -1 -1 -10 807.000000 177.000000 827.000000 221.000000 1.814985 0.595725 0.787913 10.517966 1.963807 35.998095 2.766590 0.012757
Car -1 -1 -10 490.000000 180.000000 536.000000 215.000000 1.463367 1.528185 3.459420 -4.354124 1.804753 32.748269 1.640624 0.999315
Car -1 -1 -10 857.000000 188.000000 1249.000000 373.000000 1.487302 1.579287 3.609798 3.634352 1.667060 6.575186 -1.556293 0.999256
Car -1 -1 -10 198.000000 193.000000 401.000000 304.000000 1.507578 1.610255 3.833293 -4.793643 1.847266 11.551443 1.593546 0.999167
Car -1 -1 -10 345.000000 187.000000 464.000000 258.000000 1.443634 1.600487 3.968880 -4.855453 1.829311 16.901576 1.594623 0.999111
Car -1 -1 -10 752.000000 185.000000 945.000000 289.000000 1.468893 1.639000 4.023106 3.583056 1.678647 11.861716 -1.597877 0.997410
Car -1 -1 -10 721.000000 180.000000 827.000000 252.000000 1.490076 1.632243 3.853493 3.643664 1.716652 16.970260 -1.570149 0.993857
Car -1 -1 -10 704.000000 179.000000 776.000000 231.000000 1.484195 1.584373 3.642077 3.961506 1.779835 22.433443 -1.534131 0.981456
Car -1 -1 -10 4.000000 196.000000 247.000000 375.000000 1.453617 1.593721 3.955378 -4.868382 1.814592 5.815051 1.595988 0.977868
Car -1 -1 -10 513.000000 178.000000 555.000000 208.000000 1.533704 1.611157 3.837121 -3.980057 1.796396 37.368663 1.614941 0.943363
Car -1 -1 -10 687.000000 178.000000 741.000000 219.000000 1.540318 1.609193 3.860198 4.140673 1.747930 27.953592 -1.599673 0.886208
Car -1 -1 -10 1120.000000 176.000000 1233.000000 233.000000 1.532219 1.643618 3.853685 17.854278 1.581921 21.854582 1.218650 0.201572
Car -1 -1 -10 942.000000 175.000000 1016.000000 216.000000 1.542155 1.676236 4.001198 14.122813 1.383396 26.141030 -0.117066 0.094390
Cyclist -1 -1 -10 936.000000 179.000000 1023.000000 225.000000 1.697441 0.501300 1.734512 13.020249 1.423620 24.320857 -1.620932 0.224705
Cyclist -1 -1 -10 809.000000 175.000000 836.000000 216.000000 1.670890 0.488691 1.778573 10.818752 1.660522 35.423178 -1.807478 0.079996
