Car -1 -1 -10 283.000000 191.000000 419.000000 268.000000 1.519142 1.596398 3.867140 -5.746260 1.953292 16.215954 1.579770 0.999575
Car -1 -1 -10 369.000000 187.000000 459.000000 242.000000 1.469793 1.569655 3.856563 -5.800350 1.946647 21.715835 1.582557 0.997654
Car -1 -1 -10 792.000000 153.000000 908.000000 195.000000 1.590485 1.692753 4.128778 9.537238 0.947979 28.579185 3.049470 0.994310
Car -1 -1 -10 419.000000 185.000000 487.000000 229.000000 1.467609 1.545115 3.801849 -5.687958 1.953321 26.676914 1.577187 0.982976
Car -1 -1 -10 458.000000 183.000000 509.000000 217.000000 1.534424 1.633273 3.999094 -5.677346 1.983362 32.589221 1.575901 0.911367
Car -1 -1 -10 664.000000 173.000000 706.000000 203.000000 1.609852 1.646358 4.084982 3.564961 1.571290 34.674875 1.528479 0.844523
Car -1 -1 -10 491.000000 181.000000 533.000000 209.000000 1.563985 1.641027 4.020843 -5.315156 1.995549 40.179736 1.624479 0.562673
Car -1 -1 -10 1.000000 231.000000 116.000000 373.000000 1.536254 1.617181 3.800007 -5.755014 2.011408 5.286333 -1.581367 0.487720
Car -1 -1 -10 1117.000000 132.000000 1243.000000 176.000000 1.592637 1.682781 4.014367 22.901611 0.129398 28.811186 0.089571 0.459634
Car -1 -1 -10 1061.000000 142.000000 1165.000000 174.000000 1.478508 1.597941 3.941765 23.259431 0.045941 33.426065 3.142911 0.388075
Car -1 -1 -10 742.000000 160.000000 846.000000 192.000000 1.564898 1.599123 3.836001 8.735842 1.117460 34.442299 2.572541 0.149962
Cyclist -1 -1 -10 0.000000 227.000000 120.000000 372.000000 1.715890 0.554859 1.794705 -5.268344 2.354146 6.315853 1.460869 0.010458
