Pedestrian -1 -1 -10 273.000000 182.000000 314.000000 284.000000 1.831177 0.758340 0.809567 -5.831738 1.944220 13.368267 1.265859 0.993869
Pedestrian -1 -1 -10 236.000000 194.000000 266.000000 282.000000 1.794645 0.651434 0.562391 -6.572366 2.121629 13.230463 -2.003817 0.905631
Pedestrian -1 -1 -10 578.000000 178.000000 588.000000 204.000000 1.871384 0.618829 0.914477 -2.131815 2.278423 55.760421 1.153649 0.028025
Pedestrian -1 -1 -10 240.000000 208.000000 308.000000 281.000000 1.669205 0.608402 0.555479 -7.334284 1.831611 15.374542 -1.320920 0.011000
Car -1 -1 -10 711.000000 183.000000 841.000000 282.000000 1.476526 1.568957 3.551239 2.653267 1.696011 12.572386 -1.551610 0.999643
Car -1 -1 -10 657.000000 179.000000 706.000000 221.000000 1.519891 1.581857 3.621065 2.751405 1.749484 28.217928 -1.594344 0.998720
Car -1 -1 -10 472.000000 187.000000 523.000000 225.000000 1.493912 1.605349 3.753437 -4.810673 2.140723 31.602829 1.591895 0.998585
Car -1 -1 -10 366.000000 184.000000 479.000000 265.000000 1.649737 1.689907 3.990186 -4.543370 1.986565 17.773717 -1.549058 0.997364
Car -1 -1 -10 92.000000 215.000000 370.000000 370.000000 1.463446 1.596609 3.704681 -4.248793 1.968503 8.719555 -1.601030 0.995146
Car -1 -1 -10 985.000000 179.000000 1233.000000 375.000000 1.544097 1.509081 3.671920 3.097405 1.317307 4.346467 -0.340574 0.951502
Car -1 -1 -10 520.000000 186.000000 549.000000 211.000000 1.541586 1.630658 3.912015 -4.670179 2.422262 47.501947 1.434433 0.895017
Cyclist -1 -1 -10 977.000000 186.000000 1235.000000 371.000000 1.613858 0.604829 1.637505 3.096553 1.455662 4.852457 0.668984 0.029859
Cyclist -1 -1 -10 266.000000 184.000000 319.000000 283.000000 1.681667 0.787281 1.771888 -5.885873 1.776603 13.326546 2.709872 0.027576
