Car -1 -1 -10 707.000000 187.000000 817.000000 271.000000 1.427269 1.572956 3.627158 2.829417 1.746089 14.513335 -1.570697 0.999388
Car -1 -1 -10 46.000000 193.000000 348.000000 298.000000 1.497669 1.616600 4.054016 -6.225568 1.788459 11.005056 0.019927 0.999096
Car -1 -1 -10 747.000000 175.000000 934.000000 241.000000 1.595468 1.653031 3.962020 6.437841 1.747408 19.607398 0.088230 0.996917
Car -1 -1 -10 136.000000 183.000000 424.000000 269.000000 1.496760 1.547967 3.857924 -6.109470 1.740525 14.400593 -0.083306 0.991045
Car -1 -1 -10 388.000000 179.000000 484.000000 225.000000 1.569517 1.602916 3.816189 -6.041439 1.789114 24.557501 -3.107645 0.959259
Car -1 -1 -10 636.000000 178.000000 665.000000 203.000000 1.551454 1.653546 3.999903 2.762350 2.010401 48.455830 -1.592117 0.956271
Car -1 -1 -10 269.000000 181.000000 449.000000 252.000000 1.552350 1.587059 3.963478 -5.995458 1.684265 17.413589 0.025655 0.943077
Car -1 -1 -10 699.000000 179.000000 773.000000 217.000000 1.614900 1.627522 3.909908 5.462548 1.819497 33.584729 0.032188 0.733951
Car -1 -1 -10 -1.000000 201.000000 149.000000 355.000000 1.552208 1.618833 3.846445 -7.264634 1.768621 7.332933 -3.220411 0.703236
Car -1 -1 -10 419.000000 177.000000 517.000000 218.000000 1.504928 1.610176 3.857891 -6.329992 1.763342 29.814566 0.038627 0.481702
Car -1 -1 -10 707.000000 181.000000 814.000000 229.000000 1.528835 1.590335 3.912706 5.910048 1.382172 25.266815 -0.659507 0.386290
Car -1 -1 -10 453.000000 179.000000 539.000000 212.000000 1.504743 1.582879 3.950321 -6.100210 1.749838 42.880181 0.009488 0.288300
