Pedestrian -1 -1 -10 746.000000 156.000000 761.000000 210.000000 1.815826 0.745150 0.734117 5.757843 1.142294 29.142321 -1.563797 0.401024
Pedestrian -1 -1 -10 726.000000 152.000000 744.000000 209.000000 1.820664 0.873635 0.784577 5.049285 1.114074 29.434913 -1.367753 0.281804
Pedestrian -1 -1 -10 714.000000 166.000000 744.000000 216.000000 1.719905 0.599706 0.641276 4.883260 0.891139 29.802910 -1.960026 0.022442
Pedestrian -1 -1 -10 738.000000 162.000000 769.000000 209.000000 1.773755 0.662286 0.655219 5.741992 1.400005 29.116289 -1.410107 0.010201
Car -1 -1 -10 795.000000 178.000000 1160.000000 363.000000 1.457841 1.623200 3.995393 3.210146 1.537758 7.466899 -1.616905 0.998936
Car -1 -1 -10 380.000000 177.000000 460.000000 231.000000 1.552660 1.584652 3.670409 -5.786549 1.693348 22.061348 1.574836 0.998485
Car -1 -1 -10 703.000000 171.000000 810.000000 246.000000 1.482856 1.620415 3.840415 3.080183 1.464550 16.050706 -1.602582 0.997221
Car -1 -1 -10 0.000000 199.000000 257.000000 375.000000 1.473608 1.622504 3.975404 -5.676809 1.839496 7.354986 1.644584 0.981695
Car -1 -1 -10 680.000000 171.000000 753.000000 220.000000 1.476941 1.559418 3.539266 3.177278 1.406023 21.384466 -1.627431 0.953595
Car -1 -1 -10 425.000000 176.000000 489.000000 219.000000 1.496182 1.543978 3.641335 -5.630160 1.704839 27.264937 1.557773 0.936541
Car -1 -1 -10 1116.000000 195.000000 1241.000000 375.000000 1.524438 1.580901 3.823868 3.552039 1.450097 2.052038 1.580548 0.607956
Car -1 -1 -10 678.000000 172.000000 723.000000 209.000000 1.546651 1.539506 3.423416 3.498401 1.445462 30.715245 -1.524229 0.336616
Car -1 -1 -10 82.000000 178.000000 217.000000 226.000000 1.531111 1.603425 3.959791 -15.252599 1.509951 23.568557 -0.107861 0.049938
Cyclist -1 -1 -10 741.000000 159.000000 762.000000 207.000000 1.685339 0.660525 1.684369 5.646941 0.820611 29.293852 -2.028308 0.038262
Cyclist -1 -1 -10 722.000000 161.000000 751.000000 205.000000 1.766177 0.599246 1.776887 5.235047 0.858441 29.480177 -2.466254 0.018461
