Pedestrian -1 -1 -10 447.000000 175.000000 459.000000 211.000000 1.762740 0.675053 0.572459 -6.169478 1.873832 28.251591 -1.786596 0.439599
Pedestrian -1 -1 -10 0.000000 192.000000 56.000000 325.000000 1.757546 0.546215 0.811542 -7.019434 1.749506 8.473927 0.384094 0.017497
Car -1 -1 -10 400.000000 186.000000 488.000000 243.000000 1.497548 1.638635 3.909792 -4.533422 1.832997 19.922332 1.527074 0.999649
Car -1 -1 -10 709.000000 176.000000 840.000000 275.000000 1.510927 1.623465 3.932711 2.783835 1.636301 13.023258 -1.572592 0.999455
Car -1 -1 -10 59.000000 185.000000 269.000000 264.000000 1.495118 1.583420 3.884720 -9.441426 1.791840 15.164264 0.057801 0.998841
Car -1 -1 -10 684.000000 176.000000 766.000000 240.000000 1.540759 1.604312 3.842870 2.965116 1.595075 19.490256 -1.584042 0.996873
Car -1 -1 -10 448.000000 175.000000 515.000000 228.000000 1.656657 1.609684 3.976172 -4.465775 1.785835 25.379449 1.576257 0.993709
Car -1 -1 -10 850.000000 182.000000 1238.000000 374.000000 1.501883 1.550045 3.530301 3.124056 1.641895 5.484757 -1.559467 0.989764
Car -1 -1 -10 664.000000 176.000000 719.000000 218.000000 1.510459 1.600535 3.779400 2.977382 1.641696 27.849512 -1.579605 0.986791
Car -1 -1 -10 484.000000 175.000000 534.000000 218.000000 1.597033 1.647315 4.047684 -4.311813 1.837130 30.855763 1.601251 0.937503
Car -1 -1 -10 656.000000 174.000000 698.000000 207.000000 1.605853 1.625316 3.735399 3.132423 1.676619 34.093897 -1.568761 0.020178
