Car -1 -1 -10 270.000000 183.000000 454.000000 296.000000 1.512080 1.624916 3.925651 -3.791199 1.531489 11.602143 -1.556641 0.999660
Car -1 -1 -10 712.000000 186.000000 839.000000 279.000000 1.415305 1.566502 3.611978 2.855490 1.471464 12.958098 -1.543042 0.999528
Car -1 -1 -10 114.000000 175.000000 293.000000 266.000000 1.528832 1.617865 3.700052 -8.214637 1.430011 14.792841 -1.597285 0.999405
Car -1 -1 -10 448.000000 179.000000 516.000000 233.000000 1.530399 1.612120 3.512586 -3.907374 1.307043 22.520987 -1.594287 0.999194
Car -1 -1 -10 658.000000 179.000000 722.000000 225.000000 1.461168 1.631681 4.001666 2.754121 1.314631 24.927958 -1.590963 0.998673
Car -1 -1 -10 487.000000 179.000000 532.000000 218.000000 1.555577 1.663429 4.020180 -4.222481 1.291113 30.312789 -1.532122 0.935874
Car -1 -1 -10 387.000000 179.000000 445.000000 221.000000 1.528312 1.603002 3.812897 -8.499610 1.338169 31.666989 -1.559427 0.647905
Car -1 -1 -10 298.000000 182.000000 382.000000 232.000000 1.492110 1.571936 3.792703 -8.370630 1.386517 22.126301 1.639402 0.171864
Car -1 -1 -10 504.000000 180.000000 540.000000 207.000000 1.450031 1.603970 3.655751 -4.963345 1.099600 41.066262 -1.621130 0.088795
Car -1 -1 -10 438.000000 180.000000 487.000000 216.000000 1.531020 1.639922 3.805556 -4.058998 0.890046 22.770813 -1.725370 0.073813
Car -1 -1 -10 321.000000 183.000000 378.000000 209.000000 1.533273 1.576411 3.522851 -8.918695 1.145385 23.703858 1.732553 0.011387
