Car -1 -1 -10 679.000000 175.000000 857.000000 298.000000 1.594504 1.637680 4.078606 2.268308 1.642290 11.647506 -1.643921 0.999182
Car -1 -1 -10 181.000000 197.000000 457.000000 370.000000 1.495627 1.555065 3.740750 -2.871715 1.730868 7.839645 1.560167 0.999128
Car -1 -1 -10 123.000000 185.000000 364.000000 260.000000 1.458629 1.606806 3.902050 -7.258007 1.722489 14.634032 -3.182128 0.931162
Car -1 -1 -10 295.000000 182.000000 438.000000 245.000000 1.488109 1.589572 3.829950 -6.693651 1.468095 19.702439 -0.014864 0.925682
Car -1 -1 -10 396.000000 179.000000 501.000000 216.000000 1.516729 1.512265 3.790218 -6.652314 1.836074 29.753131 0.558021 0.843075
Car -1 -1 -10 350.000000 181.000000 480.000000 225.000000 1.503723 1.635497 3.931308 -6.139048 1.816814 25.825180 -0.148148 0.378135
Car -1 -1 -10 245.000000 187.000000 346.000000 246.000000 1.521261 1.498458 3.585129 -6.496777 1.879929 14.468613 0.715769 0.314345
Car -1 -1 -10 434.000000 177.000000 514.000000 208.000000 1.504794 1.560462 3.670579 -7.109708 1.615242 35.434577 0.737407 0.060686
Car -1 -1 -10 226.000000 184.000000 450.000000 276.000000 1.531615 1.601605 3.803430 -6.259689 1.753246 14.989458 -3.150845 0.057291
Cyclist -1 -1 -10 302.000000 184.000000 442.000000 257.000000 1.760543 0.680294 1.725929 -6.358892 1.624122 18.973799 0.040769 0.022903
