Pedestrian -1 -1 -10 732.000000 172.000000 754.000000 207.000000 1.784091 0.700639 0.747083 7.659094 2.189511 41.888500 2.964758 0.014771
Car -1 -1 -10 791.000000 175.000000 1102.000000 365.000000 1.504693 1.632220 3.979441 3.199273 1.645780 7.991769 -1.560553 0.999645
Car -1 -1 -10 708.000000 183.000000 798.000000 249.000000 1.458047 1.545117 3.723273 3.338787 1.698925 17.746702 1.526854 0.998785
Car -1 -1 -10 226.000000 194.000000 387.000000 284.000000 1.506908 1.582324 3.801806 -5.824255 1.938198 14.118488 1.577171 0.998112
Car -1 -1 -10 0.000000 206.000000 275.000000 370.000000 1.474523 1.668950 4.132055 -5.783441 1.944217 8.311956 1.614466 0.997303
Car -1 -1 -10 394.000000 185.000000 478.000000 236.000000 1.524696 1.599902 3.947575 -5.656651 1.964970 23.185561 1.675988 0.995834
Car -1 -1 -10 679.000000 180.000000 749.000000 229.000000 1.456645 1.632638 4.018982 3.280894 1.749582 23.642664 -1.612735 0.988120
Car -1 -1 -10 658.000000 179.000000 707.000000 213.000000 1.487497 1.590566 3.763004 3.102821 1.767357 32.192707 -1.599458 0.951067
Car -1 -1 -10 1006.000000 175.000000 1247.000000 375.000000 1.513906 1.570137 3.773652 4.171065 1.771078 4.625842 0.452922 0.861622
Car -1 -1 -10 483.000000 179.000000 522.000000 209.000000 1.476132 1.611915 3.822557 -5.640923 1.918936 38.367414 1.617390 0.815188
Car -1 -1 -10 131.000000 187.000000 257.000000 244.000000 1.446658 1.639246 3.991210 -12.610847 1.427128 23.419361 -3.020540 0.128149
Cyclist -1 -1 -10 739.000000 172.000000 753.000000 210.000000 1.624823 0.520773 1.678725 7.882854 1.910509 42.286334 0.261951 0.011949
Cyclist -1 -1 -10 1019.000000 174.000000 1226.000000 377.000000 1.659762 0.683874 1.735527 3.782344 1.923305 5.986970 0.690839 0.010944
