Pedestrian -1 -1 -10 999.000000 153.000000 1051.000000 259.000000 1.798089 0.666471 0.882011 6.878819 1.331092 11.580586 2.575683 0.943286
Pedestrian -1 -1 -10 1021.000000 153.000000 1074.000000 258.000000 1.664201 0.573662 0.744515 7.065218 1.173697 11.395339 -2.507491 0.935756
Pedestrian -1 -1 -10 1027.000000 155.000000 1052.000000 246.000000 1.739531 0.540416 0.581971 6.883007 1.298213 11.338002 3.511801 0.045849
Pedestrian -1 -1 -10 1003.000000 153.000000 1045.000000 210.000000 1.730529 0.546823 0.591344 7.351706 1.631629 12.773661 3.088525 0.036798
Pedestrian -1 -1 -10 1032.000000 156.000000 1059.000000 199.000000 1.799828 0.694554 0.965087 20.666921 0.368671 32.805801 3.695769 0.020060
Pedestrian -1 -1 -10 881.000000 153.000000 899.000000 195.000000 1.782434 0.613036 0.814490 13.372116 0.495644 33.550765 1.472191 0.019346
Pedestrian -1 -1 -10 1002.000000 150.000000 1024.000000 202.000000 1.672020 0.541230 0.538359 10.500281 0.697231 18.220918 3.053121 0.015609
Car -1 -1 -10 453.000000 173.000000 520.000000 210.000000 1.509886 1.590106 3.736762 -5.154780 1.203295 29.845831 1.069089 0.999135
Car -1 -1 -10 1.000000 200.000000 293.000000 367.000000 1.537737 1.588794 3.877987 -3.247877 1.704271 3.391689 -1.582851 0.971215
Cyclist -1 -1 -10 18.000000 199.000000 276.000000 361.000000 1.703700 0.745678 1.789170 -2.602421 1.657577 3.580287 -1.586270 0.019195
