Pedestrian -1 -1 -10 27.000000 182.000000 52.000000 238.000000 1.740791 0.539125 0.567298 -19.855059 2.156774 25.273580 1.047303 0.801934
Pedestrian -1 -1 -10 68.000000 184.000000 84.000000 235.000000 1.699468 0.547322 0.558100 -18.792450 1.995342 25.583217 1.952151 0.521872
Pedestrian -1 -1 -10 57.000000 188.000000 91.000000 229.000000 1.810550 0.807373 0.692293 -18.685641 2.194546 25.110827 -1.804845 0.178110
Pedestrian -1 -1 -10 14.000000 188.000000 58.000000 247.000000 1.717361 0.450812 0.657330 -9.358525 2.316708 11.749775 2.370215 0.141103
Pedestrian -1 -1 -10 3.000000 195.000000 123.000000 257.000000 1.745989 0.624511 0.863439 -15.574351 2.687776 20.515202 -3.320151 0.027280
Pedestrian -1 -1 -10 53.000000 188.000000 74.000000 232.000000 1.681179 0.559465 0.649632 -19.516117 1.981582 25.454473 -1.724386 0.024954
Pedestrian -1 -1 -10 26.000000 186.000000 96.000000 234.000000 1.784430 0.666077 0.820461 -15.701003 2.140549 20.734506 -1.740234 0.010109
Car -1 -1 -10 598.000000 175.000000 632.000000 204.000000 1.516179 1.631800 3.932301 0.337980 1.782298 44.400668 -1.568511 0.998986
Car -1 -1 -10 393.000000 184.000000 431.000000 209.000000 1.476467 1.612482 3.825661 -12.715355 2.273543 46.384549 1.611091 0.997397
Car -1 -1 -10 0.000000 199.000000 130.000000 256.000000 1.481251 1.588673 3.733401 -16.125293 2.300475 21.435398 1.542580 0.995297
Cyclist -1 -1 -10 62.000000 186.000000 88.000000 231.000000 1.717736 0.423200 1.383353 -12.670038 1.613728 16.986733 -1.491209 0.032901
Cyclist -1 -1 -10 -1.000000 195.000000 132.000000 256.000000 1.718858 0.818532 1.838648 -15.692212 2.626158 20.689085 1.892622 0.018867
Cyclist -1 -1 -10 23.000000 182.000000 52.000000 240.000000 1.723879 0.740403 1.761930 -19.973153 1.839440 25.639650 -0.201213 0.012351
