Car -1 -1 -10 130.000000 185.000000 292.000000 268.000000 1.489593 1.582299 3.591042 -8.116766 1.527461 15.136953 -1.590701 0.999572
Car -1 -1 -10 579.000000 173.000000 650.000000 238.000000 1.535393 1.681235 3.588432 -0.001915 1.291268 19.614318 -1.590924 0.999572
Car -1 -1 -10 434.000000 179.000000 507.000000 231.000000 1.547938 1.624336 3.742749 -4.537690 1.394530 23.774575 -1.594529 0.996992
Car -1 -1 -10 283.000000 179.000000 459.000000 292.000000 1.571609 1.616706 3.906039 -3.851972 1.505003 12.247296 -1.566819 0.996943
Car -1 -1 -10 478.000000 181.000000 525.000000 213.000000 1.486960 1.569826 3.621184 -5.083781 1.174513 35.032390 -1.586518 0.925209
Car -1 -1 -10 505.000000 180.000000 543.000000 205.000000 1.576082 1.615376 3.878172 -4.826004 1.105577 43.465468 1.514007 0.814836
Car -1 -1 -10 268.000000 183.000000 336.000000 216.000000 1.471125 1.630390 3.939309 -12.611605 1.374186 31.059275 -1.445344 0.167834
Car -1 -1 -10 2.000000 191.000000 109.000000 329.000000 1.471886 1.637326 3.886090 -8.263709 1.664400 8.710595 -1.558531 0.110985
Car -1 -1 -10 291.000000 183.000000 378.000000 236.000000 1.485498 1.566713 3.673752 -12.620386 1.479118 30.911902 -1.858891 0.026302
Car -1 -1 -10 411.000000 180.000000 463.000000 215.000000 1.500673 1.622375 3.846843 -8.714919 1.130921 37.792030 -1.714315 0.017106
