Pedestrian -1 -1 -10 512.000000 169.000000 534.000000 232.000000 1.731252 0.577644 0.676023 -2.168548 1.439039 19.293381 1.950334 0.996836
Pedestrian -1 -1 -10 282.000000 163.000000 333.000000 296.000000 1.697941 0.739783 0.465989 -3.648149 1.418617 8.913480 2.213956 0.992127
Pedestrian -1 -1 -10 649.000000 169.000000 672.000000 224.000000 1.655050 0.598886 0.649141 1.768626 1.298008 21.664132 2.041638 0.981125
Pedestrian -1 -1 -10 1105.000000 148.000000 1208.000000 366.000000 1.663821 0.579618 0.539738 4.253391 1.420051 5.589681 -1.501849 0.961816
Pedestrian -1 -1 -10 383.000000 161.000000 412.000000 247.000000 1.844491 0.670994 0.850252 -4.530780 1.377710 15.771131 -2.859555 0.905895
Pedestrian -1 -1 -10 569.000000 167.000000 588.000000 219.000000 1.724804 0.611437 0.660564 -0.821954 1.285901 24.856921 -1.668887 0.859776
Pedestrian -1 -1 -10 627.000000 166.000000 645.000000 212.000000 1.732138 0.670449 0.955824 1.287468 1.142782 27.386008 -1.596238 0.690965
Pedestrian -1 -1 -10 1142.000000 155.000000 1235.000000 328.000000 1.716032 0.601386 0.719389 4.330918 1.393425 5.503307 1.191714 0.025621
Pedestrian -1 -1 -10 168.000000 151.000000 211.000000 329.000000 1.770292 0.702786 0.558616 -5.082624 2.101075 8.722365 -1.697041 0.018800
Pedestrian -1 -1 -10 621.000000 165.000000 637.000000 208.000000 1.760034 0.593620 0.737706 1.192289 1.079037 27.348107 1.621942 0.011211
Pedestrian -1 -1 -10 258.000000 167.000000 366.000000 310.000000 1.776225 0.852055 0.622054 -3.196655 1.644748 8.385737 2.284713 0.010175
Cyclist -1 -1 -10 1101.000000 158.000000 1232.000000 350.000000 1.694417 0.517693 1.688809 4.373152 1.407021 5.623570 -0.394796 0.240798
Cyclist -1 -1 -10 512.000000 170.000000 534.000000 230.000000 1.714539 0.607632 1.741142 -2.245607 1.379791 19.505423 2.061689 0.040976
Cyclist -1 -1 -10 699.000000 157.000000 736.000000 212.000000 1.837832 0.649829 1.803697 4.462983 1.007617 28.647147 1.378455 0.012895
