Car -1 -1 -10 835.000000 186.000000 1161.000000 367.000000 1.486900 1.599786 3.655261 3.678041 1.690302 7.575807 -1.547449 0.999850
Car -1 -1 -10 363.000000 186.000000 473.000000 252.000000 1.436008 1.599624 3.964799 -4.784486 1.786421 17.952932 1.598073 0.999486
Car -1 -1 -10 496.000000 179.000000 541.000000 212.000000 1.488664 1.532540 3.457121 -4.252724 1.811829 33.791830 1.648934 0.999373
Car -1 -1 -10 245.000000 190.000000 416.000000 292.000000 1.506835 1.614394 3.860752 -4.782881 1.854417 12.535419 1.583142 0.999176
Car -1 -1 -10 748.000000 181.000000 906.000000 279.000000 1.465750 1.644454 4.057378 3.582716 1.641281 12.908014 -1.580538 0.997858
Car -1 -1 -10 -1.000000 196.000000 295.000000 374.000000 1.498030 1.624934 3.828962 -4.724439 1.842127 7.018314 1.540022 0.997056
Car -1 -1 -10 716.000000 179.000000 813.000000 245.000000 1.452093 1.607939 3.871879 3.673296 1.641038 18.028988 -1.568685 0.995385
Car -1 -1 -10 703.000000 178.000000 768.000000 228.000000 1.467256 1.566353 3.728031 4.008153 1.673738 23.562043 -1.531579 0.986768
Car -1 -1 -10 517.000000 178.000000 556.000000 208.000000 1.477729 1.606682 3.797680 -3.993037 1.701143 38.641271 1.603820 0.945674
Car -1 -1 -10 1097.000000 172.000000 1238.000000 225.000000 1.533710 1.607368 3.832473 18.247768 1.461362 23.484907 1.573818 0.875629
Car -1 -1 -10 685.000000 177.000000 735.000000 217.000000 1.521343 1.590510 3.734225 4.201956 1.724054 29.391956 -1.592599 0.871405
Car -1 -1 -10 1104.000000 226.000000 1247.000000 373.000000 1.513592 1.619009 3.851336 3.712775 1.740286 2.238411 -1.594752 0.360907
Car -1 -1 -10 931.000000 172.000000 1006.000000 210.000000 1.518428 1.621209 3.929837 13.948621 1.336518 27.861481 -0.501456 0.077011
Cyclist -1 -1 -10 924.000000 173.000000 1015.000000 217.000000 1.705303 0.479754 1.657753 12.797123 1.507159 25.599770 -1.656384 0.241693
