Pedestrian -1 -1 -10 684.000000 164.000000 696.000000 207.000000 1.776803 0.684959 0.664064 4.250792 1.533219 38.385084 -1.494029 0.521949
Pedestrian -1 -1 -10 545.000000 173.000000 557.000000 213.000000 1.725507 0.630025 0.731092 -2.884400 1.870452 34.548548 1.549388 0.332173
Pedestrian -1 -1 -10 549.000000 173.000000 559.000000 202.000000 1.720838 0.562404 0.570269 -3.833620 1.644659 48.765133 0.533610 0.305739
Pedestrian -1 -1 -10 527.000000 177.000000 542.000000 214.000000 1.785277 0.657405 0.895462 -3.603751 2.024214 34.149374 1.486138 0.156822
Pedestrian -1 -1 -10 537.000000 177.000000 554.000000 208.000000 1.782949 0.643321 0.917581 -3.145333 1.859747 34.516033 0.557856 0.035827
Pedestrian -1 -1 -10 690.000000 169.000000 699.000000 207.000000 1.819987 0.663521 0.660032 4.284637 1.525763 38.340444 -1.587236 0.022594
Car -1 -1 -10 351.000000 183.000000 457.000000 257.000000 1.577020 1.608085 3.830749 -5.118933 1.933286 18.383338 1.575408 0.999216
Car -1 -1 -10 682.000000 174.000000 794.000000 263.000000 1.554392 1.590009 3.697709 2.488359 1.611149 14.974098 -1.599337 0.999108
Car -1 -1 -10 471.000000 184.000000 517.000000 218.000000 1.500812 1.681496 4.041877 -5.486068 2.079513 34.298191 1.538779 0.997523
Car -1 -1 -10 2.000000 193.000000 202.000000 375.000000 1.611877 1.610556 3.845084 -4.524131 1.818579 4.510016 -1.572104 0.657150
Car -1 -1 -10 484.000000 175.000000 517.000000 207.000000 1.489663 1.606126 3.970125 -5.491897 1.861299 34.528743 1.558219 0.017234
Cyclist -1 -1 -10 527.000000 176.000000 542.000000 216.000000 1.786050 0.559763 1.860787 -3.566665 2.015244 34.050993 1.617184 0.990459
Cyclist -1 -1 -10 544.000000 174.000000 557.000000 215.000000 1.768302 0.599326 1.859435 -2.896377 1.881382 34.553109 1.482191 0.695942
Cyclist -1 -1 -10 549.000000 173.000000 559.000000 202.000000 1.728225 0.466452 1.435097 -1.162009 1.327516 16.708476 -0.927117 0.012833
Cyclist -1 -1 -10 537.000000 177.000000 554.000000 208.000000 1.726776 0.625900 1.768094 -3.106791 1.787841 34.508408 1.922243 0.011881
