Pedestrian -1 -1 -10 685.000000 170.000000 735.000000 329.000000 1.730774 0.627725 0.641415 1.065880 1.693674 8.165086 1.201662 0.995213
Pedestrian -1 -1 -10 357.000000 190.000000 385.000000 261.000000 1.753240 0.718910 0.738573 -5.142213 2.061136 15.411876 0.138422 0.222713
Pedestrian -1 -1 -10 821.000000 178.000000 834.000000 221.000000 1.768204 0.692965 0.569963 8.485972 1.712973 28.042543 2.884547 0.118810
Pedestrian -1 -1 -10 339.000000 190.000000 399.000000 265.000000 1.754516 0.769832 0.797681 -4.864316 2.057150 14.594165 -0.242816 0.052448
Car -1 -1 -10 701.000000 185.000000 903.000000 347.000000 1.521263 1.618169 3.778781 1.943631 1.659056 8.175936 -1.495813 0.999086
Car -1 -1 -10 305.000000 192.000000 426.000000 254.000000 1.486235 1.568814 3.787143 -5.839458 1.992933 16.315018 1.821784 0.982004
Car -1 -1 -10 680.000000 176.000000 738.000000 208.000000 1.510650 1.583923 3.691939 5.388894 1.902624 38.836832 0.590711 0.511677
Car -1 -1 -10 684.000000 178.000000 745.000000 326.000000 1.577158 1.585002 3.814030 2.173746 1.624432 8.774822 -0.407553 0.084702
Car -1 -1 -10 -3.000000 172.000000 244.000000 368.000000 1.597988 1.678797 3.906157 -3.158407 1.391976 2.800025 1.451369 0.012027
Car -1 -1 -10 343.000000 189.000000 395.000000 261.000000 1.492616 1.601880 3.827624 -5.727706 1.811804 16.066774 0.714880 0.011498
Cyclist -1 -1 -10 819.000000 178.000000 837.000000 221.000000 1.688876 0.643592 1.649658 8.517469 1.474480 28.146619 0.385939 0.176745
Cyclist -1 -1 -10 786.000000 184.000000 864.000000 221.000000 1.712978 0.531420 1.608745 8.887606 1.598724 30.735311 -1.279197 0.076695
Cyclist -1 -1 -10 681.000000 176.000000 744.000000 330.000000 1.700436 0.607177 1.863565 1.128635 1.657698 8.218265 1.548349 0.057424
Cyclist -1 -1 -10 798.000000 186.000000 830.000000 222.000000 1.685164 0.541837 1.755019 9.112603 1.654867 31.795450 -1.838817 0.026769
Cyclist -1 -1 -10 814.000000 182.000000 831.000000 229.000000 1.712978 0.531420 1.608744 8.200071 1.345419 27.717885 -1.282386 0.018826
Cyclist -1 -1 -10 778.000000 186.000000 824.000000 228.000000 1.703539 0.497263 1.688833 9.551053 1.586107 34.888778 -1.853993 0.014798
