Pedestrian -1 -1 -10 668.000000 173.000000 687.000000 227.000000 1.700247 0.607869 0.677997 1.821216 1.439297 20.025345 -2.074063 0.227451
Pedestrian -1 -1 -10 681.000000 168.000000 711.000000 234.000000 1.756361 0.629216 0.743196 2.357194 1.857920 19.337976 2.773436 0.185895
Pedestrian -1 -1 -10 672.000000 171.000000 700.000000 229.000000 1.644117 0.528707 0.724194 1.974787 1.497322 19.452696 1.245359 0.047275
Pedestrian -1 -1 -10 690.000000 162.000000 731.000000 231.000000 1.697176 0.573913 0.570661 2.358423 2.151622 18.342749 2.738604 0.027135
Pedestrian -1 -1 -10 701.000000 165.000000 724.000000 205.000000 1.719906 0.599706 0.641275 2.806667 0.945997 20.609424 -1.982383 0.014229
Car -1 -1 -10 345.000000 180.000000 508.000000 299.000000 1.577023 1.630103 3.821728 -2.973726 1.661542 11.852941 -1.599983 0.999422
Car -1 -1 -10 589.000000 176.000000 615.000000 203.000000 1.605429 1.657515 4.094490 -0.424827 1.894567 47.011418 -1.564215 0.997346
Car -1 -1 -10 62.000000 196.000000 213.000000 263.000000 1.486751 1.580657 3.858655 -12.414053 2.176510 19.495706 1.552690 0.994909
Car -1 -1 -10 371.000000 183.000000 444.000000 238.000000 1.546825 1.623729 3.807202 -6.640017 1.359615 20.521743 1.753063 0.010344
Cyclist -1 -1 -10 678.000000 161.000000 754.000000 237.000000 1.828024 0.654411 1.821671 2.584730 1.562090 18.058041 -2.559189 0.999418
Cyclist -1 -1 -10 675.000000 169.000000 715.000000 232.000000 1.760414 0.547491 1.716291 2.033765 1.475425 19.585928 -1.466185 0.920857
Cyclist -1 -1 -10 671.000000 171.000000 695.000000 230.000000 1.800449 0.522260 1.548635 2.068873 1.628626 20.470672 -1.425120 0.544613
Cyclist -1 -1 -10 811.000000 177.000000 838.000000 215.000000 1.702033 0.508778 1.724757 7.322672 1.942707 24.328023 -1.801820 0.322366
Cyclist -1 -1 -10 695.000000 162.000000 720.000000 232.000000 1.808312 0.487593 1.607986 2.640764 1.549021 18.695820 2.757697 0.065627
Cyclist -1 -1 -10 699.000000 166.000000 733.000000 198.000000 1.753334 0.436027 1.452360 2.756638 1.321439 19.630035 -1.365033 0.020893
Cyclist -1 -1 -10 666.000000 173.000000 684.000000 222.000000 1.704542 0.489110 1.759548 1.821740 1.640527 21.441313 -1.695801 0.010077
