Car -1 -1 -10 129.000000 186.000000 380.000000 329.000000 1.498083 1.599941 3.679728 -4.364911 1.549627 9.465543 -1.590048 0.999625
Car -1 -1 -10 752.000000 176.000000 1052.000000 363.000000 1.582486 1.610823 3.776386 3.009068 1.615531 8.400960 -1.590272 0.999338
Car -1 -1 -10 395.000000 186.000000 480.000000 244.000000 1.455211 1.600514 3.547574 -4.648076 1.490356 19.739250 -1.604252 0.999274
Car -1 -1 -10 576.000000 181.000000 619.000000 219.000000 1.508599 1.653270 3.775513 -0.566886 1.339800 31.592552 -1.614974 0.998417
Car -1 -1 -10 461.000000 186.000000 512.000000 226.000000 1.449305 1.554133 3.625387 -4.692943 1.465517 28.002145 -1.673334 0.994873
Car -1 -1 -10 82.000000 167.000000 270.000000 273.000000 1.665346 1.620730 3.930074 -8.618957 1.419245 14.615120 -1.604985 0.859909
Car -1 -1 -10 386.000000 183.000000 432.000000 216.000000 1.472276 1.641389 3.762042 -8.402591 1.314252 31.680237 -1.741220 0.840658
Car -1 -1 -10 1.000000 192.000000 82.000000 307.000000 1.481497 1.619986 4.091628 -8.697966 1.686100 8.244515 1.561144 0.755683
Car -1 -1 -10 567.000000 184.000000 591.000000 211.000000 1.490419 1.632028 3.926393 -1.036920 1.341859 40.631290 -1.004249 0.345320
Car -1 -1 -10 478.000000 183.000000 517.000000 216.000000 1.504390 1.622120 3.896067 -5.176758 1.527198 33.873444 -1.598822 0.285469
Car -1 -1 -10 306.000000 171.000000 378.000000 231.000000 1.578591 1.574114 3.908998 -8.708119 1.415668 22.640616 1.558269 0.214074
Car -1 -1 -10 256.000000 174.000000 367.000000 238.000000 1.675011 1.713082 4.169077 -8.957831 1.372774 22.302871 -1.597390 0.079646
Car -1 -1 -10 70.000000 192.000000 187.000000 251.000000 1.533647 1.575505 3.887818 -11.373460 1.754077 16.587588 -2.179250 0.015337
