Car -1 -1 -10 631.000000 179.000000 696.000000 230.000000 1.417810 1.618478 4.009286 1.722779 1.753298 24.246447 -1.642382 0.998911
Car -1 -1 -10 835.000000 167.000000 1190.000000 331.000000 1.470788 1.590807 3.973472 5.381399 1.653434 8.718265 -0.023584 0.991311
Car -1 -1 -10 613.000000 175.000000 650.000000 205.000000 1.545238 1.615753 3.833654 1.240004 1.793328 39.551894 -1.542461 0.975659
Car -1 -1 -10 212.000000 182.000000 443.000000 245.000000 1.433495 1.630999 4.279113 -7.345709 1.587197 18.461307 -3.203122 0.950776
Car -1 -1 -10 1010.000000 188.000000 1233.000000 378.000000 1.496720 1.598396 4.091198 5.625692 1.717569 5.762719 3.249637 0.937415
Car -1 -1 -10 -1.000000 142.000000 183.000000 366.000000 1.686583 1.643475 4.151139 -7.150620 1.564513 7.132207 -0.020771 0.300927
Car -1 -1 -10 444.000000 180.000000 498.000000 210.000000 1.551515 1.603442 3.940323 -6.965740 1.697051 32.756939 -2.922720 0.220521
Car -1 -1 -10 337.000000 183.000000 448.000000 242.000000 1.497227 1.554663 3.737220 -7.210104 1.764898 19.656349 -3.153566 0.073105
Car -1 -1 -10 389.000000 181.000000 459.000000 266.000000 1.575701 1.540274 3.572023 -3.781977 1.732421 14.461296 -1.810442 0.011586
Cyclist -1 -1 -10 396.000000 178.000000 458.000000 278.000000 1.697986 0.543038 1.741835 -3.341837 1.826165 13.191470 1.511705 0.999409
Cyclist -1 -1 -10 336.000000 181.000000 467.000000 258.000000 1.714574 0.616629 1.563028 -5.535283 2.114037 17.593660 -0.131875 0.138486
Cyclist -1 -1 -10 407.000000 184.000000 458.000000 228.000000 1.634129 0.524751 1.570760 -4.600291 1.714788 19.048737 -1.790716 0.025256
