Car -1 -1 -10 570.000000 175.000000 655.000000 255.000000 1.501328 1.670370 3.845787 -0.036613 1.341616 16.497437 -1.573686 0.999538
Car -1 -1 -10 48.000000 182.000000 201.000000 247.000000 1.549451 1.613585 3.713846 -12.925540 1.526129 19.394310 -1.544090 0.999174
Car -1 -1 -10 312.000000 190.000000 443.000000 269.000000 1.452441 1.587976 3.844877 -4.685964 1.518700 15.049435 -1.569916 0.998978
Car -1 -1 -10 427.000000 182.000000 504.000000 232.000000 1.569521 1.667779 3.995980 -4.552736 1.416403 23.181918 -1.610723 0.998958
Car -1 -1 -10 225.000000 183.000000 348.000000 246.000000 1.460825 1.625263 3.959525 -8.408240 1.453343 19.273893 -1.569429 0.997133
Car -1 -1 -10 607.000000 171.000000 643.000000 212.000000 1.509991 1.537438 3.421759 0.472744 1.883804 25.346823 2.527759 0.171409
Car -1 -1 -10 -1.000000 187.000000 108.000000 255.000000 1.496388 1.599254 3.897748 -13.662580 1.540150 19.192397 -2.818153 0.118665
Car -1 -1 -10 339.000000 170.000000 405.000000 206.000000 1.592329 1.635611 3.940481 -12.431761 0.870118 38.005692 -3.097508 0.039318
Car -1 -1 -10 0.000000 190.000000 52.000000 266.000000 1.505281 1.614809 3.931984 -12.345667 1.716526 12.516411 -1.549691 0.039056
Car -1 -1 -10 396.000000 182.000000 446.000000 214.000000 1.492092 1.630813 3.864803 -8.389418 1.221922 32.162766 -3.249968 0.030165
Car -1 -1 -10 587.000000 174.000000 648.000000 223.000000 1.505464 1.526915 3.441333 0.221876 1.689578 24.918831 1.027550 0.016162
