Car -1 -1 -10 728.000000 187.000000 903.000000 310.000000 1.411153 1.565567 3.609634 2.845684 1.671205 10.604204 -1.576830 0.998356
Car -1 -1 -10 -8.000000 186.000000 327.000000 312.000000 1.469277 1.501683 3.747953 -6.061472 1.572435 10.820084 0.343272 0.996621
Car -1 -1 -10 636.000000 177.000000 667.000000 203.000000 1.509452 1.659482 4.047547 2.467903 1.809690 44.708848 -1.630862 0.994039
Car -1 -1 -10 779.000000 173.000000 1013.000000 255.000000 1.584932 1.661988 3.918787 6.444185 1.619647 15.766003 0.004722 0.989920
Car -1 -1 -10 305.000000 179.000000 452.000000 240.000000 1.579841 1.596948 3.905418 -6.482855 1.656116 18.571812 0.048743 0.982117
Car -1 -1 -10 716.000000 179.000000 804.000000 222.000000 1.523697 1.606196 3.992481 6.345624 1.929602 27.621586 -0.093609 0.969950
Car -1 -1 -10 729.000000 179.000000 858.000000 230.000000 1.467431 1.590531 3.844913 6.610136 1.440731 25.789396 2.254204 0.945484
Car -1 -1 -10 129.000000 180.000000 403.000000 261.000000 1.558724 1.586142 4.022734 -6.464594 1.556189 14.557984 0.470866 0.826840
Car -1 -1 -10 445.000000 178.000000 529.000000 211.000000 1.487860 1.558640 3.916671 -6.319567 1.691065 38.931151 0.040491 0.534734
Car -1 -1 -10 0.000000 191.000000 186.000000 373.000000 1.518712 1.628775 4.186046 -6.122935 1.760810 6.783619 -0.021803 0.256380
Car -1 -1 -10 347.000000 170.000000 479.000000 227.000000 1.589193 1.634011 3.907840 -6.494400 1.773748 25.034078 -3.215233 0.226849
