Car -1 -1 -10 570.000000 181.000000 604.000000 211.000000 1.514209 1.637024 3.849176 -1.219343 1.357331 41.380534 -1.617560 0.999685
Car -1 -1 -10 -11.000000 197.000000 340.000000 371.000000 1.445576 1.628677 4.057304 -4.812731 1.670422 8.181516 -1.561604 0.997775
Car -1 -1 -10 214.000000 184.000000 341.000000 248.000000 1.502978 1.603356 3.780446 -8.165565 1.521189 18.097958 -1.609737 0.987018
Car -1 -1 -10 76.000000 182.000000 248.000000 253.000000 1.484861 1.675311 3.882744 -11.537804 1.345081 19.282117 -1.617783 0.938533
Car -1 -1 -10 307.000000 186.000000 382.000000 234.000000 1.542638 1.625063 4.000237 -8.749041 1.542779 23.735853 -1.600183 0.892637
Car -1 -1 -10 473.000000 187.000000 525.000000 221.000000 1.481807 1.650823 3.957433 -4.757797 1.521660 32.888453 -1.605486 0.601411
Car -1 -1 -10 256.000000 183.000000 324.000000 234.000000 1.478585 1.685473 4.088765 -8.366496 1.471597 16.949706 1.563239 0.022255
Car -1 -1 -10 496.000000 184.000000 536.000000 211.000000 1.584689 1.573326 3.517934 -6.014101 1.296065 43.825879 0.896840 0.016166
Car -1 -1 -10 391.000000 196.000000 429.000000 221.000000 1.568288 1.602986 3.881328 -5.704157 1.331403 17.697739 -1.184295 0.013854
Car -1 -1 -10 156.000000 186.000000 276.000000 255.000000 1.461402 1.581762 4.057961 -8.764893 1.241732 18.011728 0.434695 0.011737
Car -1 -1 -10 335.000000 187.000000 419.000000 227.000000 1.448157 1.624502 4.061586 -8.504453 1.465838 23.977541 -1.610958 0.010142
