Pedestrian -1 -1 -10 399.000000 162.000000 454.000000 298.000000 1.763394 0.687626 0.875993 -2.497605 1.514879 10.073046 1.468166 0.996649
Pedestrian -1 -1 -10 587.000000 167.000000 627.000000 281.000000 1.727916 0.573393 0.864681 0.037527 1.518724 11.023023 -0.603522 0.995636
Pedestrian -1 -1 -10 792.000000 140.000000 852.000000 324.000000 1.829275 0.581252 0.955614 1.907196 1.478642 6.847624 3.416227 0.994839
Pedestrian -1 -1 -10 918.000000 155.000000 991.000000 316.000000 1.788021 0.604147 0.911205 3.599141 1.323853 7.452900 -1.619518 0.992743
Pedestrian -1 -1 -10 551.000000 170.000000 572.000000 226.000000 1.781179 0.652682 0.970397 -1.293852 1.354753 22.831580 -1.759511 0.973566
Pedestrian -1 -1 -10 522.000000 167.000000 544.000000 221.000000 1.720616 0.641066 0.656040 -2.373560 1.288321 24.459288 -1.628176 0.749169
Pedestrian -1 -1 -10 116.000000 163.000000 204.000000 336.000000 1.842944 0.633994 0.943188 -5.229079 1.641519 8.703380 1.611617 0.672526
Pedestrian -1 -1 -10 577.000000 170.000000 593.000000 221.000000 1.725447 0.605106 0.651446 -0.659494 1.414543 24.046031 1.507904 0.364386
Pedestrian -1 -1 -10 843.000000 149.000000 861.000000 231.000000 1.795795 0.676777 0.809817 5.500187 1.071969 15.764712 2.349444 0.349382
Pedestrian -1 -1 -10 852.000000 155.000000 866.000000 231.000000 1.760604 0.637792 0.666858 5.427332 1.022158 15.306890 3.344612 0.144428
Pedestrian -1 -1 -10 832.000000 144.000000 863.000000 288.000000 1.674147 0.479265 0.505630 2.777497 1.089689 8.901340 1.256966 0.079343
Pedestrian -1 -1 -10 823.000000 152.000000 854.000000 236.000000 1.766692 0.566081 0.744282 5.248275 1.153084 15.644741 2.354437 0.048694
Pedestrian -1 -1 -10 584.000000 167.000000 603.000000 224.000000 1.775664 0.538509 0.721143 -0.440795 1.412666 23.289392 2.543997 0.038703
Pedestrian -1 -1 -10 827.000000 156.000000 845.000000 211.000000 1.713151 0.640814 0.694147 5.141983 0.937355 15.852699 0.378558 0.036242
Pedestrian -1 -1 -10 298.000000 194.000000 331.000000 275.000000 1.702994 0.591970 0.656704 -4.504902 2.171839 11.080272 -2.487834 0.032656
Pedestrian -1 -1 -10 432.000000 179.000000 452.000000 268.000000 1.650383 0.489738 0.556601 -2.719166 1.756931 12.559901 0.408888 0.029552
Pedestrian -1 -1 -10 473.000000 170.000000 496.000000 211.000000 1.718958 0.466511 0.664323 -2.691976 1.525273 15.774949 -0.037113 0.029068
Pedestrian -1 -1 -10 271.000000 197.000000 301.000000 266.000000 1.714927 0.687267 0.816627 -5.510214 1.905325 12.425237 -1.452181 0.027191
Pedestrian -1 -1 -10 803.000000 152.000000 845.000000 216.000000 1.702732 0.571681 0.592419 5.014337 1.175698 15.685996 2.906696 0.024181
Pedestrian -1 -1 -10 54.000000 181.000000 266.000000 353.000000 1.750357 0.572813 0.756003 -4.466698 2.015459 6.499158 -1.466205 0.021420
Pedestrian -1 -1 -10 338.000000 189.000000 376.000000 270.000000 1.690605 0.599925 0.637912 -4.091730 1.693914 12.083258 2.167671 0.014161
Cyclist -1 -1 -10 466.000000 169.000000 525.000000 275.000000 1.689279 0.579101 1.723181 -1.860263 1.506002 12.320097 1.606532 0.998922
Cyclist -1 -1 -10 99.000000 165.000000 218.000000 349.000000 1.806174 0.676453 1.802330 -5.346708 1.619787 8.733663 0.308439 0.707307
Cyclist -1 -1 -10 521.000000 168.000000 545.000000 221.000000 1.705551 0.520195 1.640001 -2.444459 1.268506 24.738572 -1.669469 0.128042
Cyclist -1 -1 -10 473.000000 170.000000 496.000000 211.000000 1.639398 0.513450 1.591706 -3.177774 1.448293 20.313439 -1.726822 0.084059
Cyclist -1 -1 -10 9.000000 179.000000 164.000000 361.000000 1.742000 0.481804 1.690648 -4.871693 1.830412 6.557787 -3.208793 0.054704
Cyclist -1 -1 -10 399.000000 161.000000 454.000000 299.000000 1.798583 0.684814 1.796706 -2.539349 1.543654 10.000800 1.419540 0.029931
Cyclist -1 -1 -10 482.000000 174.000000 514.000000 210.000000 1.723065 0.441759 1.429765 -2.377941 1.158215 17.307528 -0.991653 0.025634
Cyclist -1 -1 -10 647.000000 168.000000 689.000000 224.000000 1.705226 0.528963 1.650645 1.700106 1.646490 20.296898 -2.014775 0.023142
Cyclist -1 -1 -10 420.000000 162.000000 504.000000 282.000000 1.687484 0.613650 1.796481 -2.245485 1.626937 12.306188 -2.428155 0.020169
