Car -1 -1 -10 651.000000 170.000000 722.000000 220.000000 1.524728 1.558359 3.571537 2.646522 1.515838 25.585450 -1.782511 0.998534
Car -1 -1 -10 588.000000 174.000000 629.000000 202.000000 1.506774 1.580034 3.663364 -0.195897 1.512185 40.329543 -1.787168 0.996247
Car -1 -1 -10 886.000000 186.000000 1244.000000 374.000000 1.507808 1.626054 3.815018 3.121349 1.610722 4.219443 -1.572427 0.984509
Car -1 -1 -10 816.000000 170.000000 981.000000 238.000000 1.517013 1.630041 3.832697 7.119750 1.587105 17.918817 3.339667 0.953490
Car -1 -1 -10 0.000000 217.000000 250.000000 372.000000 1.546593 1.586130 3.771189 -3.723912 1.861835 3.810205 1.593872 0.946467
Car -1 -1 -10 1011.000000 168.000000 1224.000000 236.000000 1.525606 1.624750 4.040514 12.017260 1.446589 17.031665 3.341139 0.178224
Car -1 -1 -10 991.000000 171.000000 1234.000000 306.000000 1.498525 1.437896 2.978654 8.830196 1.170367 11.330709 2.721582 0.044376
Car -1 -1 -10 660.000000 167.000000 712.000000 195.000000 1.492488 1.577209 3.836025 6.040260 0.840969 54.881099 2.647574 0.033377
Cyclist -1 -1 -10 470.000000 171.000000 487.000000 207.000000 1.764993 0.581322 1.870667 -6.715590 1.661211 36.725202 1.019539 0.546046
Cyclist -1 -1 -10 -3.000000 213.000000 252.000000 376.000000 1.718232 0.674675 1.762001 -3.133916 1.832962 4.414877 1.589702 0.021840
Cyclist -1 -1 -10 919.000000 179.000000 1240.000000 361.000000 1.697765 0.753768 1.934241 2.397122 1.700495 3.857443 -1.572536 0.010229
