Pedestrian -1 -1 -10 17.000000 239.000000 158.000000 357.000000 1.794256 0.696318 0.757591 -2.714871 1.877350 3.718891 0.401670 0.020105
Car -1 -1 -10 256.000000 188.000000 472.000000 316.000000 1.504811 1.646121 4.149468 -3.284796 1.565889 10.479621 -1.559787 0.999542
Car -1 -1 -10 557.000000 177.000000 620.000000 238.000000 1.533787 1.685529 3.723969 -0.634445 1.411884 21.388872 -1.603777 0.999412
Car -1 -1 -10 500.000000 178.000000 547.000000 219.000000 1.525909 1.616664 3.863314 -3.349385 1.328096 29.250491 -1.620342 0.995295
Car -1 -1 -10 185.000000 183.000000 305.000000 259.000000 1.503212 1.586297 3.681903 -7.783432 1.503837 16.172802 -1.543492 0.979364
Car -1 -1 -10 424.000000 176.000000 517.000000 251.000000 1.602638 1.631313 3.967133 -3.364625 1.445493 17.821229 -1.581930 0.975419
Car -1 -1 -10 2.000000 207.000000 317.000000 376.000000 1.418987 1.608401 3.912161 -3.280437 1.683307 3.897139 -1.589093 0.955733
Car -1 -1 -10 314.000000 183.000000 370.000000 210.000000 1.563004 1.657194 3.953951 -12.858730 1.400312 35.027408 -1.513493 0.229976
Car -1 -1 -10 370.000000 181.000000 429.000000 213.000000 1.537015 1.634759 3.925766 -8.023878 1.067150 28.084659 -1.695742 0.171942
Car -1 -1 -10 257.000000 185.000000 316.000000 215.000000 1.533273 1.576411 3.522851 -16.288973 1.007271 34.083494 1.657305 0.060611
