Pedestrian -1 -1 -10 627.000000 163.000000 669.000000 291.000000 1.752547 0.629733 0.727851 0.582980 1.507572 9.915313 1.703514 0.998761
Pedestrian -1 -1 -10 289.000000 162.000000 342.000000 298.000000 1.757389 0.640465 0.902761 -3.870957 1.472665 9.571617 -1.367767 0.998063
Pedestrian -1 -1 -10 686.000000 162.000000 734.000000 288.000000 1.752509 0.713671 0.891737 1.441461 1.439910 10.122419 1.661068 0.997837
Pedestrian -1 -1 -10 453.000000 170.000000 475.000000 221.000000 1.715724 0.674242 0.980420 -4.757935 1.323338 24.635584 -1.242017 0.062853
Pedestrian -1 -1 -10 726.000000 161.000000 748.000000 225.000000 1.778056 0.729933 0.733583 3.798130 1.183753 20.303315 -0.942955 0.037270
Pedestrian -1 -1 -10 696.000000 163.000000 767.000000 274.000000 1.682022 0.510072 0.752244 2.287750 1.749836 11.824371 0.735532 0.026334
Pedestrian -1 -1 -10 108.000000 172.000000 149.000000 286.000000 1.753540 0.642456 0.767629 -8.250505 1.576585 12.583609 2.175351 0.023688
Pedestrian -1 -1 -10 506.000000 167.000000 535.000000 199.000000 1.729397 0.627767 0.636014 -5.147676 1.151617 42.831098 -1.160295 0.017905
Pedestrian -1 -1 -10 419.000000 168.000000 443.000000 215.000000 1.750164 0.461928 0.682775 -3.046770 1.279576 12.941621 -0.123719 0.016631
Pedestrian -1 -1 -10 539.000000 170.000000 546.000000 197.000000 1.868851 0.698678 0.736723 -4.349795 1.170383 53.530762 1.495445 0.012969
Car -1 -1 -10 500.000000 168.000000 537.000000 198.000000 1.519455 1.603605 3.802998 -4.694620 0.987640 44.049404 1.932351 0.073615
Cyclist -1 -1 -10 404.000000 167.000000 467.000000 291.000000 1.754626 0.645085 1.757475 -2.577431 1.518805 10.824569 1.581891 0.999712
Cyclist -1 -1 -10 501.000000 165.000000 541.000000 243.000000 1.728448 0.612553 1.737268 -1.904949 1.428738 16.459174 1.671914 0.999529
Cyclist -1 -1 -10 484.000000 167.000000 517.000000 236.000000 1.748460 0.607984 1.805440 -2.918131 1.383096 20.071800 1.581275 0.989282
Cyclist -1 -1 -10 683.000000 159.000000 742.000000 283.000000 1.752307 0.556686 1.647830 1.433136 1.429953 10.160810 1.091478 0.754136
Cyclist -1 -1 -10 699.000000 159.000000 785.000000 268.000000 1.727990 0.466563 1.614063 2.607238 1.560772 12.095458 0.872117 0.571277
Cyclist -1 -1 -10 452.000000 169.000000 476.000000 222.000000 1.782414 0.576115 1.705407 -4.803663 1.403944 24.779542 -1.738207 0.376312
Cyclist -1 -1 -10 500.000000 167.000000 533.000000 199.000000 1.734631 0.657624 1.707839 -5.123586 1.168020 42.863949 0.365286 0.088295
Cyclist -1 -1 -10 715.000000 161.000000 755.000000 239.000000 1.753653 0.659895 1.737119 3.799752 1.214326 20.098016 2.347346 0.069134
Cyclist -1 -1 -10 431.000000 170.000000 471.000000 262.000000 1.603186 0.540657 1.564477 -2.453433 1.430005 10.768348 1.519102 0.036216
Cyclist -1 -1 -10 414.000000 169.000000 437.000000 215.000000 1.821783 0.645517 1.715495 -6.584814 1.132690 26.638116 -1.234127 0.022520
Cyclist -1 -1 -10 493.000000 171.000000 524.000000 217.000000 1.642800 0.586403 1.590889 -2.838970 1.235026 20.228712 1.431925 0.021961
