Car -1 -1 -10 637.000000 196.000000 814.000000 298.000000 1.403597 1.585338 3.815112 1.606782 1.784711 11.619956 -1.803461 0.999859
Car -1 -1 -10 348.000000 190.000000 392.000000 222.000000 1.557602 1.630180 3.767822 -13.335989 2.652686 39.865040 1.356014 0.999233
Car -1 -1 -10 528.000000 188.000000 588.000000 231.000000 1.389716 1.622450 3.885969 -2.028782 1.989037 26.450162 -1.787045 0.998985
Car -1 -1 -10 10.000000 211.000000 244.000000 342.000000 1.519983 1.601863 3.820549 -6.912133 2.134724 10.689126 1.304170 0.984057
Car -1 -1 -10 518.000000 187.000000 567.000000 222.000000 1.484040 1.598231 3.865800 -3.290305 2.105797 32.194543 -1.774159 0.982567
Car -1 -1 -10 712.000000 171.000000 831.000000 217.000000 1.486551 1.653131 3.976313 6.146514 1.446831 27.303227 -2.710935 0.949248
Car -1 -1 -10 -1.000000 226.000000 143.000000 371.000000 1.476195 1.650915 3.893897 -5.595923 2.035635 5.904210 1.317917 0.924745
Car -1 -1 -10 367.000000 190.000000 402.000000 217.000000 1.476015 1.614934 3.927525 -14.225513 2.672024 44.787354 0.840115 0.860244
Car -1 -1 -10 141.000000 197.000000 217.000000 226.000000 1.522299 1.481455 3.053362 -21.702392 3.021261 36.726724 1.055322 0.799837
Car -1 -1 -10 659.000000 179.000000 757.000000 211.000000 1.540125 1.644785 4.153548 4.322415 1.751337 33.382586 -2.775586 0.534888
Car -1 -1 -10 858.000000 102.000000 1242.000000 371.000000 1.841706 1.677891 4.090016 3.342971 1.690809 4.255779 -1.752679 0.446790
Cyclist -1 -1 -10 142.000000 196.000000 217.000000 233.000000 1.680814 0.943885 1.894823 -18.619862 2.545640 31.480143 -0.584971 0.010977
