Pedestrian -1 -1 -10 695.000000 171.000000 703.000000 197.000000 1.851018 0.626022 0.788463 6.550306 1.555591 53.218059 2.603708 0.040792
Car -1 -1 -10 434.000000 180.000000 501.000000 227.000000 1.493805 1.554667 3.540182 -4.769398 1.773496 24.558741 1.608221 0.999323
Car -1 -1 -10 784.000000 184.000000 1048.000000 339.000000 1.484756 1.617490 3.776187 3.420601 1.665557 8.854054 -1.558385 0.999255
Car -1 -1 -10 8.000000 199.000000 339.000000 362.000000 1.424119 1.621522 4.036047 -4.907303 1.792693 8.669681 1.588475 0.994112
Car -1 -1 -10 705.000000 178.000000 792.000000 239.000000 1.489868 1.640478 4.002803 3.747245 1.684460 19.921081 -1.617229 0.991799
Car -1 -1 -10 739.000000 178.000000 873.000000 273.000000 1.494591 1.611321 3.707506 3.673414 1.684482 14.265633 -1.553375 0.989063
Car -1 -1 -10 938.000000 191.000000 1247.000000 376.000000 1.517174 1.580803 3.754940 3.434251 1.648702 3.999830 -1.578300 0.988661
Car -1 -1 -10 472.000000 178.000000 526.000000 217.000000 1.470349 1.570691 3.825609 -4.580602 1.730001 29.164358 1.652657 0.986573
Car -1 -1 -10 699.000000 178.000000 759.000000 223.000000 1.534165 1.575534 3.633145 4.051628 1.732992 25.475356 -1.556490 0.869608
Car -1 -1 -10 1032.000000 170.000000 1140.000000 219.000000 1.523175 1.601185 3.894998 16.985506 1.835086 25.737851 1.559619 0.704631
Car -1 -1 -10 -1.000000 235.000000 105.000000 366.000000 1.486406 1.612683 4.021068 -6.009661 1.780076 5.003389 -2.894069 0.207309
Car -1 -1 -10 -1.000000 188.000000 102.000000 226.000000 1.437559 1.598198 3.458096 -11.545175 1.424475 14.903507 0.025139 0.184570
