Pedestrian -1 -1 -10 579.000000 158.000000 606.000000 237.000000 1.741721 0.645458 0.970092 -0.213121 1.231562 16.080775 -1.025956 0.995745
Pedestrian -1 -1 -10 817.000000 153.000000 858.000000 255.000000 1.736697 0.695937 0.785474 3.867634 1.191531 11.922664 -1.696027 0.992794
Pedestrian -1 -1 -10 28.000000 170.000000 157.000000 367.000000 1.675261 0.534928 0.638627 -3.654711 1.559986 5.058202 -0.145942 0.982173
Pedestrian -1 -1 -10 540.000000 156.000000 566.000000 225.000000 1.822700 0.693623 0.902628 -1.284698 1.218313 19.406335 1.415844 0.965937
Pedestrian -1 -1 -10 1038.000000 141.000000 1169.000000 357.000000 1.655425 0.518165 0.596344 2.977332 1.840766 4.586296 3.155819 0.734679
Pedestrian -1 -1 -10 477.000000 159.000000 508.000000 235.000000 1.730958 0.636372 0.844793 -2.589926 1.228461 16.726611 2.528448 0.524389
Pedestrian -1 -1 -10 618.000000 158.000000 634.000000 208.000000 1.747713 0.672750 0.848799 0.943796 0.972408 27.139093 -1.547874 0.504223
Pedestrian -1 -1 -10 605.000000 160.000000 619.000000 206.000000 1.681496 0.636025 0.823248 0.451307 0.884952 28.262398 -1.525616 0.438962
Pedestrian -1 -1 -10 707.000000 150.000000 754.000000 243.000000 1.718923 0.586323 1.010896 2.444292 1.243567 13.393489 2.768865 0.403313
Pedestrian -1 -1 -10 1070.000000 145.000000 1111.000000 283.000000 1.700606 0.626473 0.730487 4.683995 1.287126 6.779131 -0.012052 0.173722
Pedestrian -1 -1 -10 676.000000 156.000000 700.000000 211.000000 1.719906 0.599706 0.641275 3.103794 1.676847 26.783511 -2.002737 0.119234
Pedestrian -1 -1 -10 574.000000 160.000000 593.000000 217.000000 1.758847 0.592073 0.701485 -0.967791 0.798331 28.711671 -1.663156 0.096295
Cyclist -1 -1 -10 344.000000 172.000000 443.000000 327.000000 1.684482 0.581947 1.669271 -2.342786 1.492688 8.031371 1.815440 0.997593
Cyclist -1 -1 -10 1026.000000 140.000000 1182.000000 370.000000 1.688112 0.586771 1.698276 2.926092 1.559329 4.391215 1.748388 0.971694
Cyclist -1 -1 -10 703.000000 151.000000 761.000000 246.000000 1.753982 0.569347 1.845383 2.345042 1.198675 13.355136 1.276019 0.944346
Cyclist -1 -1 -10 13.000000 174.000000 162.000000 356.000000 1.661738 0.584004 1.689831 -3.767878 1.468762 5.257871 1.538809 0.606462
Cyclist -1 -1 -10 669.000000 157.000000 702.000000 214.000000 1.688028 0.616439 1.553174 2.479889 1.411963 23.769122 0.636257 0.106556
Cyclist -1 -1 -10 1056.000000 146.000000 1141.000000 319.000000 1.679597 0.431177 1.624281 4.814111 1.319362 6.959504 -1.440533 0.045100
Cyclist -1 -1 -10 1085.000000 177.000000 1227.000000 370.000000 1.714029 0.617713 1.647836 4.931568 1.294673 6.667552 2.844154 0.012295
Cyclist -1 -1 -10 475.000000 161.000000 513.000000 234.000000 1.717540 0.503917 1.662556 -2.694440 1.236791 16.834488 2.138414 0.010573
Cyclist -1 -1 -10 657.000000 158.000000 688.000000 206.000000 1.701185 0.383173 1.319042 2.051232 1.560348 21.308852 -1.483809 0.010331
