Pedestrian -1 -1 -10 198.000000 166.000000 264.000000 331.000000 1.727124 0.627258 1.013474 -4.091898 1.568811 7.841006 -1.869034 0.996633
Pedestrian -1 -1 -10 664.000000 165.000000 727.000000 317.000000 1.758386 0.650778 0.894520 1.008273 1.522008 8.315727 -1.887399 0.994643
Pedestrian -1 -1 -10 611.000000 169.000000 664.000000 320.000000 1.746845 0.575387 0.804264 0.319912 1.571046 8.163936 -1.908829 0.994637
Pedestrian -1 -1 -10 3.000000 168.000000 119.000000 371.000000 1.725880 0.561400 0.591207 -4.459055 2.106894 6.720768 -2.801576 0.785616
Pedestrian -1 -1 -10 743.000000 163.000000 770.000000 240.000000 1.760954 0.597919 0.627587 3.508574 1.331213 16.374629 -1.304339 0.139859
Pedestrian -1 -1 -10 724.000000 164.000000 748.000000 233.000000 1.797862 0.667472 0.946321 3.520437 1.317390 19.209566 -0.735945 0.091899
Pedestrian -1 -1 -10 715.000000 160.000000 737.000000 224.000000 1.668755 0.563399 0.582179 3.660502 0.993937 19.387737 0.738810 0.064696
Pedestrian -1 -1 -10 617.000000 173.000000 646.000000 219.000000 1.767954 0.733727 0.662822 1.513706 1.574622 38.596083 -1.160548 0.026401
Pedestrian -1 -1 -10 690.000000 167.000000 753.000000 285.000000 1.710251 0.592198 0.669648 1.790159 2.003707 10.373056 0.806223 0.026134
Pedestrian -1 -1 -10 707.000000 165.000000 768.000000 251.000000 1.851808 0.686952 0.855135 3.570175 1.555682 18.469352 2.187746 0.010236
Cyclist -1 -1 -10 337.000000 171.000000 422.000000 335.000000 1.721239 0.578043 1.725582 -2.524020 1.648635 8.061443 1.556314 0.998955
Cyclist -1 -1 -10 413.000000 165.000000 466.000000 275.000000 1.742028 0.568106 1.747485 -3.015134 1.523504 12.985966 1.514707 0.998655
Cyclist -1 -1 -10 674.000000 164.000000 735.000000 306.000000 1.750451 0.501184 1.634348 0.948751 1.571806 8.471072 -1.959457 0.341685
Cyclist -1 -1 -10 693.000000 166.000000 758.000000 271.000000 1.694531 0.654177 1.661808 1.972795 1.868123 10.921455 2.220657 0.207205
Cyclist -1 -1 -10 368.000000 167.000000 441.000000 306.000000 1.699816 0.591605 1.698993 -2.442744 1.545470 8.129019 1.626275 0.102169
Cyclist -1 -1 -10 717.000000 163.000000 752.000000 242.000000 1.775122 0.482774 1.763204 3.555419 1.379641 19.167268 -0.332630 0.059268
Cyclist -1 -1 -10 662.000000 165.000000 792.000000 282.000000 1.672730 0.569337 1.666663 1.829950 1.828185 10.342318 2.244060 0.057090
Cyclist -1 -1 -10 0.000000 175.000000 118.000000 369.000000 1.692471 0.632432 1.762916 -6.116477 1.422645 8.077196 0.307136 0.038908
Cyclist -1 -1 -10 732.000000 164.000000 768.000000 242.000000 1.818774 0.578353 1.519386 3.714751 1.403510 17.500172 -1.362061 0.030588
Cyclist -1 -1 -10 730.000000 176.000000 875.000000 316.000000 1.695910 0.684569 1.776739 2.662461 1.673051 8.537247 3.341505 0.028901
Cyclist -1 -1 -10 402.000000 171.000000 449.000000 230.000000 1.752520 0.667203 1.785116 -5.418917 1.494611 21.877749 -0.936651 0.016727
Cyclist -1 -1 -10 386.000000 177.000000 432.000000 225.000000 1.707326 0.723823 1.796514 -5.744366 1.541807 21.881921 -2.436183 0.013544
