Car -1 -1 -10 295.000000 180.000000 452.000000 236.000000 1.544290 1.650756 3.907843 -6.510656 1.698787 20.199529 -3.132797 0.996694
Car -1 -1 -10 815.000000 168.000000 1075.000000 268.000000 1.682608 1.703778 4.187471 6.442942 1.693504 14.143910 3.130696 0.994798
Car -1 -1 -10 -10.000000 170.000000 331.000000 290.000000 1.633804 1.598824 3.786268 -6.459036 1.691543 10.581359 -0.094564 0.988441
Car -1 -1 -10 359.000000 177.000000 491.000000 225.000000 1.677025 1.714971 4.153613 -6.069784 1.757297 25.510300 -3.252635 0.962091
Car -1 -1 -10 1077.000000 185.000000 1238.000000 370.000000 1.531635 1.590897 3.710461 6.459769 1.698335 6.411890 0.090866 0.881390
Car -1 -1 -10 110.000000 183.000000 340.000000 268.000000 1.486467 1.597314 3.791027 -6.928200 1.732013 12.817312 -3.178576 0.385172
Car -1 -1 -10 479.000000 177.000000 537.000000 203.000000 1.568359 1.648116 3.967255 -6.759773 1.925487 43.348906 -3.216765 0.151144
Car -1 -1 -10 451.000000 175.000000 515.000000 205.000000 1.548373 1.621046 3.665219 -6.228547 2.004575 40.413312 -2.752324 0.076939
Car -1 -1 -10 654.000000 149.000000 743.000000 228.000000 2.393423 1.842111 4.571651 2.807116 1.837711 23.835028 -1.609517 0.067411
Car -1 -1 -10 649.000000 178.000000 698.000000 219.000000 1.563302 1.532844 3.766133 2.756749 1.850942 31.576032 -1.548634 0.048867
Car -1 -1 -10 638.000000 175.000000 682.000000 206.000000 1.611939 1.702587 3.878600 3.118584 1.581136 39.697303 0.084149 0.035253
Car -1 -1 -10 962.000000 166.000000 1066.000000 208.000000 1.442176 1.524820 3.811592 11.913369 1.111624 21.040378 2.117820 0.020565
