Pedestrian -1 -1 -10 437.000000 165.000000 466.000000 241.000000 1.826844 0.713493 1.060684 -3.764923 1.378421 17.331086 1.403831 0.978602
Pedestrian -1 -1 -10 452.000000 165.000000 481.000000 239.000000 1.776384 0.597374 0.869993 -3.440538 1.359110 17.471257 1.297735 0.922565
Pedestrian -1 -1 -10 416.000000 169.000000 430.000000 213.000000 1.789235 0.655617 0.714761 -7.522019 1.315643 29.045318 1.642352 0.845787
Pedestrian -1 -1 -10 450.000000 167.000000 463.000000 230.000000 1.717292 0.550365 0.681362 -3.354474 1.159577 15.170450 -2.424488 0.028535
Pedestrian -1 -1 -10 420.000000 165.000000 453.000000 224.000000 1.737600 0.535106 0.732047 -3.932150 1.335887 17.276760 2.251248 0.024388
Pedestrian -1 -1 -10 439.000000 168.000000 458.000000 213.000000 1.683954 0.617199 0.678305 -3.993101 1.355245 17.628616 -2.457694 0.023521
Pedestrian -1 -1 -10 440.000000 167.000000 451.000000 204.000000 1.770001 0.592683 0.682175 -9.708300 1.415667 41.838162 0.498900 0.018395
Car -1 -1 -10 553.000000 163.000000 593.000000 208.000000 1.709881 1.635595 3.873331 -1.646366 1.160249 34.378471 -1.696546 0.632111
Cyclist -1 -1 -10 415.000000 169.000000 429.000000 212.000000 1.756592 0.603308 1.690956 -7.772940 1.276847 29.432997 0.807636 0.069847
Cyclist -1 -1 -10 455.000000 165.000000 483.000000 236.000000 1.816086 0.576708 1.770574 -3.398813 1.373983 17.434860 2.055230 0.060470
Cyclist -1 -1 -10 439.000000 164.000000 471.000000 239.000000 1.850814 0.711334 1.767049 -3.638777 1.394209 17.505468 -1.820900 0.017782
