Pedestrian -1 -1 -10 498.000000 174.000000 511.000000 207.000000 1.771172 0.634374 0.726929 -5.703002 1.877209 39.719425 -1.860899 0.042539
Pedestrian -1 -1 -10 666.000000 165.000000 671.000000 193.000000 1.762191 0.613140 0.700830 3.420030 1.045053 42.706380 -1.483761 0.011104
Car -1 -1 -10 457.000000 180.000000 500.000000 214.000000 1.511712 1.621409 3.716662 -6.088134 1.804582 33.033481 1.324535 0.988837
Car -1 -1 -10 694.000000 165.000000 791.000000 250.000000 1.696504 1.672668 4.080139 2.905345 1.514193 16.394238 -1.573081 0.962059
Car -1 -1 -10 638.000000 175.000000 692.000000 212.000000 1.491504 1.564747 3.476484 2.084621 1.575335 30.439908 -1.688322 0.952286
Car -1 -1 -10 673.000000 173.000000 739.000000 227.000000 1.458278 1.565064 3.608744 2.904189 1.566716 21.459365 1.524439 0.894389
Car -1 -1 -10 573.000000 176.000000 606.000000 201.000000 1.498537 1.622900 3.587653 -1.310116 1.854445 49.126587 -1.734624 0.345519
Car -1 -1 -10 1118.000000 190.000000 1236.000000 366.000000 1.500365 1.594265 3.864157 2.874063 1.520416 1.401950 -1.557642 0.182987
Car -1 -1 -10 719.000000 179.000000 837.000000 259.000000 1.598918 1.636242 3.729133 3.678935 1.573740 15.338750 -1.365220 0.065484
Car -1 -1 -10 608.000000 177.000000 661.000000 206.000000 1.494874 1.551130 3.441449 1.235177 1.516004 37.200160 -1.689833 0.043036
Cyclist -1 -1 -10 497.000000 173.000000 514.000000 207.000000 1.762420 0.679547 1.832825 -5.914813 1.742529 39.912624 1.488680 0.576336
Cyclist -1 -1 -10 517.000000 173.000000 530.000000 206.000000 1.721297 0.552733 1.827430 -5.033984 1.747425 41.402624 -1.742508 0.035048
