Car -1 -1 -10 733.000000 178.000000 871.000000 270.000000 1.460672 1.542516 3.705699 3.352052 1.613802 13.339974 1.497303 0.999499
Car -1 -1 -10 333.000000 184.000000 448.000000 248.000000 1.508776 1.616986 3.987360 -5.710554 1.868763 18.762627 1.676348 0.999044
Car -1 -1 -10 7.000000 198.000000 301.000000 341.000000 1.493781 1.585126 3.752041 -5.769376 1.905307 9.777042 1.587808 0.998503
Car -1 -1 -10 691.000000 178.000000 782.000000 239.000000 1.489761 1.633146 4.017273 3.356652 1.618087 19.272754 -1.611877 0.992156
Car -1 -1 -10 667.000000 174.000000 722.000000 216.000000 1.477394 1.601185 3.837172 3.123304 1.567876 27.808300 -1.592942 0.981653
Car -1 -1 -10 931.000000 175.000000 1229.000000 372.000000 1.551761 1.633639 3.893096 3.268921 1.638253 3.711379 -1.569199 0.963410
Car -1 -1 -10 464.000000 176.000000 511.000000 210.000000 1.506105 1.595216 3.748039 -5.793859 1.796081 33.885721 1.543748 0.853961
Car -1 -1 -10 50.000000 186.000000 200.000000 243.000000 1.540143 1.616969 3.926109 -15.391632 1.889691 23.180775 -0.068707 0.436830
Car -1 -1 -10 0.000000 252.000000 34.000000 369.000000 1.494444 1.634432 3.999891 -6.524939 1.868557 5.499924 -2.889836 0.048869
Car -1 -1 -10 111.000000 186.000000 236.000000 235.000000 1.507000 1.597103 3.877009 -14.531043 1.902750 23.095459 -0.024753 0.048365
Car -1 -1 -10 660.000000 175.000000 701.000000 208.000000 1.557120 1.600861 3.546871 3.327374 1.614468 32.849127 -1.649963 0.041489
Car -1 -1 -10 484.000000 178.000000 522.000000 206.000000 1.483061 1.524238 3.525087 -5.215617 1.754535 38.721317 1.471585 0.033856
Car -1 -1 -10 65.000000 190.000000 142.000000 253.000000 1.458059 1.562768 3.900229 -14.168220 1.864456 23.133294 -3.081773 0.025755
Cyclist -1 -1 -10 75.000000 191.000000 114.000000 257.000000 1.771603 0.568805 1.512761 -11.081990 1.796192 15.397906 -1.572116 0.704716
Cyclist -1 -1 -10 47.000000 187.000000 184.000000 252.000000 1.693337 0.545267 1.638769 -13.943911 2.054310 22.031481 -2.178814 0.075720
