Pedestrian -1 -1 -10 715.000000 158.000000 727.000000 207.000000 1.796875 0.670880 0.712907 5.272109 1.261988 34.153219 -1.425680 0.130875
Pedestrian -1 -1 -10 728.000000 160.000000 738.000000 198.000000 1.787488 0.697949 0.795942 5.750610 1.055159 33.821059 -1.292520 0.023683
Car -1 -1 -10 152.000000 192.000000 382.000000 296.000000 1.460722 1.621356 4.022417 -5.628954 1.880640 12.343183 1.667151 0.999479
Car -1 -1 -10 727.000000 177.000000 894.000000 277.000000 1.482952 1.638076 4.021426 3.284843 1.567378 12.791326 -1.640757 0.999007
Car -1 -1 -10 814.000000 178.000000 1204.000000 374.000000 1.449170 1.579505 3.804584 3.372911 1.578313 6.974789 1.526401 0.998297
Car -1 -1 -10 682.000000 175.000000 757.000000 226.000000 1.477428 1.584825 3.800037 3.090733 1.512421 21.396964 -1.603452 0.996905
Car -1 -1 -10 425.000000 176.000000 489.000000 221.000000 1.584926 1.598293 3.733151 -5.793540 1.786634 27.264688 1.549872 0.990538
Car -1 -1 -10 665.000000 173.000000 728.000000 215.000000 1.537768 1.544074 3.549385 3.165463 1.561222 26.658255 -1.641220 0.984828
Car -1 -1 -10 462.000000 177.000000 508.000000 212.000000 1.497614 1.576531 3.861540 -5.601026 1.844658 32.766876 1.527606 0.840748
Car -1 -1 -10 1091.000000 218.000000 1236.000000 374.000000 1.443702 1.442437 2.801314 9.041848 1.870723 11.965155 1.641504 0.066411
Cyclist -1 -1 -10 763.000000 167.000000 778.000000 213.000000 1.745020 0.570880 1.491463 6.469225 1.090034 27.952406 2.777038 0.012785
