Pedestrian -1 -1 -10 978.000000 162.000000 1063.000000 327.000000 1.711847 0.661291 1.016639 4.204310 1.513906 7.339360 -1.506484 0.993008
Pedestrian -1 -1 -10 385.000000 171.000000 421.000000 262.000000 1.707138 0.570472 0.546753 -3.368500 1.362387 12.045320 2.414745 0.978117
Pedestrian -1 -1 -10 519.000000 177.000000 536.000000 234.000000 1.717685 0.552182 0.770463 -2.196791 1.556655 20.980391 -1.040854 0.977385
Pedestrian -1 -1 -10 417.000000 169.000000 440.000000 244.000000 1.795618 0.628882 0.679893 -4.512183 1.423101 18.187788 -2.828629 0.799389
Pedestrian -1 -1 -10 674.000000 177.000000 694.000000 224.000000 1.694496 0.619162 0.886512 2.775404 1.658236 24.513055 2.759090 0.763982
Pedestrian -1 -1 -10 574.000000 177.000000 593.000000 222.000000 1.712002 0.623989 0.880609 -0.721800 1.506600 27.511321 -2.599564 0.692430
Pedestrian -1 -1 -10 627.000000 174.000000 643.000000 218.000000 1.674077 0.598226 0.836508 1.288439 1.408971 29.027560 -0.974003 0.526433
Pedestrian -1 -1 -10 311.000000 152.000000 350.000000 267.000000 1.728324 0.684428 0.732970 -2.962811 2.015832 7.875406 -1.328660 0.246196
Pedestrian -1 -1 -10 657.000000 173.000000 669.000000 207.000000 1.797773 0.641413 0.675658 3.411704 1.437065 39.511298 -1.863899 0.140063
Pedestrian -1 -1 -10 705.000000 168.000000 722.000000 218.000000 1.765470 0.465162 0.689420 1.625908 1.238547 10.080783 0.242493 0.014335
Car -1 -1 -10 -3.000000 204.000000 290.000000 371.000000 1.410464 1.529291 3.658277 -4.603206 1.766493 7.668325 1.083147 0.059756
Car -1 -1 -10 1.000000 217.000000 136.000000 373.000000 1.502577 1.598995 3.606854 -3.696451 2.021919 3.685702 -1.672232 0.033467
Cyclist -1 -1 -10 572.000000 175.000000 593.000000 222.000000 1.752225 0.490724 1.709046 -0.871544 1.512399 27.646933 -2.566246 0.367351
Cyclist -1 -1 -10 -4.000000 209.000000 313.000000 369.000000 1.721996 0.553920 1.748511 -3.668801 1.888075 6.533331 -3.181498 0.017343
Cyclist -1 -1 -10 705.000000 168.000000 722.000000 218.000000 1.723075 0.378225 1.168488 3.399990 1.651975 22.388781 -1.452438 0.012251
Cyclist -1 -1 -10 152.000000 232.000000 344.000000 365.000000 1.691847 0.686492 1.676903 -3.070342 1.970611 6.680142 2.186816 0.011415
