Car -1 -1 -10 629.000000 179.000000 686.000000 223.000000 1.421436 1.607642 4.029304 1.717411 1.724179 27.207761 -1.662996 0.999155
Car -1 -1 -10 889.000000 184.000000 1239.000000 335.000000 1.562547 1.623234 4.049675 5.878794 1.696099 8.728263 3.158117 0.990944
Car -1 -1 -10 795.000000 167.000000 1065.000000 287.000000 1.526596 1.583935 3.966527 5.508007 1.670363 11.727917 0.003271 0.985568
Car -1 -1 -10 291.000000 180.000000 440.000000 232.000000 1.479412 1.568617 3.836111 -6.849541 1.672338 21.336732 0.015136 0.978310
Car -1 -1 -10 -1.000000 152.000000 276.000000 316.000000 1.685057 1.637824 3.960503 -6.951246 1.479458 9.947191 -0.073869 0.952206
Car -1 -1 -10 1060.000000 189.000000 1242.000000 366.000000 1.472977 1.619074 3.855782 6.332525 1.619987 6.413044 -0.045686 0.909705
Car -1 -1 -10 613.000000 175.000000 648.000000 203.000000 1.513568 1.531459 3.729642 1.234124 1.898209 41.812514 -1.648992 0.822006
Car -1 -1 -10 349.000000 180.000000 472.000000 226.000000 1.461967 1.586503 3.961757 -6.981481 1.766579 23.841359 -3.118021 0.274494
Car -1 -1 -10 457.000000 180.000000 507.000000 207.000000 1.520953 1.628432 3.755948 -6.443440 1.910594 45.563718 -1.753684 0.142598
Cyclist -1 -1 -10 449.000000 176.000000 489.000000 252.000000 1.686982 0.536905 1.724185 -3.393095 1.799579 17.246004 1.581243 0.998896
Cyclist -1 -1 -10 454.000000 179.000000 505.000000 211.000000 1.747903 0.675532 1.738231 -6.215973 1.759549 34.326942 -2.396431 0.220412
Cyclist -1 -1 -10 418.000000 179.000000 485.000000 236.000000 1.610994 0.786568 1.847754 -5.455351 1.800710 23.272012 2.750329 0.140814
Cyclist -1 -1 -10 789.000000 172.000000 1056.000000 283.000000 1.778604 0.829404 1.883245 4.382249 1.850471 11.438386 3.064677 0.031874
Cyclist -1 -1 -10 384.000000 182.000000 466.000000 227.000000 1.643025 0.701737 1.740482 -5.603481 1.689589 22.931167 2.655922 0.019642
