Pedestrian -1 -1 -10 119.000000 142.000000 248.000000 372.000000 1.695975 0.578635 0.766176 -2.599933 1.474245 4.419410 2.573967 0.997775
Pedestrian -1 -1 -10 650.000000 158.000000 686.000000 247.000000 1.729823 0.667044 0.901169 2.390977 0.829774 25.715226 -0.911784 0.896008
Pedestrian -1 -1 -10 646.000000 162.000000 667.000000 244.000000 1.647238 0.642142 0.754520 2.139109 0.933552 26.079394 -0.827153 0.245009
Pedestrian -1 -1 -10 752.000000 153.000000 773.000000 239.000000 1.736788 0.460009 0.678850 3.093469 1.350521 13.947450 0.339908 0.138613
Pedestrian -1 -1 -10 637.000000 168.000000 710.000000 236.000000 1.668929 0.662893 0.731314 2.321212 0.983188 25.771668 -0.872419 0.025846
Car -1 -1 -10 594.000000 182.000000 859.000000 303.000000 1.443163 1.579188 3.671707 1.719711 1.509244 10.133525 -0.259533 0.997568
Car -1 -1 -10 606.000000 169.000000 775.000000 265.000000 1.635835 1.642897 3.903117 1.912041 1.387867 14.359493 -0.863200 0.010303
Cyclist -1 -1 -10 634.000000 163.000000 696.000000 239.000000 1.685506 0.598079 1.763371 2.284408 0.804804 26.072146 0.101158 0.581064
Cyclist -1 -1 -10 611.000000 161.000000 730.000000 249.000000 1.673035 0.575302 1.752977 2.302111 0.840297 26.142844 -1.981427 0.183757
Cyclist -1 -1 -10 636.000000 163.000000 661.000000 243.000000 1.673474 0.606490 1.740161 2.167275 0.929819 26.367238 -1.464123 0.027762
Cyclist -1 -1 -10 598.000000 175.000000 854.000000 305.000000 1.847915 0.576162 1.042966 1.592004 1.752627 9.823766 0.119461 0.027581
Cyclist -1 -1 -10 741.000000 155.000000 779.000000 241.000000 1.709864 0.733455 1.693098 3.497791 1.286776 15.530823 2.827325 0.018486
