Pedestrian -1 -1 -10 336.000000 178.000000 388.000000 317.000000 1.734569 0.607233 0.694674 -3.211441 1.679032 9.569149 2.307163 0.998338
Pedestrian -1 -1 -10 759.000000 172.000000 812.000000 329.000000 1.773262 0.647064 0.752992 2.093719 1.656223 8.492303 -1.481325 0.997056
Pedestrian -1 -1 -10 912.000000 165.000000 970.000000 313.000000 1.692216 0.572534 0.805275 4.107243 1.520780 8.716966 1.889919 0.996398
Pedestrian -1 -1 -10 640.000000 174.000000 670.000000 250.000000 1.804804 0.658071 1.043838 1.292719 1.643202 18.098079 -1.977795 0.993276
Pedestrian -1 -1 -10 972.000000 167.000000 1029.000000 310.000000 1.656629 0.520136 0.764844 4.604726 1.536089 8.333363 -1.051472 0.990389
Pedestrian -1 -1 -10 715.000000 176.000000 756.000000 290.000000 1.746109 0.588979 0.748983 1.991445 1.629091 11.091660 -1.547040 0.979853
Pedestrian -1 -1 -10 241.000000 177.000000 293.000000 315.000000 1.702594 0.620931 0.713508 -4.579661 1.714027 9.810808 1.199968 0.957924
Pedestrian -1 -1 -10 694.000000 181.000000 727.000000 281.000000 1.767426 0.660002 0.712052 1.822341 1.728387 12.622461 1.690406 0.854823
Pedestrian -1 -1 -10 795.000000 171.000000 820.000000 252.000000 1.840520 0.634070 0.992254 4.758096 1.571907 16.499694 -1.711505 0.746306
Pedestrian -1 -1 -10 777.000000 173.000000 818.000000 280.000000 1.715876 0.647627 0.796137 3.627913 1.521160 13.478041 -1.738263 0.402818
Pedestrian -1 -1 -10 666.000000 181.000000 687.000000 235.000000 1.705866 0.637943 0.713848 2.963028 1.624705 27.769732 1.276140 0.093448
Pedestrian -1 -1 -10 240.000000 241.000000 323.000000 312.000000 1.733600 0.657124 0.696455 -4.508421 2.303071 9.909408 1.261875 0.058424
Pedestrian -1 -1 -10 763.000000 177.000000 802.000000 245.000000 1.709793 0.530288 0.742786 3.308480 1.258809 13.277183 0.936713 0.036391
Car -1 -1 -10 548.000000 185.000000 596.000000 224.000000 1.554549 1.653178 3.908561 -1.209276 1.740847 31.022356 1.643657 0.999062
Cyclist -1 -1 -10 230.000000 180.000000 304.000000 310.000000 1.742816 0.614932 1.770227 -4.515363 1.715086 9.767789 1.137483 0.722105
Cyclist -1 -1 -10 236.000000 240.000000 324.000000 313.000000 1.670277 0.639129 1.631437 -4.491721 2.150877 9.761151 0.097439 0.057778
