Car -1 -1 -10 93.000000 201.000000 315.000000 314.000000 1.509805 1.600351 3.797703 -6.213004 1.995303 11.526215 1.562898 0.999217
Car -1 -1 -10 684.000000 180.000000 775.000000 245.000000 1.492398 1.598918 3.826936 2.840060 1.673314 18.080765 -1.567243 0.999173
Car -1 -1 -10 454.000000 183.000000 504.000000 217.000000 1.533657 1.628352 3.961699 -6.105536 2.035831 33.801795 1.586366 0.994287
Car -1 -1 -10 995.000000 152.000000 1245.000000 265.000000 1.536340 1.650175 4.111818 8.310223 1.342179 10.869220 3.131607 0.982885
Car -1 -1 -10 814.000000 157.000000 1010.000000 219.000000 1.547432 1.641759 4.084370 8.014080 1.180332 20.243422 3.171161 0.953437
Car -1 -1 -10 478.000000 183.000000 516.000000 212.000000 1.535367 1.630759 4.005188 -6.148966 2.076085 39.416974 1.550220 0.334324
Car -1 -1 -10 356.000000 183.000000 454.000000 244.000000 1.494846 1.614401 4.052750 -6.322266 1.911459 21.808549 -1.459349 0.296277
Car -1 -1 -10 875.000000 158.000000 1144.000000 231.000000 1.539016 1.568723 3.913633 7.458802 1.280509 14.996494 3.208205 0.129111
Car -1 -1 -10 707.000000 166.000000 787.000000 196.000000 1.631798 1.690200 4.081542 8.998585 1.234921 46.342870 3.272813 0.025278
Car -1 -1 -10 703.000000 170.000000 775.000000 218.000000 1.550325 1.505921 3.174655 4.081962 1.691881 23.070408 2.284633 0.019905
