Pedestrian -1 -1 -10 657.000000 168.000000 679.000000 233.000000 1.669852 0.571961 0.779599 1.939295 1.424077 21.172942 -1.627477 0.955251
Pedestrian -1 -1 -10 680.000000 172.000000 704.000000 235.000000 1.782991 0.620096 0.919295 2.665069 1.498871 21.352950 -1.566941 0.880712
Pedestrian -1 -1 -10 499.000000 172.000000 524.000000 232.000000 1.741106 0.703067 1.001747 -2.586650 1.380498 20.596708 -1.751950 0.838426
Pedestrian -1 -1 -10 1104.000000 185.000000 1198.000000 319.000000 1.635837 0.645881 0.962322 5.618616 1.686314 7.367629 -1.464206 0.518723
Pedestrian -1 -1 -10 836.000000 188.000000 870.000000 294.000000 1.744576 0.749494 0.552283 4.264500 1.718894 12.450594 1.368928 0.106179
Pedestrian -1 -1 -10 461.000000 172.000000 472.000000 205.000000 1.746482 0.620289 0.540809 -5.838758 1.117846 31.416424 -1.892679 0.079016
Pedestrian -1 -1 -10 878.000000 183.000000 936.000000 290.000000 1.700258 0.582681 0.592282 2.978979 1.647969 7.014321 0.968233 0.058381
Pedestrian -1 -1 -10 1043.000000 172.000000 1092.000000 261.000000 1.757333 0.665481 0.605156 6.756738 1.297262 10.848627 3.245358 0.037963
Pedestrian -1 -1 -10 574.000000 173.000000 587.000000 207.000000 1.824421 0.720810 0.878260 -1.109480 1.411337 37.383828 1.494840 0.034504
Pedestrian -1 -1 -10 1167.000000 192.000000 1203.000000 313.000000 1.709893 0.526133 0.620085 6.491599 1.951709 8.144071 0.774101 0.023002
Car -1 -1 -10 595.000000 172.000000 627.000000 197.000000 1.531645 1.678476 4.002401 1.130728 1.222835 62.944363 -1.579414 0.012285
Cyclist -1 -1 -10 877.000000 182.000000 936.000000 292.000000 1.678696 0.503089 1.564682 8.805030 1.580265 20.666963 -1.199748 0.101913
Cyclist -1 -1 -10 657.000000 168.000000 679.000000 232.000000 1.756777 0.577489 1.791798 1.958475 1.517813 21.378936 -1.423902 0.046093
Cyclist -1 -1 -10 832.000000 196.000000 875.000000 291.000000 1.673334 0.668466 1.674125 4.220777 1.513424 12.429005 0.317549 0.027449
Cyclist -1 -1 -10 814.000000 190.000000 937.000000 296.000000 1.745923 0.501066 1.295606 3.592535 1.671681 10.022352 -1.190804 0.023741
Cyclist -1 -1 -10 1104.000000 186.000000 1205.000000 314.000000 1.666387 0.596696 1.707622 5.763441 1.619207 7.664909 0.623051 0.021959
