Pedestrian -1 -1 -10 289.000000 155.000000 376.000000 359.000000 1.793294 0.696324 0.865776 -2.499399 1.577273 6.719974 1.361697 0.997987
Pedestrian -1 -1 -10 623.000000 168.000000 667.000000 303.000000 1.715882 0.568274 0.775259 0.535943 1.523437 9.404633 -0.806918 0.996729
Pedestrian -1 -1 -10 907.000000 122.000000 1036.000000 372.000000 1.797668 0.721586 0.823822 2.851580 1.361909 5.489157 1.026543 0.984632
Pedestrian -1 -1 -10 551.000000 169.000000 572.000000 229.000000 1.802093 0.656987 0.899055 -1.218463 1.352486 21.485021 -1.650929 0.979238
Pedestrian -1 -1 -10 513.000000 171.000000 534.000000 224.000000 1.761464 0.647469 0.815285 -2.460121 1.348677 23.113906 -1.832428 0.957316
Pedestrian -1 -1 -10 977.000000 139.000000 1101.000000 367.000000 1.762526 0.652574 0.939666 3.535641 1.431045 6.001001 -2.040484 0.942658
Pedestrian -1 -1 -10 583.000000 170.000000 603.000000 226.000000 1.836564 0.683656 0.918794 -0.406633 1.447875 22.376422 1.948095 0.713650
Pedestrian -1 -1 -10 487.000000 169.000000 505.000000 224.000000 1.740261 0.624960 0.681819 -3.504534 1.304832 23.350634 1.460623 0.693082
Pedestrian -1 -1 -10 468.000000 172.000000 489.000000 226.000000 1.810349 0.736164 0.877309 -4.072688 1.401064 23.618683 1.190075 0.475903
Pedestrian -1 -1 -10 597.000000 171.000000 614.000000 225.000000 1.747587 0.617012 0.767470 0.101317 1.398767 23.068480 -1.634269 0.311583
Pedestrian -1 -1 -10 818.000000 130.000000 1125.000000 366.000000 1.833547 0.601040 0.928624 2.468207 1.395152 5.392705 0.917206 0.308134
Pedestrian -1 -1 -10 223.000000 198.000000 264.000000 293.000000 1.719906 0.599706 0.641275 -5.541891 1.823268 11.653815 -2.584636 0.298018
Pedestrian -1 -1 -10 576.000000 168.000000 595.000000 222.000000 1.797821 0.691177 0.892301 -0.488660 1.371917 22.464428 2.553268 0.184531
Pedestrian -1 -1 -10 285.000000 190.000000 322.000000 293.000000 1.740186 0.624055 0.542757 -4.969969 1.601472 11.660568 -1.577405 0.081197
Pedestrian -1 -1 -10 353.000000 192.000000 393.000000 302.000000 1.706928 0.593369 0.564493 -4.098003 1.894359 12.083342 0.323278 0.057570
Pedestrian -1 -1 -10 199.000000 203.000000 238.000000 286.000000 1.778782 0.633046 0.739093 -6.615764 1.804000 12.126775 0.088260 0.032741
Cyclist -1 -1 -10 399.000000 169.000000 482.000000 335.000000 1.722483 0.630038 1.717694 -1.790370 1.582644 8.003567 1.571735 0.998838
Cyclist -1 -1 -10 862.000000 132.000000 1077.000000 368.000000 1.771067 0.735729 1.849277 2.888260 1.336509 5.699386 2.554428 0.714532
Cyclist -1 -1 -10 975.000000 141.000000 1098.000000 368.000000 1.745766 0.473833 1.683941 3.388013 1.336595 5.955673 -0.554927 0.392343
Cyclist -1 -1 -10 617.000000 177.000000 648.000000 234.000000 1.728384 0.448941 1.421145 0.885811 1.432302 19.593256 -0.800173 0.231971
Cyclist -1 -1 -10 620.000000 170.000000 667.000000 295.000000 1.702873 0.582240 1.646718 0.546788 1.567973 9.612883 -0.497466 0.204143
Cyclist -1 -1 -10 513.000000 171.000000 535.000000 224.000000 1.821558 0.579800 1.749683 -2.621236 1.434971 23.193940 -1.767240 0.018096
Cyclist -1 -1 -10 283.000000 191.000000 323.000000 283.000000 1.766267 0.555957 1.591561 -4.789765 1.438297 11.801341 -2.533334 0.010441
