Pedestrian -1 -1 -10 534.000000 174.000000 547.000000 210.000000 1.838966 0.614331 1.001269 -3.599903 1.877092 37.144588 1.010435 0.365590
Pedestrian -1 -1 -10 549.000000 172.000000 561.000000 206.000000 1.746454 0.593737 0.833259 -2.927269 1.886937 37.605769 1.079402 0.050519
Pedestrian -1 -1 -10 538.000000 175.000000 550.000000 201.000000 1.700011 0.588857 0.842994 -3.580930 1.593708 37.119007 1.439532 0.031234
Pedestrian -1 -1 -10 525.000000 176.000000 551.000000 203.000000 1.744711 0.719081 0.755044 -3.497781 1.749149 37.176165 1.334674 0.027651
Pedestrian -1 -1 -10 681.000000 164.000000 691.000000 199.000000 1.797613 0.686727 0.826340 4.116782 1.242592 39.889076 0.638096 0.024449
Pedestrian -1 -1 -10 544.000000 174.000000 555.000000 202.000000 1.758753 0.661375 0.796384 -3.117637 1.657508 37.679582 0.592213 0.017476
Pedestrian -1 -1 -10 555.000000 172.000000 563.000000 201.000000 1.687175 0.575469 0.626632 -3.695903 1.974333 52.156693 2.056951 0.016598
Car -1 -1 -10 674.000000 171.000000 769.000000 249.000000 1.537721 1.601535 3.652438 2.447441 1.585216 16.882891 -1.592867 0.999146
Car -1 -1 -10 378.000000 181.000000 469.000000 247.000000 1.572281 1.603180 3.775349 -5.140481 1.881727 20.270902 1.563898 0.999052
Car -1 -1 -10 477.000000 181.000000 521.000000 213.000000 1.551125 1.659906 3.984502 -5.572762 1.916485 36.045540 1.546700 0.998769
Car -1 -1 -10 -1.000000 178.000000 288.000000 378.000000 1.668609 1.695202 4.094391 -4.612127 1.801758 6.327862 -1.591244 0.915496
Cyclist -1 -1 -10 533.000000 174.000000 548.000000 210.000000 1.793131 0.624923 1.842725 -3.566106 1.886242 37.232720 1.511332 0.924235
Cyclist -1 -1 -10 548.000000 171.000000 563.000000 209.000000 1.789441 0.696524 1.906904 -2.873893 1.944224 37.543549 1.905672 0.862048
Cyclist -1 -1 -10 536.000000 175.000000 561.000000 206.000000 1.753167 0.633972 1.748659 -3.358283 1.658916 37.483802 -0.449864 0.264295
Cyclist -1 -1 -10 555.000000 172.000000 563.000000 201.000000 1.728766 0.470465 1.435447 -0.969282 1.324853 15.983349 -0.922776 0.013319
Cyclist -1 -1 -10 546.000000 175.000000 556.000000 203.000000 1.712978 0.531420 1.608745 -3.072990 1.261027 37.847498 -1.650568 0.010593
