Car -1 -1 -10 307.000000 180.000000 479.000000 292.000000 1.520717 1.584362 3.787811 -3.571029 1.701019 12.241526 1.607062 0.999151
Car -1 -1 -10 817.000000 145.000000 1257.000000 375.000000 1.652689 1.641076 3.959100 3.293828 1.486108 6.501807 -1.567037 0.997739
Car -1 -1 -10 723.000000 170.000000 810.000000 231.000000 1.447379 1.563217 3.704440 4.301527 1.441118 19.286365 -1.171872 0.997081
Car -1 -1 -10 439.000000 175.000000 506.000000 225.000000 1.485033 1.587100 3.911610 -4.571300 1.582336 23.594737 1.611722 0.992506
Car -1 -1 -10 519.000000 167.000000 604.000000 228.000000 1.685225 1.703676 4.119773 -1.528935 1.573744 23.070737 -1.456432 0.895049
Car -1 -1 -10 770.000000 169.000000 889.000000 216.000000 1.514130 1.677430 4.075904 7.048320 1.395872 23.876930 -0.722118 0.525261
Car -1 -1 -10 965.000000 144.000000 1241.000000 303.000000 1.774724 1.665370 3.991329 8.048367 1.270018 12.065109 -0.380046 0.014687
Cyclist -1 -1 -10 834.000000 143.000000 1248.000000 359.000000 1.668676 0.898152 2.053785 2.816526 1.362752 5.299871 -1.682365 0.012807
Cyclist -1 -1 -10 981.000000 139.000000 1204.000000 194.000000 1.712978 0.531420 1.608745 13.226329 -0.068024 20.480419 -0.978811 0.012392
Cyclist -1 -1 -10 33.000000 231.000000 119.000000 275.000000 1.731141 0.422062 1.269228 -8.996333 1.991644 12.140138 -2.198205 0.011722
