Car -1 -1 -10 697.000000 185.000000 828.000000 272.000000 1.451547 1.603740 3.746524 2.752026 1.718715 13.712305 -1.583117 0.999647
Car -1 -1 -10 50.000000 180.000000 369.000000 279.000000 1.561363 1.652267 4.073004 -6.563991 1.638935 12.187675 0.057319 0.996816
Car -1 -1 -10 655.000000 174.000000 719.000000 225.000000 1.562063 1.641125 3.941277 2.581382 1.705916 24.671810 -1.574344 0.995157
Car -1 -1 -10 353.000000 178.000000 488.000000 229.000000 1.573909 1.644842 4.034015 -6.133875 1.732997 24.658825 -3.239337 0.951006
Car -1 -1 -10 229.000000 163.000000 434.000000 247.000000 1.690820 1.709860 4.015604 -6.438611 1.604659 17.041045 -3.163153 0.699274
Car -1 -1 -10 -1.000000 191.000000 135.000000 345.000000 1.515544 1.603475 3.716780 -6.867071 1.692749 7.164073 -3.103873 0.378662
Car -1 -1 -10 419.000000 178.000000 508.000000 215.000000 1.625989 1.625472 3.671578 -6.358611 1.827268 34.296828 -3.285309 0.312440
Car -1 -1 -10 7.000000 183.000000 217.000000 285.000000 1.474629 1.629200 3.992974 -7.086490 1.598226 12.025789 0.003313 0.126787
Car -1 -1 -10 1007.000000 204.000000 1236.000000 370.000000 1.505586 1.580865 3.817703 2.778921 1.580276 1.283286 -1.607144 0.057139
Car -1 -1 -10 645.000000 176.000000 696.000000 215.000000 1.488085 1.632051 4.114748 2.504317 1.774214 30.564961 -1.602212 0.048379
Car -1 -1 -10 754.000000 188.000000 825.000000 238.000000 1.523619 1.597185 3.819297 6.279761 1.904498 25.464907 0.859712 0.045758
Car -1 -1 -10 448.000000 177.000000 535.000000 206.000000 1.473001 1.557012 3.994941 -6.059216 1.850567 37.638641 0.728329 0.033942
Car -1 -1 -10 637.000000 173.000000 679.000000 205.000000 1.535319 1.647602 3.802371 2.530065 1.790732 39.960466 -1.609197 0.029627
