Pedestrian -1 -1 -10 710.000000 159.000000 729.000000 215.000000 1.865785 0.646407 0.948903 3.923345 1.477914 26.153683 -1.550917 0.295392
Pedestrian -1 -1 -10 491.000000 177.000000 513.000000 223.000000 1.638863 0.720158 0.588472 -3.638073 1.743734 24.063338 1.527107 0.130307
Pedestrian -1 -1 -10 347.000000 183.000000 357.000000 223.000000 1.717294 0.591320 0.652372 -8.099791 1.691283 22.530874 -2.471098 0.077687
Pedestrian -1 -1 -10 390.000000 177.000000 416.000000 260.000000 1.727725 0.629381 0.634565 -5.079118 2.570168 17.086726 -1.330060 0.027578
Pedestrian -1 -1 -10 343.000000 183.000000 366.000000 229.000000 1.713593 0.546455 0.674255 -8.235323 1.688068 22.413858 0.339356 0.021040
Pedestrian -1 -1 -10 368.000000 181.000000 429.000000 272.000000 1.738232 0.535176 0.679428 -5.377125 1.777252 17.642921 -0.231452 0.011560
Car -1 -1 -10 639.000000 178.000000 674.000000 204.000000 1.577585 1.634805 3.832945 2.558379 1.778450 39.906110 -1.534890 0.925567
Car -1 -1 -10 338.000000 190.000000 451.000000 257.000000 1.542282 1.610021 4.044060 -5.475930 2.011490 19.220541 1.552752 0.619440
Car -1 -1 -10 485.000000 183.000000 523.000000 216.000000 1.415994 1.652964 4.059532 -5.380595 2.024942 37.670844 1.593346 0.245566
Cyclist -1 -1 -10 293.000000 182.000000 383.000000 325.000000 1.700913 0.633659 1.812230 -3.566742 1.873088 9.831328 1.544753 0.999529
Cyclist -1 -1 -10 491.000000 175.000000 514.000000 233.000000 1.755213 0.602913 1.776604 -3.614279 1.903509 24.076028 1.517326 0.999484
Cyclist -1 -1 -10 356.000000 178.000000 439.000000 312.000000 1.762798 0.681154 1.754549 -3.079539 1.788384 10.194109 1.680159 0.999426
Cyclist -1 -1 -10 710.000000 161.000000 729.000000 215.000000 1.861193 0.491026 1.694961 3.969781 1.526756 26.433124 -1.236025 0.842111
Cyclist -1 -1 -10 341.000000 191.000000 449.000000 260.000000 1.735666 0.865193 1.774709 -5.317616 2.103054 18.029599 2.294833 0.682018
Cyclist -1 -1 -10 484.000000 183.000000 523.000000 216.000000 1.669997 0.539535 1.730115 -3.554267 1.963601 24.297807 -1.685286 0.294912
Cyclist -1 -1 -10 375.000000 181.000000 427.000000 259.000000 1.679737 0.726675 1.797372 -5.126974 2.652531 17.350389 -1.237269 0.074713
Cyclist -1 -1 -10 343.000000 184.000000 364.000000 232.000000 1.708960 0.499492 1.636077 -8.227199 1.512247 22.454572 -1.473813 0.062670
Cyclist -1 -1 -10 498.000000 177.000000 511.000000 221.000000 1.668271 0.541162 1.705781 -3.617807 1.734569 23.936017 1.496692 0.021794
Cyclist -1 -1 -10 380.000000 183.000000 403.000000 256.000000 1.683497 0.525996 1.747823 -5.497591 2.249255 17.612321 -1.938640 0.020303
