Pedestrian -1 -1 -10 396.000000 180.000000 431.000000 261.000000 1.643529 0.816140 0.488351 -4.468986 1.827949 16.049906 1.408667 0.078110
Car -1 -1 -10 675.000000 180.000000 815.000000 275.000000 1.525558 1.578709 3.521217 2.275591 1.719371 13.191100 -1.714961 0.999585
Car -1 -1 -10 291.000000 196.000000 396.000000 268.000000 1.436668 1.599214 3.743786 -5.747355 1.957626 15.849896 -1.770621 0.997864
Car -1 -1 -10 861.000000 185.000000 1243.000000 374.000000 1.604822 1.593457 3.827489 2.968853 1.733752 4.302382 1.573895 0.989731
Car -1 -1 -10 565.000000 182.000000 612.000000 220.000000 1.529179 1.594458 3.657958 -1.082729 2.013567 32.128979 -1.763928 0.989351
Car -1 -1 -10 542.000000 183.000000 574.000000 210.000000 1.526558 1.651865 3.700396 -2.899519 2.131452 42.162966 -1.746519 0.503772
Car -1 -1 -10 343.000000 189.000000 412.000000 246.000000 1.539448 1.610931 4.072512 -6.836602 2.016974 21.009796 1.326562 0.391999
Car -1 -1 -10 415.000000 187.000000 448.000000 217.000000 1.537007 1.633908 3.913725 -8.975659 2.229327 37.054283 -1.891666 0.047216
Cyclist -1 -1 -10 436.000000 179.000000 472.000000 252.000000 1.710860 0.555104 1.748776 -3.927695 1.833527 18.102982 1.511740 0.998193
Cyclist -1 -1 -10 394.000000 178.000000 434.000000 266.000000 1.667908 0.523057 1.681925 -4.355670 1.828885 15.881208 1.418770 0.998115
Cyclist -1 -1 -10 353.000000 188.000000 415.000000 255.000000 1.760321 0.599164 1.750311 -6.354774 2.022325 20.430279 0.243298 0.055956
Cyclist -1 -1 -10 285.000000 194.000000 417.000000 268.000000 1.703552 0.776281 1.791686 -5.482241 2.042936 14.651846 2.739622 0.036389
