Car -1 -1 -10 781.000000 199.000000 1108.000000 374.000000 1.447771 1.592621 3.646581 2.950858 1.768367 7.398234 -1.653528 0.999613
Car -1 -1 -10 678.000000 181.000000 778.000000 254.000000 1.480762 1.635811 3.980729 2.654712 1.718231 16.967775 -1.609406 0.999284
Car -1 -1 -10 163.000000 182.000000 387.000000 267.000000 1.562787 1.585074 3.764482 -6.535492 1.742074 14.971989 0.014379 0.991010
Car -1 -1 -10 16.000000 191.000000 345.000000 297.000000 1.503945 1.646970 3.948380 -6.712009 1.768642 10.322634 -3.057447 0.990592
Car -1 -1 -10 308.000000 182.000000 483.000000 238.000000 1.501142 1.618903 3.968953 -6.103819 1.827851 20.900878 0.058135 0.985518
Car -1 -1 -10 -3.000000 194.000000 220.000000 346.000000 1.458791 1.534862 3.885214 -6.509882 1.798722 7.876630 -3.193392 0.964681
Car -1 -1 -10 659.000000 179.000000 713.000000 218.000000 1.458835 1.600683 3.968495 2.996998 1.749545 27.938959 -1.602189 0.956460
Car -1 -1 -10 639.000000 171.000000 674.000000 198.000000 1.572975 1.663210 4.042263 3.662079 1.529049 46.567510 -0.037264 0.921821
Car -1 -1 -10 5.000000 198.000000 112.000000 372.000000 1.507422 1.621222 4.165009 -5.980238 1.773512 6.742434 1.067418 0.492903
Car -1 -1 -10 378.000000 174.000000 475.000000 222.000000 1.486539 1.566411 3.896940 -6.451547 1.573965 23.600940 -3.235729 0.422673
Car -1 -1 -10 482.000000 174.000000 545.000000 202.000000 1.544478 1.564575 3.584219 -5.685433 1.452046 42.787951 -3.103748 0.019367
