Car -1 -1 -10 556.000000 176.000000 594.000000 201.000000 1.529225 1.637120 3.920174 -2.222602 1.737758 45.742940 1.597310 0.999189
Car -1 -1 -10 95.000000 181.000000 374.000000 351.000000 1.603070 1.638110 3.965583 -4.515575 1.803085 9.286146 1.567910 0.999145
Car -1 -1 -10 398.000000 182.000000 495.000000 248.000000 1.477488 1.569390 3.862047 -4.205699 1.795837 18.808109 1.600541 0.997427
Car -1 -1 -10 717.000000 169.000000 799.000000 231.000000 1.603618 1.674186 4.178342 4.575012 1.525401 22.930872 -1.526691 0.994042
Car -1 -1 -10 312.000000 190.000000 446.000000 276.000000 1.462588 1.587972 3.856843 -4.452676 1.859801 14.259467 1.600465 0.992827
Car -1 -1 -10 1.000000 187.000000 171.000000 372.000000 1.546388 1.626697 3.809830 -4.655114 1.748535 4.355013 1.604784 0.801567
Car -1 -1 -10 8.000000 171.000000 151.000000 229.000000 1.555681 1.607215 3.847495 -16.204797 1.670635 22.830280 0.368845 0.776878
Car -1 -1 -10 705.000000 175.000000 745.000000 209.000000 1.468515 1.585573 3.714184 5.382255 1.602209 35.168337 -1.562959 0.502446
Car -1 -1 -10 696.000000 173.000000 723.000000 200.000000 1.539353 1.408070 2.788590 5.901561 1.452192 42.504824 2.163594 0.360577
Car -1 -1 -10 711.000000 171.000000 766.000000 220.000000 1.516278 1.472144 3.061751 5.127017 1.800868 27.844577 -0.698720 0.211075
