Pedestrian -1 -1 -10 546.000000 170.000000 554.000000 201.000000 1.730049 0.521265 0.468219 -3.665834 1.503434 44.106015 1.465158 0.770258
Pedestrian -1 -1 -10 535.000000 169.000000 550.000000 214.000000 1.713824 0.604381 0.732617 -2.917285 1.669383 30.093621 1.533693 0.693288
Pedestrian -1 -1 -10 691.000000 164.000000 704.000000 202.000000 1.773220 0.630099 0.741585 4.318022 1.426574 35.969300 -1.764581 0.362308
Pedestrian -1 -1 -10 518.000000 173.000000 533.000000 216.000000 1.782353 0.590361 0.808321 -3.502325 1.803347 29.591042 1.480682 0.095057
Car -1 -1 -10 699.000000 169.000000 847.000000 285.000000 1.568074 1.593190 3.641949 2.546739 1.601914 12.012949 -1.578181 0.999681
Car -1 -1 -10 303.000000 180.000000 434.000000 267.000000 1.562885 1.616453 3.869727 -5.075748 1.794568 15.561474 1.581481 0.999201
Car -1 -1 -10 459.000000 181.000000 512.000000 217.000000 1.541578 1.631091 3.729650 -5.431759 1.898801 31.264569 1.543104 0.997378
Cyclist -1 -1 -10 516.000000 173.000000 535.000000 218.000000 1.767883 0.692667 1.883621 -3.496728 1.758876 29.621809 1.560080 0.994446
Cyclist -1 -1 -10 534.000000 169.000000 551.000000 215.000000 1.740730 0.672311 1.830517 -2.872850 1.702528 30.048653 1.582072 0.979861
Cyclist -1 -1 -10 544.000000 169.000000 554.000000 201.000000 1.711948 0.414719 1.382691 -1.845045 1.437446 20.811373 -1.686142 0.040655
Cyclist -1 -1 -10 692.000000 164.000000 705.000000 203.000000 1.734896 0.616799 1.754215 4.265804 1.368203 36.238259 -1.397676 0.010255
