Pedestrian -1 -1 -10 221.000000 153.000000 269.000000 298.000000 1.795641 0.728115 0.821653 -4.576573 1.531443 8.956490 -1.603336 0.983555
Pedestrian -1 -1 -10 290.000000 163.000000 323.000000 279.000000 1.765671 0.741016 0.803784 -5.110637 1.422193 11.761750 -1.002972 0.852116
Pedestrian -1 -1 -10 265.000000 160.000000 334.000000 284.000000 1.726114 0.691546 0.751417 -5.150070 1.379451 11.858368 -1.083502 0.531298
Pedestrian -1 -1 -10 242.000000 158.000000 310.000000 299.000000 1.774087 0.770366 0.663022 -5.356333 1.297435 11.833255 1.141628 0.486073
Pedestrian -1 -1 -10 173.000000 157.000000 335.000000 290.000000 1.804560 0.843237 0.819924 -4.925471 1.449803 10.226184 2.552841 0.116289
Pedestrian -1 -1 -10 130.000000 177.000000 384.000000 359.000000 1.695966 0.666256 0.745853 -1.960164 1.763461 3.682949 -3.182747 0.094458
Pedestrian -1 -1 -10 230.000000 156.000000 424.000000 298.000000 1.741224 0.715583 0.664928 -2.845096 1.564144 8.213479 -3.162032 0.083459
Pedestrian -1 -1 -10 212.000000 168.000000 247.000000 314.000000 1.698432 0.571853 0.561693 -4.552032 1.418041 9.035025 -1.535483 0.069729
Pedestrian -1 -1 -10 281.000000 172.000000 368.000000 270.000000 1.719906 0.599706 0.641275 -8.191006 1.373900 21.824349 -2.499984 0.039489
Car -1 -1 -10 663.000000 173.000000 749.000000 235.000000 1.462175 1.622085 3.946773 2.425737 1.439904 18.860036 -1.602152 0.998978
Car -1 -1 -10 520.000000 171.000000 561.000000 210.000000 1.567364 1.641586 3.863339 -3.123208 1.600663 32.493077 -1.632300 0.996598
Car -1 -1 -10 639.000000 171.000000 689.000000 210.000000 1.590250 1.637628 3.876648 2.291056 1.536174 31.467793 -1.668144 0.988612
Car -1 -1 -10 269.000000 179.000000 447.000000 289.000000 1.456454 1.638360 3.973344 -3.491564 1.585143 9.552520 1.553557 0.972350
Car -1 -1 -10 0.000000 186.000000 426.000000 370.000000 1.542428 1.654249 3.931963 -2.826035 1.676295 5.284884 -1.545015 0.956070
Car -1 -1 -10 859.000000 176.000000 1229.000000 374.000000 1.509434 1.615934 3.783367 2.464336 1.496241 2.951013 -1.585655 0.928564
Car -1 -1 -10 630.000000 171.000000 668.000000 203.000000 1.558437 1.581986 3.837949 2.011861 1.569922 37.336882 -1.595663 0.553679
Car -1 -1 -10 544.000000 174.000000 569.000000 199.000000 1.547450 1.634086 3.825562 -3.574730 1.682525 46.433599 -1.635913 0.243775
Car -1 -1 -10 194.000000 165.000000 349.000000 318.000000 1.566704 1.462013 3.118750 -4.332727 1.336196 8.530977 1.635683 0.077668
Car -1 -1 -10 625.000000 168.000000 656.000000 196.000000 1.755487 1.699895 4.014444 2.306242 1.470941 47.988746 -1.555111 0.050833
Cyclist -1 -1 -10 274.000000 176.000000 448.000000 294.000000 1.691133 0.551838 1.784662 -3.027987 1.601916 9.027861 1.735026 0.229681
Cyclist -1 -1 -10 274.000000 172.000000 357.000000 275.000000 1.716134 0.434351 1.435017 -6.683358 1.197844 16.738104 -1.239877 0.183100
Cyclist -1 -1 -10 194.000000 157.000000 341.000000 301.000000 1.719372 0.763553 1.796748 -5.166178 1.089303 11.206039 2.349889 0.150282
Cyclist -1 -1 -10 293.000000 166.000000 326.000000 285.000000 1.688317 0.783718 1.794037 -4.777695 1.087909 11.552887 -0.839384 0.090555
Cyclist -1 -1 -10 211.000000 153.000000 280.000000 311.000000 1.727452 0.562683 1.684329 -4.971133 1.168644 9.710475 -2.546490 0.056662
Cyclist -1 -1 -10 130.000000 177.000000 384.000000 359.000000 1.741316 0.621645 1.713205 -2.311471 1.606671 4.083656 -1.470955 0.020633
