Car -1 -1 -10 680.000000 183.000000 784.000000 255.000000 1.452907 1.635381 4.036463 2.684082 1.712456 16.770105 -1.579664 0.999271
Car -1 -1 -10 -13.000000 177.000000 315.000000 318.000000 1.541468 1.638841 4.106174 -6.193121 1.623769 8.997173 -0.028225 0.996827
Car -1 -1 -10 748.000000 179.000000 886.000000 232.000000 1.455796 1.604707 3.853999 6.414157 1.770259 21.720146 0.107358 0.977369
Car -1 -1 -10 424.000000 174.000000 525.000000 211.000000 1.495549 1.627758 4.274335 -6.308302 1.655717 30.673633 -3.142305 0.972728
Car -1 -1 -10 271.000000 173.000000 471.000000 241.000000 1.570265 1.651650 3.999769 -5.769117 1.625718 18.369444 0.026446 0.954885
Car -1 -1 -10 696.000000 176.000000 772.000000 214.000000 1.544122 1.618193 4.025383 6.152597 1.457304 34.751936 0.044679 0.872538
Car -1 -1 -10 670.000000 176.000000 728.000000 203.000000 1.548737 1.684356 3.991445 5.954576 1.837666 45.579100 -0.021464 0.738726
Car -1 -1 -10 364.000000 173.000000 498.000000 222.000000 1.542729 1.599537 3.762770 -5.132298 1.760915 19.803437 -0.926572 0.659909
Car -1 -1 -10 183.000000 175.000000 363.000000 256.000000 1.596055 1.608605 3.946515 -7.267184 1.557791 15.460322 -3.329745 0.501898
Car -1 -1 -10 1120.000000 228.000000 1236.000000 371.000000 1.497625 1.573196 3.786899 2.763001 1.338241 1.057907 -1.539720 0.254526
Car -1 -1 -10 247.000000 170.000000 363.000000 234.000000 1.558052 1.598718 3.899739 -8.181221 1.085102 20.591313 -3.097094 0.045076
Car -1 -1 -10 463.000000 172.000000 540.000000 201.000000 1.575938 1.654877 3.958008 -6.311908 1.325619 40.557783 -3.226832 0.043621
