Pedestrian -1 -1 -10 682.000000 175.000000 689.000000 207.000000 1.732506 0.616559 0.781725 4.281513 1.860424 41.351361 -1.491069 0.029940
Pedestrian -1 -1 -10 2.000000 205.000000 248.000000 367.000000 1.793665 0.686410 0.967856 -2.373383 2.045866 3.262237 -1.733084 0.011205
Car -1 -1 -10 416.000000 189.000000 528.000000 270.000000 1.495436 1.603455 3.830158 -2.852629 1.812402 15.317642 -1.580094 0.999337
Car -1 -1 -10 760.000000 197.000000 1068.000000 376.000000 1.446438 1.585108 3.770206 2.865992 1.715805 7.625254 -1.590682 0.998834
Car -1 -1 -10 504.000000 181.000000 559.000000 227.000000 1.516945 1.644557 4.108525 -2.808382 1.800108 26.342449 1.575178 0.997804
Car -1 -1 -10 642.000000 176.000000 681.000000 209.000000 1.514113 1.610956 3.914074 2.497204 1.701261 36.171054 -1.568783 0.997150
Car -1 -1 -10 697.000000 183.000000 840.000000 284.000000 1.470248 1.606505 3.771505 2.642230 1.723797 13.001922 -1.657466 0.993443
Car -1 -1 -10 0.000000 208.000000 260.000000 369.000000 1.527152 1.606401 3.893277 -3.147714 1.767652 2.835003 -1.572021 0.955788
Car -1 -1 -10 678.000000 165.000000 777.000000 249.000000 1.656229 1.626766 3.849744 2.714517 1.607135 17.723007 -1.612734 0.933876
Car -1 -1 -10 913.000000 201.000000 1241.000000 374.000000 1.539181 1.607385 3.692494 2.739581 1.654619 3.022645 -1.574723 0.627611
Car -1 -1 -10 631.000000 174.000000 661.000000 200.000000 1.516343 1.603273 3.707966 2.633300 2.300790 47.776335 1.093799 0.092348
Cyclist -1 -1 -10 18.000000 211.000000 246.000000 371.000000 1.661882 0.601204 1.684323 -2.542758 1.812500 3.227602 -1.550226 0.010264
