Pedestrian -1 -1 -10 760.000000 144.000000 818.000000 298.000000 1.780912 0.659922 0.778503 2.229971 1.396529 8.786249 -1.775167 0.998484
Pedestrian -1 -1 -10 1093.000000 139.000000 1198.000000 344.000000 1.785424 0.644195 0.942138 4.653180 1.449288 6.271089 3.421998 0.997668
Pedestrian -1 -1 -10 696.000000 158.000000 748.000000 305.000000 1.731951 0.548407 0.903910 1.378364 1.414857 8.448631 -2.431229 0.994681
Pedestrian -1 -1 -10 207.000000 167.000000 249.000000 280.000000 1.778122 0.640714 1.014399 -6.156916 1.570736 11.666696 -1.984317 0.994219
Pedestrian -1 -1 -10 1006.000000 135.000000 1056.000000 278.000000 1.777713 0.496721 0.829737 5.447900 1.313512 9.108505 -2.590936 0.992407
Pedestrian -1 -1 -10 728.000000 154.000000 762.000000 266.000000 1.798360 0.516477 0.824167 2.261823 1.308464 11.460824 -2.257985 0.930938
Pedestrian -1 -1 -10 270.000000 169.000000 328.000000 306.000000 1.701195 0.674084 0.637806 -3.999539 1.578919 9.538776 1.650202 0.853420
Pedestrian -1 -1 -10 1129.000000 135.000000 1224.000000 310.000000 1.715344 0.612601 0.616843 6.061854 1.256951 7.478944 1.075659 0.748743
Pedestrian -1 -1 -10 236.000000 169.000000 278.000000 272.000000 1.674287 0.535216 0.632204 -5.991709 1.493548 11.824091 -2.484718 0.648822
Pedestrian -1 -1 -10 605.000000 163.000000 630.000000 236.000000 1.730825 0.730070 0.756861 0.328415 1.266124 17.410021 -2.178594 0.608364
Pedestrian -1 -1 -10 803.000000 142.000000 821.000000 217.000000 1.767532 0.583602 0.788162 4.590772 0.858145 16.426844 -1.803413 0.603809
Pedestrian -1 -1 -10 242.000000 169.000000 310.000000 290.000000 1.751659 0.716201 0.847752 -4.425705 1.479869 9.547818 1.723392 0.239773
Pedestrian -1 -1 -10 228.000000 167.000000 265.000000 240.000000 1.739419 0.549786 0.552656 -7.192474 1.658320 14.245753 2.500606 0.168665
Pedestrian -1 -1 -10 787.000000 150.000000 805.000000 212.000000 1.715426 0.560839 0.718414 4.368867 0.774466 16.266801 2.762277 0.161093
Pedestrian -1 -1 -10 687.000000 172.000000 711.000000 234.000000 1.757555 0.671216 0.619689 2.400429 1.403648 17.983280 -1.917816 0.158695
Pedestrian -1 -1 -10 691.000000 167.000000 730.000000 254.000000 1.685467 0.622047 0.593797 1.421293 1.685546 9.708443 -2.109157 0.156464
Pedestrian -1 -1 -10 794.000000 143.000000 813.000000 218.000000 1.749640 0.557483 0.950956 4.390928 0.910360 16.338228 -0.308066 0.089670
Car -1 -1 -10 378.000000 156.000000 475.000000 230.000000 1.889219 1.765409 4.092215 -5.049300 1.214355 21.117276 1.509128 0.983668
Car -1 -1 -10 430.000000 159.000000 497.000000 216.000000 1.783025 1.665430 4.222992 -5.136651 1.016773 27.992396 1.532666 0.523517
Car -1 -1 -10 511.000000 162.000000 566.000000 213.000000 1.684852 1.706459 3.829907 -2.322358 1.018704 26.806750 1.502633 0.474985
Cyclist -1 -1 -10 267.000000 169.000000 326.000000 306.000000 1.706639 0.600309 1.804311 -4.017488 1.571158 9.422301 1.519038 0.636379
Cyclist -1 -1 -10 235.000000 171.000000 296.000000 276.000000 1.773595 0.654406 1.565910 -4.979948 1.341069 10.251283 0.140970 0.139198
Cyclist -1 -1 -10 227.000000 164.000000 261.000000 232.000000 1.701261 0.459043 1.339025 -8.823665 1.206677 17.676192 -2.030900 0.038082
Cyclist -1 -1 -10 691.000000 166.000000 721.000000 239.000000 1.676280 0.730004 1.651690 2.373845 1.311010 17.762815 2.800816 0.021964
Cyclist -1 -1 -10 1122.000000 136.000000 1220.000000 317.000000 1.704933 0.545117 1.831998 6.009276 1.223841 7.461168 2.335544 0.016678
Cyclist -1 -1 -10 694.000000 159.000000 748.000000 304.000000 1.748926 0.477042 1.755055 1.278602 1.436407 8.550133 -1.861159 0.011921
