Car -1 -1 -10 599.000000 205.000000 1037.000000 376.000000 1.524895 1.584253 3.655426 1.353064 1.860807 6.118742 -1.991522 0.999209
Car -1 -1 -10 491.000000 216.000000 719.000000 344.000000 1.456566 1.636977 3.928488 -0.524503 2.045101 10.338881 -1.997837 0.999194
Car -1 -1 -10 374.000000 203.000000 469.000000 273.000000 1.516081 1.610513 3.696071 -5.289325 2.377213 19.155021 -1.985470 0.993695
Car -1 -1 -10 124.000000 209.000000 206.000000 270.000000 1.498800 1.616828 3.628348 -14.815633 2.788968 23.815249 -2.135165 0.991908
Car -1 -1 -10 427.000000 212.000000 562.000000 296.000000 1.426699 1.614969 3.908766 -2.607597 2.230990 14.742150 -1.980575 0.985090
Car -1 -1 -10 25.000000 230.000000 158.000000 323.000000 1.457244 1.549322 3.582381 -7.043932 2.255468 8.476368 -2.049704 0.983420
Car -1 -1 -10 330.000000 210.000000 383.000000 250.000000 1.507288 1.601746 3.754124 -10.654911 2.977349 30.265815 1.258631 0.974850
Car -1 -1 -10 351.000000 207.000000 424.000000 261.000000 1.541954 1.607690 3.858534 -5.126819 2.404053 19.264971 -0.830076 0.755626
Car -1 -1 -10 189.000000 214.000000 231.000000 241.000000 1.579043 1.639023 3.835894 -15.096570 2.356929 27.430391 -1.373872 0.736207
Car -1 -1 -10 0.000000 233.000000 106.000000 367.000000 1.485964 1.559946 3.873802 -6.956651 2.188080 7.949159 1.098105 0.414528
Car -1 -1 -10 317.000000 211.000000 356.000000 241.000000 1.497736 1.423713 2.978575 -11.266455 3.158812 32.269777 -2.025606 0.105710
