Pedestrian -1 -1 -10 874.000000 157.000000 918.000000 269.000000 1.763342 0.734096 0.831054 4.604672 1.549871 11.712376 1.424532 0.868482
Pedestrian -1 -1 -10 385.000000 181.000000 402.000000 210.000000 1.723768 0.616092 0.770325 -11.725469 2.239871 38.651372 -2.333490 0.208643
Pedestrian -1 -1 -10 391.000000 181.000000 408.000000 206.000000 1.782282 0.471777 0.670597 -3.874122 1.548114 13.519011 -0.222645 0.011676
Car -1 -1 -10 269.000000 190.000000 403.000000 290.000000 1.451092 1.631895 3.982949 -4.663003 1.769607 12.636057 1.345493 0.999368
Car -1 -1 -10 481.000000 175.000000 578.000000 212.000000 1.515255 1.642357 3.985514 -3.685293 1.707793 32.811226 2.524436 0.994545
Car -1 -1 -10 624.000000 174.000000 723.000000 204.000000 1.578627 1.650144 4.304232 3.052710 1.688683 35.917859 2.737809 0.987734
Car -1 -1 -10 226.000000 179.000000 352.000000 230.000000 1.615094 1.681075 4.102441 -11.067702 1.857122 25.778529 0.012878 0.986498
Car -1 -1 -10 125.000000 179.000000 199.000000 217.000000 2.025822 1.707747 4.203678 -27.167114 2.538296 45.209939 -3.009728 0.489949
Cyclist -1 -1 -10 872.000000 158.000000 922.000000 272.000000 1.805544 0.643422 1.743094 4.705406 1.600449 11.776654 1.343083 0.710894
Cyclist -1 -1 -10 350.000000 189.000000 388.000000 222.000000 1.709269 0.676121 1.716345 -11.921165 2.092401 35.450032 -1.969891 0.023304
Cyclist -1 -1 -10 323.000000 188.000000 395.000000 229.000000 1.762335 0.676900 1.660925 -11.900624 1.965751 35.829394 -0.949539 0.020788
Cyclist -1 -1 -10 871.000000 165.000000 913.000000 222.000000 1.733306 0.523668 1.664464 4.726262 1.636151 12.387165 -1.800313 0.015902
Cyclist -1 -1 -10 273.000000 185.000000 406.000000 289.000000 1.662714 0.877272 1.904640 -4.414964 1.896981 11.506943 0.066606 0.014873
Cyclist -1 -1 -10 373.000000 181.000000 405.000000 224.000000 1.718585 0.529331 1.706921 -11.809124 2.143927 38.652938 -1.720134 0.012415
Cyclist -1 -1 -10 384.000000 181.000000 404.000000 209.000000 1.689952 0.464554 1.661604 -11.871551 2.103425 38.862569 -1.707366 0.010689
