Pedestrian -1 -1 -10 0.000000 194.000000 74.000000 323.000000 1.710782 0.604705 0.762645 -7.226790 2.224215 8.748569 -2.735603 0.018129
Car -1 -1 -10 116.000000 196.000000 377.000000 357.000000 1.492871 1.572494 3.643671 -3.961077 1.644147 8.437494 -1.591058 0.999519
Car -1 -1 -10 564.000000 178.000000 605.000000 214.000000 1.531804 1.623662 3.707619 -1.168480 1.206281 34.437862 -1.591106 0.999451
Car -1 -1 -10 59.000000 184.000000 250.000000 280.000000 1.471397 1.617818 3.773340 -8.667095 1.541892 14.078100 -1.543174 0.997513
Car -1 -1 -10 0.000000 195.000000 73.000000 321.000000 1.480362 1.611343 4.030100 -8.067655 1.667350 7.394663 -1.545678 0.617105
Car -1 -1 -10 245.000000 179.000000 293.000000 220.000000 1.502541 1.637550 3.931915 -12.582470 1.422821 28.786279 -1.536175 0.464918
Car -1 -1 -10 377.000000 187.000000 431.000000 220.000000 1.538223 1.638230 4.224863 -8.843425 1.590914 31.539685 1.393479 0.422476
Car -1 -1 -10 345.000000 172.000000 433.000000 225.000000 1.661415 1.627461 3.935613 -8.521586 1.318638 29.929945 1.490079 0.051797
Car -1 -1 -10 409.000000 182.000000 453.000000 214.000000 1.587016 1.661835 3.991443 -8.943035 1.438045 36.664248 -1.798772 0.042423
Car -1 -1 -10 325.000000 160.000000 408.000000 238.000000 2.065663 1.826162 4.474195 -7.949466 1.416381 23.826182 -1.657067 0.023782
Car -1 -1 -10 -9.000000 192.000000 139.000000 299.000000 1.436271 1.625334 3.913850 -8.714827 1.616088 14.218386 -1.583032 0.023055
