Pedestrian -1 -1 -10 684.000000 153.000000 744.000000 264.000000 1.840863 0.650579 1.080338 1.833454 1.388587 12.094248 1.146803 0.997437
Pedestrian -1 -1 -10 413.000000 152.000000 467.000000 286.000000 1.832456 0.688885 0.985479 -2.424954 1.445629 9.991275 0.202061 0.993228
Pedestrian -1 -1 -10 105.000000 174.000000 133.000000 273.000000 1.706201 0.525684 0.718891 -9.847512 1.564992 14.192997 0.004286 0.862793
Pedestrian -1 -1 -10 960.000000 147.000000 983.000000 211.000000 1.723007 0.661075 0.989698 10.622535 0.808785 20.620531 -1.100564 0.620034
Pedestrian -1 -1 -10 62.000000 169.000000 91.000000 270.000000 1.719906 0.599706 0.641275 -9.713540 1.026121 12.932125 -2.764170 0.432391
Pedestrian -1 -1 -10 84.000000 178.000000 114.000000 280.000000 1.729498 0.569234 0.873561 -9.941397 1.585152 13.818329 0.362278 0.335939
Pedestrian -1 -1 -10 61.000000 175.000000 140.000000 278.000000 1.761210 0.607616 0.813548 -9.837986 1.478795 13.575411 -0.027812 0.224908
Pedestrian -1 -1 -10 794.000000 155.000000 807.000000 187.000000 1.856299 0.566126 0.799896 12.178679 0.385594 43.711503 2.891268 0.088875
Pedestrian -1 -1 -10 1099.000000 145.000000 1138.000000 192.000000 1.774289 0.587267 0.666695 18.010727 0.260397 24.875948 -1.015647 0.086122
Pedestrian -1 -1 -10 366.000000 164.000000 454.000000 262.000000 1.746041 0.596418 0.892616 -3.497313 1.401889 11.986939 0.747235 0.033504
Pedestrian -1 -1 -10 115.000000 180.000000 147.000000 272.000000 1.737889 0.581316 0.584204 -9.891582 1.607673 14.420049 -0.107424 0.023637
Pedestrian -1 -1 -10 49.000000 170.000000 82.000000 276.000000 1.715263 0.589143 0.629156 -9.948835 1.442843 12.927215 -0.098555 0.012218
Car -1 -1 -10 -5.000000 190.000000 389.000000 370.000000 1.483362 1.593988 3.798543 -3.248145 1.612506 5.614971 -1.579010 0.993831
Cyclist -1 -1 -10 348.000000 160.000000 479.000000 270.000000 1.734943 0.729998 1.815833 -3.445991 1.446895 12.168323 -0.184490 0.993720
Cyclist -1 -1 -10 959.000000 146.000000 984.000000 210.000000 1.769800 0.594502 1.850497 10.628220 0.838649 20.561735 -1.057425 0.912633
Cyclist -1 -1 -10 397.000000 161.000000 454.000000 274.000000 1.770053 0.569158 1.644435 -2.980772 1.471545 11.460325 -1.261508 0.344762
Cyclist -1 -1 -10 1099.000000 146.000000 1138.000000 193.000000 1.750141 0.524656 1.522805 18.407197 0.205251 25.489454 -0.863632 0.150985
Cyclist -1 -1 -10 374.000000 171.000000 451.000000 233.000000 1.668711 0.571227 1.708485 -5.548601 2.028965 16.671068 -1.934525 0.060920
Cyclist -1 -1 -10 406.000000 169.000000 449.000000 218.000000 1.665323 0.498737 1.577487 -5.412365 1.578830 21.775657 -1.848442 0.016594
Cyclist -1 -1 -10 44.000000 176.000000 154.000000 278.000000 1.695054 0.558701 1.643708 -9.881389 1.291236 14.118733 -1.183479 0.016455
