Pedestrian -1 -1 -10 550.000000 166.000000 565.000000 200.000000 1.799792 0.622018 0.801332 -2.881584 0.967900 41.571981 -3.210089 0.162240
Pedestrian -1 -1 -10 350.000000 179.000000 363.000000 209.000000 1.775315 0.710085 0.793407 -16.026948 1.923655 45.268308 0.854405 0.051619
Pedestrian -1 -1 -10 507.000000 169.000000 518.000000 202.000000 1.770108 0.629354 0.683284 -5.704508 0.949299 42.884737 -1.631724 0.024994
Car -1 -1 -10 509.000000 175.000000 549.000000 205.000000 1.491138 1.641395 3.831849 -3.752425 1.162460 35.741651 -1.593940 0.998457
Car -1 -1 -10 975.000000 140.000000 1130.000000 192.000000 1.536584 1.598172 3.930846 14.403544 0.385345 22.572386 3.702755 0.996058
Car -1 -1 -10 893.000000 150.000000 965.000000 175.000000 1.465011 1.591888 3.785815 24.319327 0.614061 50.259579 -0.505412 0.309823
Cyclist -1 -1 -10 371.000000 176.000000 398.000000 217.000000 1.763671 0.511032 1.781233 -10.462987 1.611631 33.464947 -1.542791 0.988222
Cyclist -1 -1 -10 603.000000 165.000000 637.000000 197.000000 1.676993 0.750765 1.796754 0.852295 0.804748 43.513522 -0.150119 0.945818
Cyclist -1 -1 -10 661.000000 163.000000 693.000000 195.000000 1.718773 0.721191 1.781906 4.025098 0.784995 40.590700 0.263566 0.401652
Cyclist -1 -1 -10 350.000000 179.000000 363.000000 209.000000 1.699378 0.586381 1.863509 -16.056558 1.752884 45.310404 0.817911 0.022806
