Car -1 -1 -10 708.000000 185.000000 893.000000 302.000000 1.440894 1.643446 4.134657 2.722765 1.653039 11.274731 -1.602996 0.999480
Car -1 -1 -10 392.000000 173.000000 512.000000 216.000000 1.480740 1.609093 3.964557 -6.172532 1.654342 25.019333 -3.220191 0.993619
Car -1 -1 -10 783.000000 180.000000 987.000000 252.000000 1.506346 1.638392 3.865550 6.210554 1.661676 16.234131 0.123954 0.984181
Car -1 -1 -10 0.000000 169.000000 238.000000 316.000000 1.573242 1.629116 4.167214 -6.941217 1.530929 8.086105 -0.194311 0.973679
Car -1 -1 -10 38.000000 171.000000 436.000000 272.000000 1.525819 1.643119 4.197726 -5.697472 1.567952 12.478396 -0.326585 0.971751
Car -1 -1 -10 679.000000 176.000000 745.000000 203.000000 1.497816 1.603353 3.816686 4.535879 1.736272 41.041038 -2.053594 0.938824
Car -1 -1 -10 721.000000 177.000000 802.000000 215.000000 1.566694 1.640612 4.037268 6.665061 1.786673 28.638870 -0.048933 0.877125
Car -1 -1 -10 1114.000000 235.000000 1241.000000 371.000000 1.513876 1.604194 3.910397 4.667133 1.421095 4.616986 2.231843 0.403316
Car -1 -1 -10 298.000000 175.000000 500.000000 224.000000 1.459510 1.559774 4.047727 -6.654809 1.482054 22.515722 -3.251478 0.306031
Car -1 -1 -10 439.000000 170.000000 525.000000 208.000000 1.547710 1.638648 4.152567 -5.663991 1.443402 33.567691 0.873234 0.281283
Cyclist -1 -1 -10 1119.000000 236.000000 1242.000000 371.000000 1.666781 0.529124 1.734824 3.161388 1.781777 3.947978 -1.288171 0.036033
