Pedestrian -1 -1 -10 738.000000 155.000000 786.000000 304.000000 1.743038 0.611177 0.621380 1.807477 1.549530 8.525510 -0.233282 0.993336
Pedestrian -1 -1 -10 820.000000 139.000000 880.000000 340.000000 1.679622 0.546283 0.891999 2.306247 1.439313 6.925555 -1.733873 0.991026
Pedestrian -1 -1 -10 863.000000 155.000000 944.000000 376.000000 1.697357 0.599712 0.839478 2.218688 1.429119 5.480072 -1.605934 0.988949
Pedestrian -1 -1 -10 706.000000 161.000000 750.000000 283.000000 1.722042 0.632884 0.797086 1.768247 1.356233 9.832571 -1.439926 0.972798
Pedestrian -1 -1 -10 660.000000 157.000000 677.000000 205.000000 1.768072 0.624172 0.805736 2.396492 0.807212 25.760806 -1.632007 0.957375
Pedestrian -1 -1 -10 574.000000 148.000000 609.000000 239.000000 1.783987 0.718213 0.909987 -0.297330 1.097412 15.145290 -2.629533 0.933206
Pedestrian -1 -1 -10 673.000000 156.000000 691.000000 205.000000 1.725411 0.644409 0.793712 2.873805 0.754733 25.773166 -1.850247 0.923564
Pedestrian -1 -1 -10 779.000000 164.000000 818.000000 288.000000 1.708419 0.530805 0.717129 2.523315 1.393655 9.484170 -1.940386 0.916035
Pedestrian -1 -1 -10 3.000000 133.000000 127.000000 373.000000 1.689874 0.561732 0.734070 -2.836253 1.458498 3.557968 -3.774910 0.889653
Pedestrian -1 -1 -10 812.000000 145.000000 847.000000 271.000000 1.777509 0.538066 0.770541 3.509280 1.226237 10.842669 0.380818 0.634648
Pedestrian -1 -1 -10 842.000000 151.000000 905.000000 353.000000 1.775071 0.695757 0.917787 2.142448 1.449109 5.410877 0.793278 0.534248
Pedestrian -1 -1 -10 823.000000 150.000000 861.000000 281.000000 1.755437 0.637363 0.682289 3.669675 1.106518 10.848297 -1.093568 0.316562
Pedestrian -1 -1 -10 726.000000 162.000000 770.000000 271.000000 1.771685 0.627477 0.845281 1.765178 1.224244 9.889511 -1.879657 0.160064
Car -1 -1 -10 529.000000 160.000000 587.000000 206.000000 1.568230 1.654871 3.838964 -1.611743 0.810617 26.037077 1.556544 0.990677
Car -1 -1 -10 548.000000 157.000000 607.000000 217.000000 1.592599 1.652328 3.951870 -1.374266 0.853748 26.092350 1.528610 0.018058
Cyclist -1 -1 -10 572.000000 149.000000 611.000000 237.000000 1.810679 0.558532 1.752260 -0.283740 1.164640 15.236928 -1.609375 0.850460
Cyclist -1 -1 -10 822.000000 155.000000 935.000000 327.000000 1.739631 0.535843 1.755780 2.267263 1.466055 5.614346 -1.654508 0.043926
Cyclist -1 -1 -10 548.000000 157.000000 607.000000 217.000000 1.702753 0.379803 1.304741 -0.783584 1.569730 21.547664 -1.616953 0.024798
Cyclist -1 -1 -10 2.000000 131.000000 124.000000 374.000000 1.696590 0.673722 1.694819 -3.250524 1.312179 3.736215 2.092593 0.020242
Cyclist -1 -1 -10 811.000000 146.000000 862.000000 279.000000 1.725979 0.580886 1.730130 3.566592 1.217445 10.653703 0.954992 0.016543
