Pedestrian -1 -1 -10 1034.000000 221.000000 1185.000000 374.000000 1.733510 0.668283 0.678601 3.117049 1.984422 4.316182 3.221589 0.928479
Pedestrian -1 -1 -10 561.000000 174.000000 585.000000 225.000000 1.747887 0.646883 0.941036 -0.923086 1.455253 22.653410 -0.778246 0.880236
Pedestrian -1 -1 -10 878.000000 203.000000 918.000000 322.000000 1.718807 0.606802 0.638866 3.635939 1.431592 8.879369 -1.731988 0.347754
Pedestrian -1 -1 -10 823.000000 205.000000 870.000000 281.000000 1.752749 0.608283 0.684346 5.256714 1.811096 15.175161 -0.658058 0.212222
Pedestrian -1 -1 -10 1092.000000 235.000000 1231.000000 371.000000 1.779393 0.840545 0.607670 2.822785 2.117538 3.734436 2.220464 0.093505
Pedestrian -1 -1 -10 876.000000 199.000000 904.000000 272.000000 1.743456 0.549546 0.544910 4.490217 1.721108 11.492209 3.340214 0.061686
Pedestrian -1 -1 -10 810.000000 203.000000 894.000000 305.000000 1.699425 0.531636 0.616909 3.151171 1.837413 9.296509 0.450321 0.050256
Pedestrian -1 -1 -10 850.000000 197.000000 906.000000 311.000000 1.708395 0.537730 0.568070 3.182853 1.775890 8.435495 2.578421 0.048127
Pedestrian -1 -1 -10 883.000000 209.000000 917.000000 266.000000 1.729930 0.584112 0.595864 5.980730 1.757116 14.538222 -0.598482 0.019085
Pedestrian -1 -1 -10 780.000000 208.000000 841.000000 293.000000 1.685981 0.555224 0.566476 3.338784 1.845457 11.599818 -0.591090 0.018537
Pedestrian -1 -1 -10 865.000000 203.000000 930.000000 275.000000 1.691950 0.558508 0.568912 3.403326 1.593167 8.482707 -1.792897 0.015615
Pedestrian -1 -1 -10 856.000000 199.000000 898.000000 267.000000 1.784445 0.659877 0.649469 5.679405 1.922048 14.496544 -0.659017 0.015286
Car -1 -1 -10 1134.000000 235.000000 1240.000000 377.000000 1.455561 1.542566 3.644334 2.643058 1.761187 4.107437 2.775180 0.103558
Car -1 -1 -10 991.000000 225.000000 1225.000000 373.000000 1.527311 1.512098 3.791896 3.318322 1.711495 4.012219 1.550923 0.050833
Cyclist -1 -1 -10 1002.000000 217.000000 1222.000000 370.000000 1.648602 0.724865 1.714512 3.059500 1.784572 4.220047 1.139838 0.125604
Cyclist -1 -1 -10 1112.000000 240.000000 1226.000000 374.000000 1.612155 0.542419 1.643222 2.633010 1.746162 3.553999 -1.495359 0.015374
