Pedestrian -1 -1 -10 851.000000 143.000000 904.000000 278.000000 1.773417 0.639823 0.892739 3.583422 1.265294 9.583741 -1.596157 0.998415
Pedestrian -1 -1 -10 567.000000 161.000000 600.000000 254.000000 1.707905 0.585778 0.853929 -0.341856 1.305917 13.441439 -1.022242 0.994589
Pedestrian -1 -1 -10 485.000000 158.000000 522.000000 250.000000 1.762118 0.676528 0.915490 -1.967385 1.330567 14.626265 1.505466 0.985194
Pedestrian -1 -1 -10 728.000000 145.000000 786.000000 279.000000 1.746724 0.668760 0.890014 2.130352 1.354964 10.065857 2.806366 0.968589
Pedestrian -1 -1 -10 3.000000 151.000000 209.000000 374.000000 1.663522 0.681273 0.724958 -2.384023 1.476577 3.396523 1.286240 0.968312
Pedestrian -1 -1 -10 359.000000 159.000000 398.000000 269.000000 1.794572 0.578472 0.823078 -4.221550 1.255754 13.190953 2.274958 0.326883
Pedestrian -1 -1 -10 543.000000 164.000000 562.000000 209.000000 1.718366 0.638729 0.753841 -1.759039 0.974118 26.579454 -1.636289 0.169578
Pedestrian -1 -1 -10 568.000000 163.000000 586.000000 228.000000 1.688657 0.568517 0.652851 -0.949008 0.897536 24.887816 0.424536 0.160017
Pedestrian -1 -1 -10 600.000000 163.000000 616.000000 213.000000 1.803655 0.672182 0.820796 0.217373 1.125169 25.094077 -1.542997 0.145346
Pedestrian -1 -1 -10 533.000000 165.000000 560.000000 221.000000 1.732506 0.631059 0.563174 -1.974818 1.946236 25.549892 -1.210016 0.090300
Pedestrian -1 -1 -10 522.000000 165.000000 553.000000 235.000000 1.727730 0.754568 0.557201 -1.722322 1.248388 18.390301 1.464011 0.079486
Pedestrian -1 -1 -10 586.000000 162.000000 602.000000 215.000000 1.746372 0.652755 0.709756 -0.289387 1.105333 26.075484 -1.441488 0.061836
Pedestrian -1 -1 -10 -1.000000 190.000000 94.000000 373.000000 1.745163 0.659639 0.766187 -3.091998 1.638116 4.037247 0.304236 0.045974
Pedestrian -1 -1 -10 658.000000 157.000000 690.000000 217.000000 1.663747 0.599581 0.571482 1.884435 1.654400 20.791903 -0.789502 0.031310
Pedestrian -1 -1 -10 514.000000 159.000000 528.000000 210.000000 1.801045 0.647155 0.629133 -3.542090 0.880519 30.904637 1.466612 0.024139
Pedestrian -1 -1 -10 649.000000 158.000000 676.000000 206.000000 1.727246 0.560720 0.493201 2.470850 0.899376 28.609272 0.655443 0.020662
Pedestrian -1 -1 -10 811.000000 151.000000 826.000000 209.000000 1.718100 0.594024 0.668988 5.675372 0.833327 18.853145 2.919484 0.018715
Pedestrian -1 -1 -10 409.000000 177.000000 434.000000 249.000000 1.673849 0.628484 0.715560 -3.848918 1.655004 15.253322 0.215969 0.016563
Pedestrian -1 -1 -10 593.000000 161.000000 609.000000 214.000000 1.811498 0.583607 0.903034 -0.075110 1.210718 25.580008 2.543216 0.016366
Pedestrian -1 -1 -10 844.000000 154.000000 861.000000 207.000000 1.754020 0.622318 0.526222 4.921389 1.260123 14.077748 -0.688270 0.012476
Cyclist -1 -1 -10 521.000000 164.000000 553.000000 234.000000 1.723719 0.576933 1.749418 -1.693691 1.294960 18.306982 1.472704 0.976814
Cyclist -1 -1 -10 -3.000000 153.000000 211.000000 374.000000 1.660709 0.618341 1.611419 -2.528335 1.418024 3.380157 1.590274 0.883897
Cyclist -1 -1 -10 717.000000 146.000000 798.000000 281.000000 1.761855 0.549758 1.828418 2.022056 1.299936 9.962586 1.277912 0.758968
Cyclist -1 -1 -10 657.000000 160.000000 694.000000 216.000000 1.705817 0.552387 1.656770 1.635968 1.811234 19.991195 -1.618789 0.530683
Cyclist -1 -1 -10 -3.000000 182.000000 103.000000 371.000000 1.777874 0.660054 1.526168 -2.926192 1.444396 4.168490 0.340178 0.218600
Cyclist -1 -1 -10 533.000000 165.000000 560.000000 221.000000 1.755216 0.607767 1.690046 -1.791372 1.114948 26.745506 -1.621634 0.167742
Cyclist -1 -1 -10 649.000000 158.000000 676.000000 206.000000 1.712978 0.531420 1.608745 2.579450 1.050483 29.358689 -1.483324 0.020952
Cyclist -1 -1 -10 484.000000 158.000000 523.000000 249.000000 1.769312 0.577611 1.743929 -2.026202 1.358298 14.668747 1.439926 0.019665
Cyclist -1 -1 -10 567.000000 161.000000 600.000000 253.000000 1.763236 0.604741 1.712964 -0.349831 1.348881 13.676202 -1.658103 0.010017
