Car -1 -1 -10 337.000000 193.000000 438.000000 253.000000 1.446258 1.593136 3.978903 -6.114531 2.068041 19.830297 1.565243 0.997858
Car -1 -1 -10 681.000000 176.000000 757.000000 227.000000 1.518668 1.632931 3.987354 3.114636 1.605493 21.858265 -1.578826 0.997595
Car -1 -1 -10 207.000000 200.000000 367.000000 294.000000 1.471020 1.577989 3.838464 -6.054042 2.056754 13.890609 1.551227 0.997439
Car -1 -1 -10 416.000000 189.000000 487.000000 232.000000 1.448311 1.610412 3.916974 -5.893577 2.126902 27.386940 1.615491 0.995718
Car -1 -1 -10 904.000000 142.000000 1140.000000 218.000000 1.547604 1.669768 4.086013 9.063815 0.961770 15.911782 3.190335 0.989565
Car -1 -1 -10 -2.000000 211.000000 272.000000 371.000000 1.461814 1.584287 3.823094 -5.968419 2.032717 9.123530 1.572084 0.987013
Car -1 -1 -10 668.000000 175.000000 727.000000 218.000000 1.536295 1.631909 3.977937 3.078107 1.597440 27.353651 -1.582023 0.887915
Car -1 -1 -10 456.000000 186.000000 507.000000 220.000000 1.591211 1.639767 4.048846 -5.818844 2.085108 33.622456 1.638737 0.792001
Car -1 -1 -10 652.000000 177.000000 698.000000 207.000000 1.521511 1.614285 3.981583 3.189777 1.737721 37.267179 1.518744 0.782503
Car -1 -1 -10 790.000000 156.000000 959.000000 207.000000 1.518363 1.678085 4.067566 8.254292 1.231385 22.546926 3.017669 0.666239
Car -1 -1 -10 829.000000 147.000000 1039.000000 210.000000 1.513758 1.567535 3.896567 9.383989 0.904674 18.176334 3.127075 0.345582
Car -1 -1 -10 489.000000 184.000000 530.000000 210.000000 1.608689 1.626190 3.913122 -5.811371 2.239070 42.562638 1.725192 0.081444
