Pedestrian -1 -1 -10 157.000000 170.000000 184.000000 258.000000 1.793675 0.687967 0.772401 -11.935456 1.654837 19.596779 2.075678 0.749265
Car -1 -1 -10 658.000000 179.000000 726.000000 236.000000 1.754441 1.702132 4.143281 2.666021 2.043505 24.768725 -1.612383 0.997303
Car -1 -1 -10 363.000000 185.000000 482.000000 238.000000 1.573061 1.617672 4.090815 -6.278048 1.998718 22.461097 0.029745 0.996218
Car -1 -1 -10 268.000000 186.000000 445.000000 253.000000 1.564875 1.586244 3.737797 -6.569060 1.848463 19.464458 0.572218 0.967616
Car -1 -1 -10 803.000000 209.000000 1241.000000 377.000000 1.433762 1.629037 4.114249 2.907046 1.776055 5.222109 -1.606326 0.960488
Car -1 -1 -10 402.000000 180.000000 504.000000 226.000000 1.508514 1.590417 3.732610 -6.604045 1.994500 29.135511 -3.045108 0.537630
Car -1 -1 -10 642.000000 185.000000 691.000000 221.000000 1.489523 1.585776 3.789157 2.642848 2.145840 35.710960 -1.595803 0.259774
Car -1 -1 -10 -2.000000 193.000000 191.000000 281.000000 1.536487 1.506517 3.171336 -8.317406 1.637074 11.548524 0.975111 0.161173
Car -1 -1 -10 439.000000 181.000000 521.000000 216.000000 1.519683 1.599091 3.855831 -5.507983 1.977615 38.718883 1.864089 0.139106
Car -1 -1 -10 467.000000 181.000000 540.000000 208.000000 1.544976 1.593225 3.665428 -5.980266 2.288069 46.564059 -2.594660 0.041960
Car -1 -1 -10 129.000000 193.000000 264.000000 252.000000 1.449472 1.586925 3.966468 -9.518243 1.874252 15.954788 1.510505 0.016495
