Pedestrian -1 -1 -10 547.000000 139.000000 581.000000 226.000000 1.819333 0.709443 0.853629 -0.918430 0.976852 15.130870 1.381753 0.997239
Pedestrian -1 -1 -10 712.000000 137.000000 779.000000 332.000000 1.832277 0.719185 0.955840 1.405361 1.412503 7.058623 1.199911 0.996579
Pedestrian -1 -1 -10 587.000000 136.000000 616.000000 223.000000 1.792597 0.648145 1.013326 -0.116513 0.847678 15.410765 1.187602 0.995446
Pedestrian -1 -1 -10 507.000000 141.000000 538.000000 217.000000 1.821614 0.665369 0.950642 -2.002551 0.890933 16.600680 1.381690 0.994561
Pedestrian -1 -1 -10 778.000000 136.000000 850.000000 316.000000 1.790500 0.737464 1.024435 2.205290 1.323759 7.456879 1.273601 0.994355
Pedestrian -1 -1 -10 479.000000 138.000000 503.000000 212.000000 1.805328 0.644756 0.830708 -2.805092 0.770685 17.178573 0.919222 0.915350
Pedestrian -1 -1 -10 571.000000 141.000000 590.000000 207.000000 1.801398 0.631734 0.641821 -0.865188 0.508811 23.884004 1.027248 0.736298
Pedestrian -1 -1 -10 457.000000 147.000000 480.000000 215.000000 1.811614 0.733440 0.875365 -3.406555 0.874858 17.346370 1.280086 0.732397
Pedestrian -1 -1 -10 246.000000 136.000000 280.000000 248.000000 1.799223 0.614540 0.785107 -5.875647 1.130382 12.021908 -0.063491 0.681821
Pedestrian -1 -1 -10 432.000000 142.000000 457.000000 213.000000 1.784981 0.603243 0.635929 -4.158999 0.837850 18.588560 -2.259299 0.472546
Pedestrian -1 -1 -10 678.000000 144.000000 697.000000 202.000000 1.788373 0.641177 0.821323 2.514582 0.673780 21.949833 0.583881 0.396824
Pedestrian -1 -1 -10 260.000000 136.000000 305.000000 239.000000 1.811915 0.648070 0.891072 -5.236201 1.086899 11.709771 0.046432 0.386190
Pedestrian -1 -1 -10 562.000000 142.000000 584.000000 210.000000 1.692560 0.535434 0.765012 -0.658080 0.623093 19.082241 1.025325 0.277345
Pedestrian -1 -1 -10 542.000000 142.000000 567.000000 209.000000 1.869631 0.664583 0.971939 -1.416572 0.872777 18.205237 0.402693 0.262945
Pedestrian -1 -1 -10 521.000000 140.000000 538.000000 186.000000 1.793900 0.566771 0.703816 -3.465377 0.091634 32.769338 2.532757 0.239494
Pedestrian -1 -1 -10 490.000000 140.000000 508.000000 203.000000 1.771412 0.572910 0.560596 -2.717679 0.664754 18.115173 2.393486 0.174344
Cyclist -1 -1 -10 427.000000 143.000000 460.000000 220.000000 1.757377 0.563550 1.695444 -3.783328 0.822169 16.442951 1.918757 0.753630
Cyclist -1 -1 -10 271.000000 135.000000 313.000000 232.000000 1.815309 0.595841 1.410930 -6.101655 1.287537 14.576626 -2.045187 0.476515
Cyclist -1 -1 -10 452.000000 144.000000 480.000000 218.000000 1.747192 0.449154 1.576468 -3.460721 0.809989 17.414443 2.076223 0.398565
Cyclist -1 -1 -10 284.000000 150.000000 351.000000 210.000000 1.720039 0.551458 1.573282 -7.904742 1.250549 19.501972 -1.874393 0.210380
Cyclist -1 -1 -10 333.000000 152.000000 386.000000 198.000000 1.713271 0.417889 1.435559 -5.831880 1.216841 16.962445 -1.203628 0.183172
Cyclist -1 -1 -10 237.000000 137.000000 323.000000 240.000000 1.731498 0.584721 1.800868 -5.647731 1.215911 12.039126 -2.448442 0.145681
Cyclist -1 -1 -10 306.000000 152.000000 370.000000 200.000000 1.751472 0.593947 1.631121 -6.338938 1.350066 16.395331 -2.545687 0.117498
Cyclist -1 -1 -10 520.000000 141.000000 538.000000 183.000000 1.727961 0.655874 1.650092 -3.636890 -0.321124 33.364357 -1.732688 0.081065
Cyclist -1 -1 -10 248.000000 134.000000 282.000000 249.000000 1.765200 0.570625 1.691801 -5.879382 0.813982 11.980490 -1.457877 0.063585
Cyclist -1 -1 -10 544.000000 143.000000 573.000000 208.000000 1.851717 0.478224 1.476038 -1.326034 0.653737 18.475521 1.977551 0.050129
Cyclist -1 -1 -10 509.000000 141.000000 538.000000 212.000000 1.748447 0.526971 1.659801 -2.045539 0.817623 16.901648 1.452568 0.042513
Cyclist -1 -1 -10 450.000000 140.000000 467.000000 207.000000 1.808642 0.569879 1.613127 -3.989664 0.594910 20.029922 -1.311550 0.023749
Cyclist -1 -1 -10 477.000000 139.000000 502.000000 212.000000 1.779060 0.554287 1.742574 -2.867945 0.742181 17.457380 -1.624440 0.012330
Cyclist -1 -1 -10 494.000000 142.000000 508.000000 194.000000 1.648526 0.474322 1.395288 -3.005482 1.103223 19.636017 -1.164388 0.010136
