Pedestrian -1 -1 -10 244.000000 160.000000 337.000000 350.000000 1.783690 0.694109 0.908606 -3.084832 1.560823 6.939327 1.627874 0.997795
Pedestrian -1 -1 -10 627.000000 159.000000 655.000000 241.000000 1.790047 0.700942 0.999626 0.851432 1.315697 16.872828 -2.086200 0.996349
Pedestrian -1 -1 -10 1072.000000 143.000000 1194.000000 372.000000 1.742173 0.651906 0.741442 4.001714 1.469290 5.501497 1.579462 0.995833
Pedestrian -1 -1 -10 808.000000 168.000000 867.000000 345.000000 1.734161 0.582286 0.954110 2.229432 1.530531 7.034156 -1.654504 0.992691
Pedestrian -1 -1 -10 103.000000 163.000000 182.000000 340.000000 1.765510 0.644388 0.896434 -4.663769 1.540452 7.274480 1.533402 0.965333
Pedestrian -1 -1 -10 729.000000 174.000000 770.000000 294.000000 1.802204 0.634257 0.596157 1.927729 1.629743 10.001680 1.314699 0.953726
Pedestrian -1 -1 -10 700.000000 171.000000 740.000000 277.000000 1.774346 0.612179 0.841725 1.870626 1.522239 11.236334 -1.380647 0.937223
Pedestrian -1 -1 -10 794.000000 170.000000 844.000000 323.000000 1.753422 0.609191 0.744762 2.369621 1.504852 8.201833 -1.795629 0.801302
Pedestrian -1 -1 -10 1174.000000 139.000000 1237.000000 371.000000 1.739673 0.597549 0.683693 4.545680 1.475915 5.226709 1.155384 0.587166
Pedestrian -1 -1 -10 747.000000 173.000000 784.000000 287.000000 1.703544 0.536809 0.679971 2.485085 1.511699 10.885103 3.259606 0.573306
Car -1 -1 -10 544.000000 170.000000 597.000000 212.000000 1.564413 1.673881 3.858897 -1.220763 1.138635 28.747859 1.642813 0.999124
Cyclist -1 -1 -10 1177.000000 143.000000 1238.000000 369.000000 1.756593 0.544217 1.732428 4.644366 1.484239 5.346401 -1.383757 0.086424
Cyclist -1 -1 -10 97.000000 166.000000 198.000000 332.000000 1.781178 0.642115 1.803397 -4.742148 1.598563 7.336581 1.065369 0.077527
Cyclist -1 -1 -10 805.000000 169.000000 869.000000 325.000000 1.721007 0.535166 1.753374 2.313840 1.474772 7.189365 -1.195870 0.062115
Cyclist -1 -1 -10 792.000000 167.000000 837.000000 316.000000 1.816400 0.633692 1.602889 2.625309 1.456236 8.832976 1.197384 0.031442
