Pedestrian -1 -1 -10 747.000000 168.000000 772.000000 233.000000 1.769080 0.683738 0.906221 3.803736 1.552446 19.048722 1.306607 0.989604
Pedestrian -1 -1 -10 742.000000 172.000000 761.000000 224.000000 1.866429 0.657823 0.776990 3.758091 1.663416 19.205896 0.143060 0.039427
Car -1 -1 -10 316.000000 187.000000 442.000000 274.000000 1.451670 1.549775 3.703155 -4.268695 1.745960 13.585395 1.480120 0.999490
Car -1 -1 -10 107.000000 180.000000 232.000000 221.000000 1.537393 1.612011 4.061069 -19.073535 1.891414 31.182973 0.016892 0.954859
Car -1 -1 -10 495.000000 174.000000 576.000000 205.000000 1.557719 1.646847 4.070164 -4.125088 1.887227 39.052649 -0.657584 0.954675
Car -1 -1 -10 619.000000 174.000000 702.000000 200.000000 1.564047 1.639782 4.096503 2.757079 1.737816 42.379370 2.752031 0.865289
Car -1 -1 -10 302.000000 174.000000 371.000000 207.000000 1.976787 1.717224 4.178516 -18.499039 2.114461 50.448948 -3.036580 0.077625
Car -1 -1 -10 61.000000 188.000000 165.000000 244.000000 1.514221 1.554017 3.739701 -11.402950 2.185644 19.809650 -1.539205 0.050287
Car -1 -1 -10 318.000000 179.000000 411.000000 207.000000 1.616966 1.642376 3.944281 -17.138941 2.060704 49.975297 0.141238 0.011391
Car -1 -1 -10 98.000000 184.000000 179.000000 227.000000 1.496361 1.601824 3.761973 -18.341367 1.834205 31.843990 -1.549986 0.010545
Cyclist -1 -1 -10 745.000000 168.000000 771.000000 234.000000 1.736017 0.501033 1.680708 3.829091 1.568878 19.086762 1.143050 0.017655
Cyclist -1 -1 -10 793.000000 177.000000 838.000000 205.000000 1.728787 0.479661 1.218202 6.221066 1.525729 22.429281 -0.672249 0.014701
