Car -1 -1 -10 520.000000 173.000000 577.000000 220.000000 1.710465 1.689826 3.977215 -2.377136 1.716719 28.205564 1.560639 0.999188
Car -1 -1 -10 703.000000 180.000000 786.000000 260.000000 1.554476 1.573881 3.331084 2.812290 1.814998 15.973270 -1.534394 0.998944
Car -1 -1 -10 217.000000 183.000000 487.000000 357.000000 1.465463 1.545125 3.598328 -2.730407 1.648597 8.386147 -1.538781 0.998723
Car -1 -1 -10 348.000000 171.000000 472.000000 223.000000 1.505738 1.572380 3.852328 -6.505703 1.527057 22.147092 -3.053793 0.987238
Car -1 -1 -10 684.000000 186.000000 738.000000 241.000000 1.469540 1.589981 3.770103 3.020935 1.857151 20.956755 -1.495902 0.984280
Car -1 -1 -10 558.000000 179.000000 593.000000 210.000000 1.497554 1.601037 3.803538 -1.857255 1.811889 36.038482 -1.506387 0.958244
Car -1 -1 -10 -2.000000 199.000000 117.000000 371.000000 1.506828 1.612659 3.937002 -3.762108 1.345495 2.194320 1.475052 0.412966
Cyclist -1 -1 -10 612.000000 172.000000 626.000000 205.000000 1.772158 0.559197 1.809763 0.533815 1.679178 40.053545 1.419872 0.992762
Cyclist -1 -1 -10 0.000000 205.000000 118.000000 372.000000 1.691551 0.625642 1.709024 -2.504485 1.562456 2.762960 -1.676104 0.013551
Cyclist -1 -1 -10 346.000000 169.000000 474.000000 220.000000 1.705343 0.840590 1.815859 -5.727739 1.536578 21.335816 -3.151970 0.013191
