Pedestrian -1 -1 -10 394.000000 164.000000 441.000000 278.000000 1.729229 0.594229 0.852530 -3.096078 1.532764 11.631106 0.249525 0.996501
Pedestrian -1 -1 -10 977.000000 141.000000 1052.000000 313.000000 1.832827 0.631515 1.108850 4.389702 1.346862 7.826815 -0.024433 0.987470
Pedestrian -1 -1 -10 943.000000 149.000000 998.000000 308.000000 1.763365 0.590897 0.886927 4.300416 1.392624 8.381368 3.117894 0.986445
Pedestrian -1 -1 -10 366.000000 167.000000 404.000000 280.000000 1.713607 0.531974 0.730633 -3.476702 1.586608 10.964562 0.121820 0.879617
Pedestrian -1 -1 -10 372.000000 170.000000 390.000000 203.000000 1.719905 0.599705 0.641276 -16.374524 2.380567 50.016227 -2.429613 0.054363
Pedestrian -1 -1 -10 994.000000 144.000000 1034.000000 258.000000 1.741454 0.569459 0.749765 5.801019 1.170010 9.761572 1.547843 0.034552
Pedestrian -1 -1 -10 999.000000 147.000000 1023.000000 212.000000 1.713319 0.594660 0.630426 10.441572 0.647620 18.381009 -1.581811 0.021597
Car -1 -1 -10 658.000000 169.000000 704.000000 195.000000 1.552170 1.588415 3.860931 4.358700 0.815176 41.452127 -1.821031 0.997651
Car -1 -1 -10 448.000000 173.000000 480.000000 198.000000 1.621720 1.696001 4.044211 -8.705436 1.087179 43.845114 1.465248 0.996906
Car -1 -1 -10 3.000000 206.000000 296.000000 365.000000 1.540715 1.621883 3.836358 -3.242911 1.615572 3.264944 -1.554951 0.973935
Cyclist -1 -1 -10 367.000000 166.000000 405.000000 280.000000 1.723725 0.541923 1.795890 -3.460155 1.563013 11.069626 -1.555847 0.020843
Cyclist -1 -1 -10 946.000000 147.000000 1015.000000 310.000000 1.729316 0.458496 1.749418 4.271528 1.339553 8.265870 -1.465213 0.020039
Cyclist -1 -1 -10 373.000000 170.000000 391.000000 203.000000 1.712979 0.531421 1.608744 -16.476854 2.186390 50.121172 -1.873779 0.017136
