Car -1 -1 -10 724.000000 193.000000 898.000000 306.000000 1.446611 1.552002 3.556949 2.846666 1.767283 11.003577 -1.697911 0.999556
Car -1 -1 -10 660.000000 184.000000 740.000000 242.000000 1.477775 1.650656 4.063624 2.413915 1.818111 20.800681 -1.616030 0.999217
Car -1 -1 -10 1.000000 192.000000 261.000000 325.000000 1.476805 1.542973 3.702772 -6.396284 1.741955 9.498680 0.009311 0.996568
Car -1 -1 -10 222.000000 187.000000 424.000000 251.000000 1.489632 1.593909 3.850122 -6.980602 1.813085 16.341208 -3.091535 0.986796
Car -1 -1 -10 58.000000 196.000000 336.000000 285.000000 1.510673 1.603549 3.909929 -6.760540 1.799778 11.965492 -3.135268 0.937853
Car -1 -1 -10 334.000000 184.000000 492.000000 231.000000 1.503989 1.630377 4.081139 -6.468002 1.962441 24.407965 0.054002 0.931973
Car -1 -1 -10 647.000000 181.000000 695.000000 215.000000 1.480276 1.639508 4.101470 2.688625 1.821206 31.764983 -1.621772 0.807785
Car -1 -1 -10 631.000000 174.000000 662.000000 199.000000 1.573217 1.659424 3.887877 2.549759 1.749663 50.782617 -1.616343 0.332903
Car -1 -1 -10 400.000000 174.000000 484.000000 221.000000 1.531059 1.577518 3.850346 -6.579136 1.939890 25.084138 0.044763 0.181466
Car -1 -1 -10 476.000000 182.000000 539.000000 208.000000 1.523061 1.512614 3.331089 -4.357496 1.758837 44.635983 1.908809 0.093457
Car -1 -1 -10 458.000000 182.000000 516.000000 212.000000 1.589752 1.645313 3.898982 -6.108530 1.830948 35.629866 1.874512 0.063519
