Pedestrian -1 -1 -10 384.000000 177.000000 451.000000 290.000000 1.772546 0.625968 0.783078 -3.233432 1.869406 11.492572 -0.152152 0.015513
Car -1 -1 -10 631.000000 177.000000 667.000000 208.000000 1.502449 1.618545 3.618094 1.972308 1.717918 37.674018 1.527193 0.999600
Car -1 -1 -10 470.000000 182.000000 542.000000 238.000000 1.493731 1.588956 3.818190 -3.058473 1.777443 20.975809 -1.562457 0.999173
Car -1 -1 -10 553.000000 170.000000 580.000000 195.000000 1.584303 1.620806 3.796617 -3.282664 1.431844 56.357887 1.604886 0.998567
Car -1 -1 -10 771.000000 198.000000 1172.000000 376.000000 1.472169 1.578781 3.619972 2.417043 1.675684 5.685718 -1.533685 0.992620
Car -1 -1 -10 356.000000 177.000000 498.000000 284.000000 1.570651 1.667741 3.971707 -3.156326 1.650329 13.084775 1.561195 0.960496
Car -1 -1 -10 0.000000 177.000000 134.000000 356.000000 1.523809 1.617654 4.247596 -7.285326 1.549269 7.014610 -3.149104 0.181461
Car -1 -1 -10 629.000000 171.000000 650.000000 197.000000 1.545778 1.660771 3.635416 2.430272 1.483398 55.766164 -1.560764 0.113492
Car -1 -1 -10 380.000000 175.000000 447.000000 270.000000 1.472100 1.580028 3.915783 -3.269685 1.478939 13.418347 1.717334 0.018192
Cyclist -1 -1 -10 332.000000 171.000000 470.000000 374.000000 1.742159 0.621312 1.759713 -1.563039 1.621005 5.681498 1.643681 0.999739
Cyclist -1 -1 -10 365.000000 171.000000 493.000000 296.000000 1.763259 0.650390 1.857706 -2.826837 1.893414 11.893288 2.276670 0.692370
