Car -1 -1 -10 634.000000 187.000000 674.000000 217.000000 1.465377 1.621842 3.931472 2.045975 2.161982 36.707847 -1.669797 0.998255
Car -1 -1 -10 756.000000 189.000000 930.000000 256.000000 1.592418 1.625786 4.091282 6.043296 1.982956 18.399961 2.974072 0.991494
Car -1 -1 -10 13.000000 194.000000 306.000000 317.000000 1.484837 1.607926 4.202418 -6.687589 1.801684 10.071453 -3.176674 0.991096
Car -1 -1 -10 921.000000 188.000000 1242.000000 328.000000 1.593528 1.627659 3.946507 6.469840 1.777678 9.658462 0.168604 0.985142
Car -1 -1 -10 819.000000 191.000000 1012.000000 278.000000 1.506609 1.550502 3.723988 6.159932 1.865017 14.262108 0.040888 0.984876
Car -1 -1 -10 230.000000 178.000000 426.000000 256.000000 1.573850 1.660791 3.908443 -6.861830 1.895734 17.145262 -3.183896 0.980442
Car -1 -1 -10 729.000000 184.000000 862.000000 243.000000 1.560892 1.566706 3.928577 5.526457 2.047956 21.382452 3.019460 0.967555
Car -1 -1 -10 876.000000 193.000000 1110.000000 298.000000 1.499212 1.575104 3.805098 6.181456 1.798852 10.690580 -0.100829 0.906273
Car -1 -1 -10 -4.000000 190.000000 171.000000 359.000000 1.507912 1.520781 3.381374 -6.113747 1.734146 7.795636 1.498376 0.824292
Car -1 -1 -10 97.000000 189.000000 359.000000 281.000000 1.514797 1.625799 3.984180 -6.722733 1.813203 12.681682 -3.071998 0.788087
Car -1 -1 -10 394.000000 186.000000 509.000000 221.000000 1.465528 1.573073 3.892256 -6.540249 2.047198 31.090277 -0.041858 0.730704
Cyclist -1 -1 -10 526.000000 183.000000 546.000000 223.000000 1.652546 0.524242 1.689873 -3.227874 2.165492 30.979867 1.523407 0.657201
