Pedestrian -1 -1 -10 875.000000 146.000000 968.000000 363.000000 1.765389 0.650241 0.657571 2.526789 1.475114 5.831226 1.572709 0.998605
Pedestrian -1 -1 -10 792.000000 141.000000 875.000000 367.000000 1.790843 0.631742 0.814754 1.932415 1.460631 5.936189 1.477029 0.998301
Pedestrian -1 -1 -10 1065.000000 144.000000 1197.000000 371.000000 1.708850 0.646230 0.891944 3.723979 1.450340 5.100286 1.534533 0.996920
Pedestrian -1 -1 -10 536.000000 146.000000 599.000000 352.000000 1.772087 0.624447 0.825868 -0.441371 1.413733 6.368894 1.012853 0.996421
Pedestrian -1 -1 -10 706.000000 139.000000 768.000000 309.000000 1.788621 0.681988 0.802612 1.477880 1.321308 8.050055 1.710408 0.994940
Pedestrian -1 -1 -10 678.000000 158.000000 730.000000 316.000000 1.768253 0.716178 0.819539 1.137730 1.477352 7.970089 0.658832 0.988356
Pedestrian -1 -1 -10 620.000000 137.000000 677.000000 325.000000 1.784437 0.643803 0.774252 0.422788 1.361151 7.391973 1.065437 0.980400
Pedestrian -1 -1 -10 516.000000 140.000000 552.000000 246.000000 1.809126 0.674302 0.921082 -1.252878 1.103131 12.089153 1.396072 0.967878
Pedestrian -1 -1 -10 773.000000 154.000000 829.000000 312.000000 1.716791 0.527324 0.645872 2.069566 1.331520 7.694530 0.733869 0.942249
Pedestrian -1 -1 -10 585.000000 156.000000 641.000000 334.000000 1.753586 0.670679 0.778615 0.027420 1.436129 7.267262 1.081001 0.913591
Pedestrian -1 -1 -10 688.000000 140.000000 724.000000 213.000000 1.701647 0.626879 0.741642 1.778547 1.055543 12.498990 0.694756 0.843593
Pedestrian -1 -1 -10 648.000000 140.000000 674.000000 201.000000 1.793193 0.654047 0.588879 1.760040 0.503861 22.188470 -2.045178 0.386257
Pedestrian -1 -1 -10 258.000000 135.000000 296.000000 232.000000 1.716888 0.645702 0.761347 -5.483625 0.693918 11.741933 -2.532647 0.352875
Pedestrian -1 -1 -10 1171.000000 133.000000 1222.000000 367.000000 1.756184 0.666329 0.865366 4.294155 1.586712 5.241858 1.175576 0.346692
Pedestrian -1 -1 -10 549.000000 145.000000 565.000000 192.000000 1.766288 0.608108 0.768067 -2.040664 0.410039 28.926544 -2.236216 0.346645
Pedestrian -1 -1 -10 591.000000 146.000000 625.000000 225.000000 1.656029 0.520312 0.452064 0.039017 0.815302 12.045112 0.583670 0.276240
Pedestrian -1 -1 -10 545.000000 148.000000 585.000000 198.000000 1.771253 0.500229 0.676076 -0.234471 0.859688 5.703373 0.014398 0.276183
Pedestrian -1 -1 -10 627.000000 138.000000 668.000000 208.000000 1.719906 0.599706 0.641275 0.715187 0.315691 12.255091 -2.062941 0.220975
Pedestrian -1 -1 -10 305.000000 141.000000 330.000000 217.000000 1.758024 0.621192 0.560064 -6.535634 1.654166 16.332679 -1.497837 0.212465
Cyclist -1 -1 -10 551.000000 146.000000 588.000000 194.000000 1.735158 0.586095 1.757246 -1.483753 0.693851 28.835867 -1.648006 0.574532
Cyclist -1 -1 -10 247.000000 137.000000 306.000000 231.000000 1.763188 0.618886 1.747691 -7.070866 0.691958 15.632314 -2.014717 0.351500
Cyclist -1 -1 -10 298.000000 142.000000 337.000000 219.000000 1.712978 0.531420 1.608745 -7.123766 1.370985 16.871199 -1.954360 0.297038
Cyclist -1 -1 -10 591.000000 148.000000 627.000000 220.000000 1.696489 0.527757 1.601936 -0.020021 0.670098 12.210999 -1.540954 0.186273
Cyclist -1 -1 -10 286.000000 141.000000 320.000000 226.000000 1.740923 0.591670 1.858414 -7.438582 0.879385 17.149083 1.052912 0.140410
Cyclist -1 -1 -10 547.000000 146.000000 568.000000 192.000000 1.725582 0.645621 1.702396 -2.192061 0.220511 29.258498 0.385143 0.134952
Cyclist -1 -1 -10 517.000000 140.000000 553.000000 248.000000 1.791664 0.679974 1.745680 -1.216950 1.075765 12.251817 1.410684 0.115376
Cyclist -1 -1 -10 643.000000 140.000000 674.000000 202.000000 1.747871 0.589191 1.742226 1.597021 0.501997 22.368207 1.677468 0.083606
Cyclist -1 -1 -10 341.000000 152.000000 387.000000 198.000000 1.705722 0.414590 1.468290 -6.261077 1.229735 18.066738 -1.349562 0.072847
Cyclist -1 -1 -10 686.000000 140.000000 733.000000 236.000000 1.702607 0.592632 1.625524 1.744421 0.786720 12.626006 1.106171 0.057886
Cyclist -1 -1 -10 618.000000 147.000000 675.000000 309.000000 1.749720 0.555496 1.702237 0.491930 1.355638 7.479539 1.671823 0.046639
Cyclist -1 -1 -10 540.000000 142.000000 557.000000 196.000000 1.657878 0.510533 1.595612 -1.599283 1.577802 21.392013 -1.660472 0.036728
Cyclist -1 -1 -10 533.000000 139.000000 551.000000 202.000000 1.727181 0.449874 1.498077 -0.908257 0.873603 13.028283 -0.965991 0.032934
Cyclist -1 -1 -10 626.000000 137.000000 665.000000 220.000000 1.666647 0.573335 1.655015 0.613163 0.503958 12.363108 2.174504 0.032624
Cyclist -1 -1 -10 585.000000 153.000000 646.000000 330.000000 1.761170 0.498605 1.659490 0.213007 1.404451 7.297623 0.633200 0.019278
Cyclist -1 -1 -10 1171.000000 133.000000 1222.000000 367.000000 1.679876 0.371687 1.665241 4.251261 1.429418 5.196289 -0.678162 0.012231
