Car -1 -1 -10 297.000000 181.000000 453.000000 274.000000 1.491298 1.631362 4.163239 -4.441035 1.467554 14.139329 -1.550025 0.999642
Car -1 -1 -10 588.000000 175.000000 668.000000 252.000000 1.502073 1.684903 3.863876 0.419179 1.333399 17.342226 -1.530246 0.999491
Car -1 -1 -10 153.000000 181.000000 271.000000 232.000000 1.436398 1.624244 3.914339 -12.351841 1.380322 22.869818 -1.570940 0.992216
Car -1 -1 -10 0.000000 186.000000 206.000000 274.000000 1.452831 1.603876 3.941785 -8.284970 1.494856 11.333790 -1.560705 0.932676
Car -1 -1 -10 -5.000000 206.000000 258.000000 372.000000 1.436653 1.609073 3.934298 -4.544918 1.656481 5.755303 -1.570798 0.929277
Car -1 -1 -10 623.000000 178.000000 667.000000 215.000000 1.475252 1.561876 3.632654 2.053160 1.145850 39.065933 -1.442888 0.264606
Car -1 -1 -10 99.000000 174.000000 166.000000 211.000000 1.475167 1.609400 3.865204 -29.791567 1.321915 45.346516 -1.524858 0.102030
Car -1 -1 -10 619.000000 169.000000 652.000000 198.000000 1.464524 1.619701 3.531534 0.598862 0.971649 10.629050 -0.036250 0.043577
Car -1 -1 -10 295.000000 184.000000 371.000000 220.000000 1.692911 1.727501 4.113164 -12.109435 1.034287 29.842518 -1.893064 0.030137
Car -1 -1 -10 0.000000 191.000000 60.000000 266.000000 1.503644 1.529984 3.433926 -10.706760 1.720669 13.268049 0.338295 0.013342
Car -1 -1 -10 0.000000 194.000000 135.000000 347.000000 1.474834 1.624062 3.791069 -8.667308 1.254397 10.858570 1.534251 0.011216
