Pedestrian -1 -1 -10 244.000000 145.000000 360.000000 375.000000 1.691254 0.582050 0.720037 -1.916522 1.452806 4.517543 2.173711 0.998711
Pedestrian -1 -1 -10 754.000000 155.000000 769.000000 205.000000 1.736958 0.628582 0.757325 5.677258 0.727712 25.724773 -1.266915 0.482075
Pedestrian -1 -1 -10 1067.000000 120.000000 1238.000000 373.000000 1.749854 0.611948 0.746341 2.459980 1.175188 3.469927 3.158457 0.430927
Pedestrian -1 -1 -10 1038.000000 182.000000 1082.000000 309.000000 1.677936 0.547525 0.698565 4.588039 1.544104 7.258704 2.197941 0.402240
Pedestrian -1 -1 -10 111.000000 139.000000 402.000000 370.000000 1.790998 0.632648 0.992876 -2.125950 1.564028 5.101594 2.407101 0.082472
Pedestrian -1 -1 -10 557.000000 162.000000 566.000000 192.000000 1.876734 0.663203 0.722154 -2.639532 0.606769 47.412825 1.459304 0.042465
Pedestrian -1 -1 -10 1029.000000 170.000000 1180.000000 359.000000 1.697399 0.561731 0.606886 4.528617 1.468230 6.723885 -0.450823 0.024631
Pedestrian -1 -1 -10 585.000000 166.000000 596.000000 192.000000 1.780545 0.675551 0.994921 -0.713748 0.955903 46.101079 -0.058783 0.024501
Car -1 -1 -10 84.000000 139.000000 484.000000 375.000000 1.905606 1.742064 4.308403 -2.746183 1.399168 7.556634 1.636049 0.862752
Car -1 -1 -10 397.000000 151.000000 546.000000 264.000000 1.781733 1.587096 3.856006 -2.198608 1.306270 13.991388 1.607207 0.539223
Car -1 -1 -10 212.000000 143.000000 395.000000 371.000000 1.571427 1.626661 3.832957 -2.655175 1.293423 5.973501 -3.428222 0.377889
Cyclist -1 -1 -10 1049.000000 107.000000 1242.000000 371.000000 1.728751 0.562804 1.688058 2.721837 1.122578 3.922657 1.696881 0.123106
Cyclist -1 -1 -10 231.000000 139.000000 361.000000 371.000000 1.675749 0.611068 1.651760 -1.958085 1.421495 4.470436 -2.205836 0.011348
