Pedestrian -1 -1 -10 854.000000 175.000000 940.000000 374.000000 1.671491 0.677381 0.525451 2.315357 1.669998 5.888880 1.949301 0.994752
Pedestrian -1 -1 -10 999.000000 147.000000 1160.000000 379.000000 1.643988 0.589022 0.595360 2.366151 1.340985 3.904559 1.601819 0.927597
Pedestrian -1 -1 -10 888.000000 145.000000 1250.000000 380.000000 1.640154 0.620512 0.783712 2.329707 1.275122 3.936317 -2.039517 0.232467
Pedestrian -1 -1 -10 996.000000 141.000000 1096.000000 318.000000 1.657682 0.520342 0.575902 3.074416 1.231619 5.242658 -1.533414 0.180157
Pedestrian -1 -1 -10 88.000000 193.000000 119.000000 244.000000 1.667881 0.630533 0.836818 -15.566908 2.251241 22.300113 -3.743712 0.108265
Car -1 -1 -10 602.000000 184.000000 630.000000 210.000000 1.512862 1.647574 3.904796 0.313006 2.124496 46.434550 -1.550611 0.998856
Car -1 -1 -10 316.000000 194.000000 396.000000 238.000000 1.497153 1.595693 3.847158 -9.535290 2.347322 27.577338 1.576760 0.996559
Car -1 -1 -10 352.000000 190.000000 405.000000 223.000000 1.501764 1.628345 3.844616 -10.171544 2.280738 29.965800 -1.843047 0.623268
Cyclist -1 -1 -10 882.000000 148.000000 1236.000000 379.000000 1.631534 0.551064 1.663968 2.489642 1.299914 4.065189 2.861112 0.997333
Cyclist -1 -1 -10 958.000000 137.000000 1119.000000 370.000000 1.730661 0.507057 1.704362 2.704650 1.391528 4.490925 2.627427 0.380876
Cyclist -1 -1 -10 851.000000 167.000000 964.000000 375.000000 1.679475 0.549619 1.739045 2.289767 1.608408 5.906998 -1.597776 0.200169
Cyclist -1 -1 -10 890.000000 161.000000 1053.000000 381.000000 1.831871 0.657383 1.794307 2.492418 1.427399 5.605032 0.402666 0.193823
Cyclist -1 -1 -10 1148.000000 184.000000 1234.000000 374.000000 1.652375 0.571270 1.693973 3.295820 1.891105 4.509973 2.161967 0.050498
Cyclist -1 -1 -10 1006.000000 136.000000 1097.000000 318.000000 1.703367 0.518457 1.663692 8.622868 1.127955 14.286845 -0.475786 0.017075
