Pedestrian -1 -1 -10 1092.000000 155.000000 1123.000000 212.000000 1.754071 0.698125 0.643296 22.197183 0.694811 31.663547 -0.468594 0.037901
Pedestrian -1 -1 -10 1114.000000 149.000000 1144.000000 214.000000 1.719905 0.599706 0.641276 16.211087 0.829445 22.050889 -1.499136 0.017708
Car -1 -1 -10 862.000000 171.000000 994.000000 220.000000 1.497707 1.588999 3.763322 9.856691 1.407952 22.414112 3.119153 0.998344
Car -1 -1 -10 1006.000000 159.000000 1188.000000 214.000000 1.531412 1.667736 3.988490 14.924346 1.263144 22.403491 3.184302 0.992028
Car -1 -1 -10 62.000000 184.000000 263.000000 258.000000 1.908410 1.755324 4.246431 -13.239268 2.348420 21.301835 -3.078693 0.780567
Car -1 -1 -10 211.000000 190.000000 309.000000 226.000000 1.493217 1.628914 4.064455 -14.585441 2.240648 30.920304 0.607912 0.313687
Car -1 -1 -10 1.000000 204.000000 86.000000 240.000000 1.536801 1.551409 3.781545 -21.827828 2.967674 27.551468 0.419882 0.234185
Car -1 -1 -10 1182.000000 159.000000 1241.000000 239.000000 1.435587 1.621419 3.950861 13.321178 1.293435 13.793423 0.043641 0.162800
Car -1 -1 -10 54.000000 197.000000 160.000000 235.000000 1.482969 1.534482 3.670799 -20.652798 2.498967 29.836891 1.567359 0.023088
Car -1 -1 -10 271.000000 187.000000 376.000000 217.000000 1.514741 1.586460 3.735672 -13.504479 2.112621 34.966639 0.526050 0.016735
Car -1 -1 -10 1172.000000 161.000000 1237.000000 202.000000 1.539043 1.618680 3.801906 25.339677 1.059947 32.260955 2.729086 0.012998
