Car -1 -1 -10 800.000000 189.000000 1166.000000 367.000000 1.495942 1.644431 4.040669 3.453278 1.669812 7.697974 -1.581998 0.999482
Car -1 -1 -10 465.000000 180.000000 522.000000 220.000000 1.483867 1.523426 3.520072 -4.532727 1.804397 28.684562 1.647625 0.999310
Car -1 -1 -10 233.000000 191.000000 421.000000 289.000000 1.447466 1.605626 4.057825 -4.932807 1.824782 12.669503 1.569689 0.999162
Car -1 -1 -10 5.000000 190.000000 303.000000 373.000000 1.513264 1.653543 3.901478 -4.793039 1.836919 7.539587 1.568127 0.997630
Car -1 -1 -10 743.000000 183.000000 903.000000 282.000000 1.505360 1.613940 3.760845 3.482502 1.714938 12.834029 -1.579901 0.996561
Car -1 -1 -10 693.000000 179.000000 760.000000 228.000000 1.487562 1.604928 3.880648 3.845906 1.771149 23.913157 -1.589926 0.992624
Car -1 -1 -10 717.000000 180.000000 811.000000 248.000000 1.499146 1.607250 3.766238 3.806407 1.771975 18.426188 -1.548727 0.991445
Car -1 -1 -10 497.000000 179.000000 541.000000 213.000000 1.532796 1.598441 3.819389 -4.293496 1.817342 33.337038 1.636477 0.979232
Car -1 -1 -10 1082.000000 205.000000 1244.000000 373.000000 1.515826 1.658562 3.886855 3.555381 1.782810 2.452599 1.605909 0.797902
Car -1 -1 -10 1069.000000 175.000000 1209.000000 232.000000 1.670827 1.658013 3.873571 13.663823 1.461167 18.535908 1.312696 0.203382
Cyclist -1 -1 -10 944.000000 192.000000 1033.000000 229.000000 1.659645 0.793187 1.880507 11.214687 1.759461 22.001397 0.646246 0.042430
Cyclist -1 -1 -10 991.000000 194.000000 1090.000000 228.000000 1.688807 0.831588 1.805404 12.279512 1.790356 20.184510 0.643052 0.031240
Cyclist -1 -1 -10 1068.000000 202.000000 1245.000000 376.000000 1.702747 0.590901 1.813357 3.059489 1.919944 3.107012 -1.550539 0.010781
