Pedestrian -1 -1 -10 885.000000 130.000000 972.000000 370.000000 1.818692 0.638176 0.847824 2.576192 1.419846 5.730556 1.488332 0.998604
Pedestrian -1 -1 -10 681.000000 145.000000 735.000000 282.000000 1.709445 0.588346 0.598257 1.381298 1.238645 9.457984 1.595098 0.998059
Pedestrian -1 -1 -10 785.000000 136.000000 889.000000 373.000000 1.774875 0.673887 0.967833 1.729943 1.531663 5.506826 1.438968 0.997955
Pedestrian -1 -1 -10 645.000000 139.000000 701.000000 273.000000 1.780541 0.697181 0.750940 0.973848 1.219557 9.817719 2.171430 0.995840
Pedestrian -1 -1 -10 486.000000 139.000000 529.000000 273.000000 1.789756 0.742670 1.012590 -1.418875 1.229944 10.017993 0.918513 0.994308
Pedestrian -1 -1 -10 547.000000 139.000000 587.000000 263.000000 1.791901 0.639010 0.813424 -0.664410 1.133409 10.740741 0.989244 0.993286
Pedestrian -1 -1 -10 776.000000 142.000000 818.000000 271.000000 1.741716 0.566031 0.747400 2.566314 1.156209 9.759044 1.314404 0.986818
Pedestrian -1 -1 -10 590.000000 156.000000 630.000000 258.000000 1.755042 0.680699 0.714237 0.066320 1.242013 11.275212 0.554434 0.985163
Pedestrian -1 -1 -10 518.000000 147.000000 555.000000 266.000000 1.773694 0.626850 0.857586 -1.032743 1.268948 10.498354 0.888470 0.984792
Pedestrian -1 -1 -10 605.000000 139.000000 636.000000 239.000000 1.750378 0.594878 0.651906 0.242492 1.053146 11.687603 1.093502 0.931385
Pedestrian -1 -1 -10 463.000000 141.000000 492.000000 225.000000 1.785521 0.678924 0.854358 -2.790312 0.939700 15.363277 1.021700 0.916784
Pedestrian -1 -1 -10 1035.000000 178.000000 1071.000000 257.000000 1.772061 0.618128 0.986509 10.973638 1.767368 17.557216 3.208129 0.864541
Pedestrian -1 -1 -10 837.000000 142.000000 869.000000 236.000000 1.739252 0.539864 0.564124 5.195694 1.643843 15.218011 3.300681 0.829159
Pedestrian -1 -1 -10 625.000000 141.000000 653.000000 219.000000 1.786220 0.651660 0.861264 0.681135 0.792574 16.081711 1.248624 0.822996
Pedestrian -1 -1 -10 574.000000 139.000000 600.000000 218.000000 1.757231 0.592685 0.832629 -0.474379 0.814634 15.854399 1.453083 0.683604
Pedestrian -1 -1 -10 489.000000 138.000000 505.000000 187.000000 1.857786 0.609626 0.938567 -5.660978 -0.025514 36.865357 -1.626805 0.585858
Pedestrian -1 -1 -10 258.000000 135.000000 299.000000 239.000000 1.786981 0.715252 0.949398 -5.498199 1.045896 11.675867 0.617090 0.585634
Pedestrian -1 -1 -10 800.000000 147.000000 877.000000 252.000000 1.746863 0.608929 0.659336 3.460919 1.071364 10.181552 0.887203 0.373104
Cyclist -1 -1 -10 255.000000 139.000000 317.000000 238.000000 1.774923 0.596564 1.745196 -5.361966 1.086415 12.391749 0.138450 0.747342
Cyclist -1 -1 -10 284.000000 144.000000 340.000000 216.000000 1.713798 0.589451 1.614493 -7.836124 1.036060 18.906683 -1.410481 0.570568
Cyclist -1 -1 -10 489.000000 140.000000 523.000000 190.000000 1.750396 0.674977 1.625499 -5.716146 -0.204467 38.943537 -0.753465 0.167460
Cyclist -1 -1 -10 363.000000 144.000000 395.000000 195.000000 1.761039 0.600732 1.625713 -7.826475 0.357348 24.343510 2.373730 0.144586
Cyclist -1 -1 -10 327.000000 151.000000 384.000000 196.000000 1.688133 0.584566 1.572202 -12.012189 -0.103100 33.208906 2.765952 0.082147
Cyclist -1 -1 -10 833.000000 144.000000 868.000000 232.000000 1.712978 0.531420 1.608745 5.611279 1.969447 16.011833 -1.234035 0.065804
Cyclist -1 -1 -10 508.000000 140.000000 529.000000 198.000000 1.680774 0.525767 1.611875 -4.408862 0.758238 36.781542 -1.678258 0.037490
Cyclist -1 -1 -10 534.000000 143.000000 566.000000 214.000000 1.711503 0.473317 1.647838 -1.156775 0.647120 15.814245 -1.690826 0.035433
Cyclist -1 -1 -10 463.000000 142.000000 492.000000 224.000000 1.813821 0.667667 1.801099 -2.751098 0.983412 15.449859 1.353859 0.034148
Cyclist -1 -1 -10 800.000000 147.000000 877.000000 252.000000 1.827276 0.592587 1.525352 3.943602 1.267266 11.269426 -1.867207 0.033964
Cyclist -1 -1 -10 486.000000 136.000000 505.000000 195.000000 1.797664 0.504757 1.754107 -5.755103 -0.137644 36.841788 0.819072 0.027240
Cyclist -1 -1 -10 546.000000 139.000000 586.000000 259.000000 1.836343 0.619684 1.779956 -0.622211 1.183919 10.933734 1.604423 0.020588
Cyclist -1 -1 -10 776.000000 145.000000 825.000000 273.000000 1.788269 0.588127 1.709256 2.696902 1.187030 9.950070 1.724387 0.020020
Cyclist -1 -1 -10 486.000000 142.000000 531.000000 267.000000 1.796222 0.611526 1.721926 -1.349219 1.295337 10.147549 -1.315345 0.017969
Cyclist -1 -1 -10 518.000000 150.000000 559.000000 232.000000 1.799851 0.524916 1.745748 -1.422504 1.119525 15.789539 -1.003282 0.014432
