Pedestrian -1 -1 -10 679.000000 166.000000 690.000000 203.000000 1.734198 0.695751 0.548230 2.590208 1.183860 26.017170 -1.881766 0.170138
Pedestrian -1 -1 -10 690.000000 171.000000 698.000000 198.000000 1.723975 0.658054 0.640214 3.444226 1.126032 29.163199 -1.915454 0.015654
Pedestrian -1 -1 -10 870.000000 176.000000 912.000000 208.000000 1.784279 0.703121 0.913437 12.232276 1.719813 31.925445 -0.845993 0.011533
Pedestrian -1 -1 -10 683.000000 169.000000 699.000000 202.000000 1.802968 0.692294 0.765491 3.256459 1.263802 28.360499 2.981147 0.010054
Car -1 -1 -10 888.000000 169.000000 1021.000000 271.000000 1.552920 1.613261 3.792441 6.102037 1.560901 13.262282 -1.253281 0.999511
Car -1 -1 -10 647.000000 176.000000 739.000000 245.000000 1.514024 1.627267 4.098047 2.098123 1.609203 17.535673 -1.294655 0.999404
Car -1 -1 -10 691.000000 177.000000 772.000000 231.000000 1.484162 1.648614 4.037395 3.742048 1.704670 22.254785 -1.211330 0.995249
Car -1 -1 -10 871.000000 176.000000 913.000000 208.000000 1.427683 1.610711 3.650958 12.851223 1.524919 33.167512 -1.248934 0.851792
Car -1 -1 -10 862.000000 175.000000 897.000000 200.000000 1.578816 1.620569 3.860826 16.766111 1.701770 44.905637 -1.322928 0.038619
Car -1 -1 -10 1164.000000 227.000000 1239.000000 370.000000 1.438282 1.487503 3.027190 7.914772 2.003316 9.850384 1.656703 0.017887
