Pedestrian -1 -1 -10 696.000000 171.000000 703.000000 206.000000 1.730974 0.676385 0.641989 4.891664 1.650720 39.608961 -1.002616 0.028685
Car -1 -1 -10 487.000000 189.000000 549.000000 238.000000 1.489754 1.583209 3.587672 -2.911244 1.982404 22.650726 1.574641 0.999520
Car -1 -1 -10 148.000000 194.000000 464.000000 376.000000 1.493634 1.634228 4.124356 -2.798828 1.789280 7.476716 1.566838 0.999255
Car -1 -1 -10 659.000000 181.000000 727.000000 236.000000 1.552756 1.614889 3.616442 2.458844 1.868203 22.939990 -1.600472 0.999123
Car -1 -1 -10 545.000000 184.000000 576.000000 209.000000 1.592593 1.633799 4.013119 -3.220896 2.346264 47.242260 1.637001 0.998335
Car -1 -1 -10 752.000000 178.000000 957.000000 351.000000 1.659651 1.592557 3.777322 2.838416 1.807072 8.828941 1.549334 0.986490
Car -1 -1 -10 646.000000 181.000000 696.000000 225.000000 1.525962 1.448148 3.139899 2.664263 1.879779 30.223270 -1.622680 0.917603
Car -1 -1 -10 841.000000 213.000000 1235.000000 376.000000 1.504029 1.667955 3.949602 2.401073 1.817305 3.168108 1.557023 0.872151
Car -1 -1 -10 636.000000 177.000000 666.000000 212.000000 1.533273 1.576411 3.522851 1.561625 1.816368 35.051817 2.133825 0.390406
Car -1 -1 -10 806.000000 194.000000 1051.000000 370.000000 1.559628 1.665214 4.026949 2.708137 1.747676 3.377805 1.529147 0.109536
