Pedestrian -1 -1 -10 769.000000 159.000000 830.000000 300.000000 1.780451 0.642156 0.941646 2.539805 1.487901 9.333105 2.908804 0.998462
Pedestrian -1 -1 -10 1026.000000 136.000000 1142.000000 328.000000 1.800080 0.531819 1.073295 4.552381 1.388868 6.769098 -2.440767 0.998425
Pedestrian -1 -1 -10 139.000000 177.000000 238.000000 372.000000 1.705396 0.669477 0.927237 -3.496839 1.674568 6.040505 -3.026674 0.995118
Pedestrian -1 -1 -10 254.000000 182.000000 294.000000 299.000000 1.762707 0.601655 0.826728 -5.208499 1.797769 11.303519 1.123249 0.991182
Pedestrian -1 -1 -10 511.000000 178.000000 529.000000 232.000000 1.764366 0.626797 0.770768 -2.756143 1.669024 23.821829 1.809701 0.975488
Pedestrian -1 -1 -10 346.000000 187.000000 367.000000 251.000000 1.755861 0.595898 0.795461 -6.554145 1.833884 19.163826 -1.876690 0.806829
Pedestrian -1 -1 -10 245.000000 185.000000 277.000000 288.000000 1.724497 0.555895 0.685933 -5.257233 1.691213 11.297719 1.537465 0.751184
Pedestrian -1 -1 -10 165.000000 184.000000 229.000000 316.000000 1.738565 0.680555 0.695287 -3.635843 1.541743 6.147896 -2.265909 0.430141
Pedestrian -1 -1 -10 176.000000 177.000000 216.000000 278.000000 1.678162 0.659690 0.652636 -8.136281 1.310278 14.363943 -3.624437 0.411017
Pedestrian -1 -1 -10 726.000000 187.000000 752.000000 254.000000 1.666768 0.517075 0.502308 2.793411 2.041622 14.921317 1.805099 0.124394
Pedestrian -1 -1 -10 594.000000 174.000000 613.000000 233.000000 1.690410 0.540249 0.719002 -0.035374 1.539232 22.999254 -1.834014 0.114613
Pedestrian -1 -1 -10 142.000000 184.000000 176.000000 304.000000 1.700833 0.509419 0.532073 -8.455205 1.600684 14.059838 0.150662 0.109803
Pedestrian -1 -1 -10 619.000000 175.000000 639.000000 233.000000 1.772841 0.627519 0.805523 0.845252 1.572020 22.798742 -2.608630 0.108222
Pedestrian -1 -1 -10 147.000000 182.000000 205.000000 278.000000 1.756690 0.609529 0.700930 -8.385838 1.286044 14.093906 -1.609392 0.082886
Pedestrian -1 -1 -10 154.000000 182.000000 178.000000 261.000000 1.786481 0.626700 0.791051 -9.820083 1.754996 16.030134 -0.530820 0.030111
Pedestrian -1 -1 -10 768.000000 186.000000 788.000000 247.000000 1.682997 0.566520 0.637163 4.494169 1.271094 17.932951 -0.770694 0.018548
Car -1 -1 -10 359.000000 170.000000 477.000000 260.000000 1.937750 1.787237 4.215542 -4.584760 1.662463 18.408571 1.524189 0.960551
Car -1 -1 -10 432.000000 173.000000 506.000000 236.000000 1.829846 1.636422 4.181415 -4.424243 1.689661 25.276263 1.533339 0.566064
Car -1 -1 -10 0.000000 183.000000 128.000000 372.000000 1.509687 1.598824 3.861908 -3.110519 1.215831 1.592220 1.520232 0.150699
Cyclist -1 -1 -10 173.000000 178.000000 218.000000 272.000000 1.719651 0.625609 1.752301 -8.336380 1.490741 14.602765 -2.109180 0.060089
Cyclist -1 -1 -10 143.000000 182.000000 214.000000 307.000000 1.695474 0.515261 1.640546 -4.656740 1.145972 8.302482 -2.095902 0.025338
