Pedestrian -1 -1 -10 713.000000 162.000000 731.000000 220.000000 1.874904 0.629019 0.954067 3.927203 1.592909 25.330320 -1.519044 0.638424
Pedestrian -1 -1 -10 485.000000 181.000000 506.000000 234.000000 1.666650 0.672390 0.524182 -3.649752 1.951206 22.479180 1.460653 0.246622
Pedestrian -1 -1 -10 239.000000 181.000000 340.000000 353.000000 1.759800 0.707962 0.841246 -3.717488 1.944188 8.394242 1.663619 0.052466
Pedestrian -1 -1 -10 344.000000 186.000000 388.000000 232.000000 1.729395 0.457062 0.690627 -5.112109 1.533286 14.851075 2.707849 0.015807
Car -1 -1 -10 338.000000 196.000000 447.000000 266.000000 1.505484 1.606170 3.999558 -5.458667 2.060275 18.116451 1.579724 0.981258
Car -1 -1 -10 638.000000 182.000000 674.000000 209.000000 1.538320 1.631586 3.738777 2.611719 1.978364 38.749879 -1.497882 0.946987
Car -1 -1 -10 483.000000 185.000000 515.000000 224.000000 1.558839 1.643673 3.825710 -5.424113 2.375446 36.526578 1.496366 0.048439
Car -1 -1 -10 393.000000 198.000000 443.000000 237.000000 1.533273 1.576411 3.522851 -6.194947 2.603196 23.354613 1.817150 0.010689
Cyclist -1 -1 -10 483.000000 179.000000 509.000000 240.000000 1.729738 0.582612 1.730980 -3.583609 2.010802 22.448340 1.511468 0.999490
Cyclist -1 -1 -10 230.000000 186.000000 340.000000 359.000000 1.749306 0.651776 1.809236 -3.560946 1.936212 8.326952 1.529624 0.999482
Cyclist -1 -1 -10 314.000000 180.000000 410.000000 346.000000 1.771068 0.692058 1.777649 -3.041909 1.849188 8.771309 1.648172 0.999040
Cyclist -1 -1 -10 328.000000 191.000000 434.000000 286.000000 1.687109 0.767699 1.762904 -5.278958 2.450797 16.484921 2.319788 0.932611
Cyclist -1 -1 -10 713.000000 163.000000 731.000000 219.000000 1.837525 0.439195 1.734032 3.871485 1.605627 25.497270 -1.411959 0.818567
Cyclist -1 -1 -10 335.000000 187.000000 393.000000 247.000000 1.746262 0.557596 1.430222 -6.452096 1.916890 19.455462 -1.905256 0.037313
Cyclist -1 -1 -10 339.000000 193.000000 364.000000 242.000000 1.708972 0.366006 1.283724 -6.870795 2.303418 18.971896 -1.936357 0.035619
