Car -1 -1 -10 706.000000 176.000000 824.000000 261.000000 1.494646 1.609624 3.938685 2.959778 1.586160 14.663345 -1.567089 0.999261
Car -1 -1 -10 869.000000 149.000000 1112.000000 224.000000 1.586631 1.671196 4.131981 8.366097 1.095685 16.653951 3.143025 0.987654
Car -1 -1 -10 438.000000 181.000000 497.000000 219.000000 1.485317 1.600746 3.851746 -5.903901 1.886576 30.234562 1.592113 0.987116
Car -1 -1 -10 2.000000 209.000000 219.000000 371.000000 1.493675 1.585363 3.706433 -6.149896 1.933373 8.064093 1.560716 0.985954
Car -1 -1 -10 722.000000 161.000000 811.000000 203.000000 1.618474 1.630042 3.724203 9.859635 0.874086 43.553994 0.182988 0.912902
Car -1 -1 -10 312.000000 181.000000 432.000000 255.000000 1.636152 1.659333 4.085350 -6.136665 1.892579 18.799307 -1.483626 0.732948
Car -1 -1 -10 1011.000000 133.000000 1251.000000 267.000000 1.727240 1.622239 3.881701 8.152996 1.146595 10.628438 3.166097 0.719608
Car -1 -1 -10 460.000000 181.000000 510.000000 213.000000 1.527498 1.676155 3.997320 -6.136779 2.000468 35.656309 1.567375 0.515204
Car -1 -1 -10 1131.000000 123.000000 1242.000000 294.000000 1.456824 1.595104 3.892598 7.696183 1.485858 7.700165 3.083885 0.114600
Car -1 -1 -10 480.000000 181.000000 523.000000 206.000000 1.524450 1.612706 3.832711 -5.933956 1.903580 40.806443 1.598491 0.058418
Car -1 -1 -10 734.000000 170.000000 803.000000 223.000000 1.490618 1.589690 3.881483 6.599968 0.821483 23.211177 0.029662 0.020483
Car -1 -1 -10 702.000000 164.000000 766.000000 191.000000 1.572290 1.626910 4.100371 7.455127 1.355999 47.608191 -2.254502 0.020201
Car -1 -1 -10 917.000000 152.000000 971.000000 180.000000 1.680657 1.670365 4.019105 22.504913 0.501097 47.937136 1.785604 0.019486
Car -1 -1 -10 3.000000 209.000000 142.000000 307.000000 1.532689 1.646630 3.770964 -7.106667 2.081971 10.482173 -2.212426 0.014223
Cyclist -1 -1 -10 723.000000 162.000000 812.000000 209.000000 1.707785 0.508551 1.609486 5.511893 0.932246 22.494507 -1.357287 0.013188
