Pedestrian -1 -1 -10 429.000000 175.000000 456.000000 245.000000 1.657469 0.559611 0.788170 -4.113490 1.564429 18.454269 2.484852 0.995742
Pedestrian -1 -1 -10 634.000000 170.000000 667.000000 265.000000 1.800024 0.640290 0.967222 0.849895 1.546013 13.312488 -0.934619 0.994629
Pedestrian -1 -1 -10 406.000000 175.000000 428.000000 240.000000 1.760650 0.644402 0.775852 -4.947011 1.562778 19.237104 1.750539 0.992071
Pedestrian -1 -1 -10 675.000000 171.000000 709.000000 264.000000 1.729941 0.621354 0.853030 1.620817 1.552892 13.257756 -1.497726 0.960051
Pedestrian -1 -1 -10 610.000000 170.000000 640.000000 235.000000 1.802443 0.689168 0.965520 0.607271 1.558880 21.680800 1.491771 0.944548
Pedestrian -1 -1 -10 710.000000 168.000000 735.000000 242.000000 1.778369 0.620141 0.843760 2.928232 1.399032 17.381089 -1.425233 0.866224
Pedestrian -1 -1 -10 743.000000 168.000000 764.000000 233.000000 1.706527 0.567893 0.837381 3.991776 1.443962 19.232917 2.967308 0.824062
Pedestrian -1 -1 -10 692.000000 171.000000 726.000000 246.000000 1.762282 0.624303 0.792069 2.408085 1.494297 16.229972 1.211508 0.647894
Pedestrian -1 -1 -10 25.000000 228.000000 243.000000 372.000000 1.758769 0.933748 0.576066 -2.662617 2.135570 4.087312 1.147911 0.572318
Pedestrian -1 -1 -10 648.000000 171.000000 678.000000 256.000000 1.728316 0.624519 0.791236 1.037204 1.423320 13.285235 -2.026714 0.378279
Pedestrian -1 -1 -10 661.000000 169.000000 696.000000 252.000000 1.761181 0.672345 0.748365 1.606701 1.504171 16.252368 -1.392195 0.275689
Pedestrian -1 -1 -10 121.000000 217.000000 222.000000 368.000000 1.700581 0.528568 0.641529 -4.857776 1.895980 7.952768 -0.428273 0.246416
Pedestrian -1 -1 -10 0.000000 234.000000 26.000000 343.000000 1.686474 0.572892 0.545608 -7.331102 1.788237 8.880278 -2.926324 0.201064
Pedestrian -1 -1 -10 141.000000 178.000000 187.000000 276.000000 1.740962 0.696914 0.592016 -7.524400 1.656311 12.269163 -2.529711 0.136897
Car -1 -1 -10 537.000000 181.000000 575.000000 211.000000 1.555288 1.658141 3.973385 -2.418400 1.467206 38.552167 1.652007 0.998967
Cyclist -1 -1 -10 6.000000 234.000000 242.000000 373.000000 1.682443 0.618917 1.702713 -2.935428 1.942847 4.356775 1.562997 0.670368
Cyclist -1 -1 -10 900.000000 188.000000 1139.000000 371.000000 1.636562 0.582366 1.615792 2.154177 1.830978 3.909033 -0.515908 0.647289
Cyclist -1 -1 -10 112.000000 213.000000 226.000000 364.000000 1.632446 0.660375 1.719139 -3.024467 1.822821 4.237708 1.649392 0.109663
Cyclist -1 -1 -10 133.000000 195.000000 199.000000 313.000000 1.689559 0.645511 1.699555 -7.576248 1.483841 12.297138 -3.135328 0.048051
Cyclist -1 -1 -10 0.000000 226.000000 113.000000 368.000000 1.653967 0.560619 1.758163 -3.028658 1.777070 4.102398 -2.687299 0.047595
Cyclist -1 -1 -10 2.000000 233.000000 39.000000 351.000000 1.696867 0.512254 1.210416 -6.143181 1.688231 7.539890 -2.269427 0.029836
Cyclist -1 -1 -10 165.000000 209.000000 259.000000 312.000000 1.758670 0.497588 1.459700 -4.436684 1.682117 7.459029 -2.177095 0.022483
Cyclist -1 -1 -10 612.000000 170.000000 644.000000 236.000000 1.845544 0.592610 1.789484 0.582905 1.596452 21.745335 1.214554 0.012501
