Pedestrian -1 -1 -10 203.000000 169.000000 230.000000 228.000000 1.799245 0.661476 0.708931 -12.064470 1.560220 21.996467 1.239161 0.455322
Pedestrian -1 -1 -10 1199.000000 184.000000 1241.000000 247.000000 1.749526 0.643885 0.863519 17.585703 2.311747 20.543793 -0.410281 0.013993
Car -1 -1 -10 776.000000 202.000000 1138.000000 373.000000 1.450282 1.631507 4.084970 2.960440 1.795526 7.355580 -1.611010 0.998774
Car -1 -1 -10 657.000000 176.000000 718.000000 230.000000 1.768977 1.706843 4.110170 2.699585 1.986219 26.709585 -1.622635 0.997545
Car -1 -1 -10 377.000000 179.000000 498.000000 231.000000 1.554315 1.627955 3.975461 -6.225533 1.900509 24.378969 0.041026 0.978830
Car -1 -1 -10 300.000000 184.000000 456.000000 241.000000 1.578342 1.625778 3.714467 -5.638144 1.941004 19.073348 0.650725 0.950903
Car -1 -1 -10 415.000000 177.000000 520.000000 219.000000 1.520085 1.555027 3.582128 -6.357069 1.823850 31.028887 -3.147506 0.788077
Car -1 -1 -10 645.000000 181.000000 694.000000 218.000000 1.514043 1.624919 3.890907 2.725829 2.032004 37.787363 -1.585288 0.106087
Car -1 -1 -10 477.000000 178.000000 548.000000 206.000000 1.544291 1.641874 3.986960 -6.318836 2.136203 48.445441 1.481387 0.095550
Car -1 -1 -10 0.000000 184.000000 191.000000 261.000000 1.519385 1.515061 3.401214 -12.301442 1.888032 17.150655 0.403241 0.024478
Car -1 -1 -10 213.000000 190.000000 357.000000 231.000000 1.495045 1.611114 3.911571 -9.202801 1.770283 21.407274 0.533388 0.023884
Car -1 -1 -10 757.000000 207.000000 899.000000 290.000000 1.460627 1.631710 3.908775 4.127794 1.809081 12.781789 -0.654840 0.017702
Cyclist -1 -1 -10 1199.000000 184.000000 1241.000000 247.000000 1.662035 0.573052 1.666381 17.784777 2.155778 20.879903 3.299962 0.050267
Cyclist -1 -1 -10 313.000000 185.000000 443.000000 249.000000 1.723990 0.703250 1.755927 -4.703650 1.988175 15.648771 2.772027 0.014093
