Pedestrian -1 -1 -10 414.000000 180.000000 433.000000 234.000000 1.836510 0.687393 0.722854 -6.096110 2.081064 23.599805 1.418846 0.896890
Pedestrian -1 -1 -10 397.000000 186.000000 409.000000 232.000000 1.777668 0.623714 0.620523 -6.818382 2.157066 23.516968 2.399240 0.038663
Pedestrian -1 -1 -10 412.000000 185.000000 423.000000 229.000000 1.711177 0.627219 0.601034 -6.173342 1.930126 23.600726 -1.287214 0.025339
Pedestrian -1 -1 -10 415.000000 180.000000 430.000000 207.000000 1.722684 0.456971 0.667318 -4.132230 1.605423 15.538834 -0.131430 0.014061
Car -1 -1 -10 719.000000 183.000000 887.000000 299.000000 1.479916 1.581977 3.615955 2.787769 1.679552 11.273187 -1.605969 0.999469
Car -1 -1 -10 375.000000 197.000000 475.000000 264.000000 1.438294 1.570966 3.512407 -4.405557 2.041937 17.355613 -1.606050 0.998874
Car -1 -1 -10 664.000000 182.000000 728.000000 237.000000 1.503247 1.552289 3.441141 2.435444 1.783589 21.445301 -1.565582 0.996738
Car -1 -1 -10 442.000000 182.000000 508.000000 235.000000 1.650795 1.658655 3.939503 -4.799406 2.106133 26.644195 -1.583492 0.990133
Car -1 -1 -10 639.000000 179.000000 673.000000 212.000000 1.616525 1.677776 3.948407 2.283714 2.014508 37.026399 -1.559107 0.954869
Car -1 -1 -10 495.000000 185.000000 533.000000 215.000000 1.568197 1.576516 3.773057 -5.344292 2.282689 40.506024 1.568543 0.695408
