Pedestrian -1 -1 -10 877.000000 187.000000 908.000000 283.000000 1.712877 0.632201 0.615648 4.365668 1.523508 11.300222 -0.644074 0.559556
Car -1 -1 -10 715.000000 175.000000 903.000000 311.000000 1.582268 1.623711 3.736058 2.572631 1.668873 10.431767 -1.585157 0.998978
Car -1 -1 -10 523.000000 175.000000 567.000000 210.000000 1.595049 1.666797 3.698188 -3.064986 1.745566 34.104427 1.573153 0.998940
Car -1 -1 -10 312.000000 187.000000 489.000000 315.000000 1.497253 1.534994 3.525034 -2.715238 1.690557 10.081604 1.584012 0.995215
Car -1 -1 -10 662.000000 169.000000 746.000000 239.000000 1.680212 1.637992 4.021541 2.571079 1.608340 20.316313 -1.592276 0.990376
Car -1 -1 -10 688.000000 180.000000 778.000000 263.000000 1.476944 1.580193 3.744858 2.581329 1.709014 15.203862 -1.546373 0.988160
Car -1 -1 -10 649.000000 167.000000 699.000000 212.000000 1.796881 1.676346 4.028594 2.770851 1.637943 34.555439 -1.609576 0.950826
Car -1 -1 -10 638.000000 169.000000 679.000000 205.000000 1.551764 1.544932 3.768319 2.589191 1.489785 36.366948 -1.605602 0.112072
Car -1 -1 -10 431.000000 191.000000 482.000000 236.000000 1.457991 1.467324 2.972780 -2.769074 1.627980 12.856123 0.725889 0.019706
Car -1 -1 -10 789.000000 188.000000 918.000000 283.000000 1.569347 1.581606 3.692000 5.335784 1.615531 13.056760 1.255659 0.015307
Car -1 -1 -10 636.000000 175.000000 662.000000 201.000000 1.526737 1.620163 3.799068 2.595370 1.627661 42.054391 1.509504 0.013852
Car -1 -1 -10 361.000000 192.000000 481.000000 263.000000 1.481406 1.581325 3.850452 -5.475208 1.539100 15.620248 1.538652 0.010769
Cyclist -1 -1 -10 873.000000 186.000000 912.000000 282.000000 1.708522 0.557739 1.754546 4.503310 1.635216 11.668609 -1.210978 0.840742
