Pedestrian -1 -1 -10 654.000000 137.000000 702.000000 271.000000 1.773313 0.697692 0.873343 0.998540 1.204445 10.073877 1.194084 0.997176
Pedestrian -1 -1 -10 524.000000 142.000000 553.000000 213.000000 1.819184 0.669264 1.067230 -1.743931 0.868285 18.079479 1.277112 0.994351
Pedestrian -1 -1 -10 583.000000 134.000000 631.000000 281.000000 1.804793 0.670066 0.979877 0.010729 1.178217 9.818103 1.028824 0.993612
Pedestrian -1 -1 -10 603.000000 139.000000 649.000000 278.000000 1.805119 0.648013 1.061058 0.282062 1.210478 9.995831 1.083494 0.990725
Pedestrian -1 -1 -10 550.000000 139.000000 575.000000 211.000000 1.775250 0.634264 0.872137 -1.144216 0.709634 18.284518 1.393382 0.987368
Pedestrian -1 -1 -10 486.000000 145.000000 510.000000 210.000000 1.806131 0.605186 0.882975 -2.862431 0.785910 18.491591 1.000039 0.974961
Pedestrian -1 -1 -10 1038.000000 176.000000 1198.000000 365.000000 1.722536 0.632735 0.751853 2.576161 1.576889 3.558553 1.196146 0.963358
Pedestrian -1 -1 -10 465.000000 139.000000 488.000000 208.000000 1.839464 0.673283 0.932627 -3.508974 0.785408 19.078551 0.939842 0.861290
Pedestrian -1 -1 -10 476.000000 142.000000 502.000000 208.000000 1.808996 0.614350 0.878221 -3.256481 0.724695 19.083094 2.407660 0.608607
Pedestrian -1 -1 -10 517.000000 143.000000 540.000000 203.000000 1.780958 0.610782 0.726899 -2.317378 0.705519 19.582791 1.453001 0.557962
Pedestrian -1 -1 -10 402.000000 142.000000 429.000000 207.000000 1.710754 0.641949 0.836759 -5.012386 0.688194 18.464311 1.189324 0.506239
Pedestrian -1 -1 -10 241.000000 141.000000 302.000000 258.000000 1.835342 0.669925 0.999519 -5.698704 1.167100 11.922892 2.186661 0.453196
Pedestrian -1 -1 -10 1120.000000 165.000000 1217.000000 364.000000 1.698281 0.563078 0.673722 2.800737 1.530509 3.633762 1.229020 0.442622
Pedestrian -1 -1 -10 542.000000 140.000000 562.000000 188.000000 1.793314 0.655205 0.821395 -2.101625 0.311217 26.480153 0.374612 0.272471
Pedestrian -1 -1 -10 433.000000 145.000000 457.000000 213.000000 1.700269 0.647835 0.740966 -4.208258 0.758696 18.840748 1.317499 0.250139
Pedestrian -1 -1 -10 510.000000 142.000000 527.000000 197.000000 1.798662 0.656188 0.735383 -2.848524 0.501847 22.074355 2.437000 0.223814
Pedestrian -1 -1 -10 1078.000000 177.000000 1156.000000 289.000000 1.717541 0.546800 0.608423 3.166963 1.447197 4.528940 3.179857 0.218925
Pedestrian -1 -1 -10 496.000000 141.000000 514.000000 197.000000 1.787777 0.679495 0.695830 -3.033066 0.632823 22.374337 1.461276 0.181388
Cyclist -1 -1 -10 249.000000 145.000000 334.000000 248.000000 1.731593 0.551259 1.740338 -5.459307 1.109675 11.757044 -2.498816 0.565884
Cyclist -1 -1 -10 433.000000 145.000000 462.000000 225.000000 1.669003 0.555720 1.716060 -4.267658 0.750997 19.114507 -1.697306 0.308901
Cyclist -1 -1 -10 326.000000 151.000000 380.000000 199.000000 1.723509 0.442958 1.466655 -5.160659 1.018528 15.030989 -1.206990 0.196274
Cyclist -1 -1 -10 399.000000 142.000000 430.000000 209.000000 1.679638 0.578337 1.630834 -5.071953 0.612844 18.623317 0.666331 0.182924
Cyclist -1 -1 -10 587.000000 142.000000 612.000000 189.000000 1.655265 0.515917 1.618247 -0.042429 1.298018 18.946725 -1.592865 0.141018
Cyclist -1 -1 -10 251.000000 135.000000 293.000000 262.000000 1.783044 0.488772 1.782233 -5.563117 1.080033 11.857100 2.140548 0.073750
Cyclist -1 -1 -10 585.000000 138.000000 630.000000 268.000000 1.797273 0.486400 1.690882 0.076192 1.219310 9.854566 -1.205306 0.061684
Cyclist -1 -1 -10 430.000000 142.000000 451.000000 213.000000 1.780070 0.624690 1.628270 -5.085978 0.538154 22.122446 1.939840 0.041161
Cyclist -1 -1 -10 1087.000000 169.000000 1215.000000 367.000000 1.625533 0.567217 1.643508 2.710342 1.362507 3.512148 1.135266 0.040632
Cyclist -1 -1 -10 464.000000 142.000000 488.000000 206.000000 1.785511 0.557223 1.726164 -3.552082 0.745745 19.483251 1.343100 0.014764
Cyclist -1 -1 -10 550.000000 139.000000 576.000000 210.000000 1.812409 0.629640 1.801477 -1.162878 0.753417 18.351186 1.465668 0.014102
Cyclist -1 -1 -10 536.000000 140.000000 559.000000 195.000000 1.724089 0.530896 1.685216 -2.103504 0.224521 26.345274 -1.198559 0.010386
