Pedestrian -1 -1 -10 681.000000 156.000000 720.000000 246.000000 1.719608 0.641809 0.875857 1.806635 1.197235 13.794185 1.186905 0.996942
Pedestrian -1 -1 -10 40.000000 186.000000 98.000000 319.000000 1.786814 0.652090 0.856308 -7.920742 1.784427 10.423194 -2.715283 0.869228
Pedestrian -1 -1 -10 368.000000 172.000000 388.000000 225.000000 1.706508 0.663136 0.942128 -7.404678 1.358382 23.615563 -1.971997 0.847166
Pedestrian -1 -1 -10 2.000000 183.000000 34.000000 320.000000 1.788490 0.544439 0.776298 -8.914338 1.740859 10.990925 -0.251727 0.086346
Pedestrian -1 -1 -10 428.000000 161.000000 438.000000 197.000000 1.797182 0.564117 0.808848 -12.891804 0.545504 53.789155 2.327927 0.073252
Pedestrian -1 -1 -10 17.000000 184.000000 121.000000 350.000000 1.722850 0.619122 0.648815 -3.765608 1.611350 5.075841 -1.830205 0.064740
Pedestrian -1 -1 -10 8.000000 165.000000 293.000000 376.000000 1.662539 0.789021 0.530793 -2.609751 1.535718 4.147899 1.445444 0.045857
Pedestrian -1 -1 -10 495.000000 170.000000 512.000000 220.000000 1.728110 0.566821 0.781664 -3.588738 1.234896 25.808329 -1.761692 0.033240
Pedestrian -1 -1 -10 49.000000 194.000000 136.000000 282.000000 1.766853 0.799995 0.691452 -7.905854 1.672790 11.080605 1.001200 0.018656
Pedestrian -1 -1 -10 458.000000 171.000000 467.000000 203.000000 1.842438 0.682917 0.742597 -8.101601 1.356328 41.601846 -3.325982 0.017013
Pedestrian -1 -1 -10 433.000000 170.000000 441.000000 196.000000 1.757890 0.571681 0.853920 -12.019542 1.478412 52.519309 -1.366173 0.011650
Car -1 -1 -10 5.000000 180.000000 321.000000 368.000000 1.550136 1.606369 3.909183 -4.412970 1.555598 7.482231 1.475938 0.315347
Car -1 -1 -10 6.000000 180.000000 126.000000 361.000000 1.497996 1.601904 3.921734 -2.742086 1.382227 5.664703 -2.115675 0.039301
Car -1 -1 -10 1.000000 181.000000 37.000000 343.000000 1.414694 1.423138 2.691299 -7.743777 1.704765 9.432406 0.267937 0.010215
Cyclist -1 -1 -10 23.000000 165.000000 281.000000 376.000000 1.654036 0.584439 1.651551 -2.583790 1.474432 4.083309 1.549107 0.997375
Cyclist -1 -1 -10 7.000000 175.000000 155.000000 369.000000 1.637828 0.603213 1.743719 -2.501157 1.378895 4.026137 0.374647 0.059000
Cyclist -1 -1 -10 43.000000 187.000000 108.000000 311.000000 1.741767 0.513642 1.647804 -3.294523 1.609137 4.306812 -2.185359 0.041252
Cyclist -1 -1 -10 367.000000 172.000000 388.000000 225.000000 1.788837 0.582538 1.739141 -7.476706 1.425161 23.711203 -1.984782 0.014991
Cyclist -1 -1 -10 2.000000 183.000000 34.000000 320.000000 1.795645 0.529241 1.761494 -9.197601 1.647848 11.189782 -2.318851 0.014648
Cyclist -1 -1 -10 68.000000 191.000000 119.000000 285.000000 1.740503 0.757842 1.620423 -6.821276 1.390837 8.947948 2.506030 0.012661
