Car -1 -1 -10 667.000000 188.000000 745.000000 241.000000 1.437627 1.592243 3.641339 2.774284 1.910169 21.601566 -1.689931 0.998943
Car -1 -1 -10 14.000000 190.000000 313.000000 308.000000 1.546748 1.646364 3.861808 -6.954283 1.816485 10.366836 -3.118995 0.992431
Car -1 -1 -10 245.000000 191.000000 439.000000 254.000000 1.446945 1.612923 3.972147 -6.547499 1.905194 17.471147 -3.121597 0.989095
Car -1 -1 -10 967.000000 193.000000 1239.000000 334.000000 1.498465 1.571403 3.752728 6.595475 1.777029 9.326779 -2.083894 0.981034
Car -1 -1 -10 313.000000 186.000000 481.000000 236.000000 1.485651 1.577126 4.045485 -6.747135 1.952129 23.301342 -3.044255 0.977256
Car -1 -1 -10 642.000000 184.000000 691.000000 221.000000 1.460326 1.612332 3.947140 2.362731 2.031582 31.223157 -1.615643 0.975010
Car -1 -1 -10 429.000000 186.000000 523.000000 218.000000 1.612339 1.641359 4.018939 -6.632535 2.358613 35.511269 -3.076952 0.593324
Car -1 -1 -10 133.000000 194.000000 342.000000 283.000000 1.498621 1.584038 3.740234 -6.737075 1.826212 12.677994 -3.100896 0.533556
Car -1 -1 -10 4.000000 165.000000 194.000000 346.000000 1.467015 1.611627 3.697448 -4.755080 1.389642 4.630739 1.618672 0.335517
Car -1 -1 -10 382.000000 185.000000 506.000000 226.000000 1.604150 1.603775 3.822351 -6.732694 2.029726 29.160047 -3.175476 0.175282
