Car -1 -1 -10 73.000000 187.000000 412.000000 286.000000 1.488572 1.678035 4.285446 -5.910290 1.765250 11.675960 0.059937 0.999537
Car -1 -1 -10 748.000000 189.000000 1093.000000 374.000000 1.475542 1.632602 4.115530 2.785929 1.698381 7.764324 -1.594188 0.999477
Car -1 -1 -10 691.000000 183.000000 785.000000 240.000000 1.389336 1.602619 3.965764 3.213082 1.643970 18.593105 -1.597805 0.998694
Car -1 -1 -10 657.000000 172.000000 698.000000 206.000000 1.571618 1.665359 3.921009 3.570775 1.656087 37.861987 -1.586078 0.993647
Car -1 -1 -10 449.000000 173.000000 535.000000 208.000000 1.500741 1.608691 4.093745 -6.200025 1.430087 33.016735 -3.108789 0.937374
Car -1 -1 -10 221.000000 174.000000 407.000000 249.000000 1.697337 1.629617 3.810960 -6.171066 1.646108 16.682487 -3.076434 0.907952
Car -1 -1 -10 0.000000 209.000000 109.000000 374.000000 1.515506 1.586795 3.978648 -6.614094 1.762512 6.219366 0.027454 0.696692
Car -1 -1 -10 418.000000 178.000000 524.000000 219.000000 1.476055 1.547370 3.689386 -4.837917 1.737385 28.577855 0.758202 0.452047
Car -1 -1 -10 479.000000 172.000000 555.000000 202.000000 1.519548 1.579701 3.732866 -5.710889 1.622532 42.759284 -3.130781 0.441687
Car -1 -1 -10 374.000000 178.000000 479.000000 232.000000 1.534774 1.629968 3.969407 -5.318429 1.750028 22.710812 -1.779676 0.230551
