Pedestrian -1 -1 -10 43.000000 161.000000 97.000000 315.000000 1.731365 0.547336 0.570503 -5.513149 1.624720 7.168318 1.915125 0.254531
Pedestrian -1 -1 -10 10.000000 175.000000 114.000000 291.000000 1.764962 0.692955 0.787615 -12.358282 1.990765 15.822423 -2.603435 0.026284
Pedestrian -1 -1 -10 700.000000 173.000000 732.000000 208.000000 1.746431 0.650476 0.667981 4.229067 1.452370 28.287345 2.737651 0.025323
Car -1 -1 -10 675.000000 175.000000 817.000000 270.000000 1.481777 1.607493 3.827920 2.158795 1.510084 12.606830 -1.619952 0.999591
Car -1 -1 -10 633.000000 172.000000 704.000000 221.000000 1.556684 1.656318 4.027081 1.976201 1.550112 25.286204 -1.672392 0.997785
Car -1 -1 -10 485.000000 172.000000 539.000000 223.000000 1.575790 1.643051 3.670569 -3.510935 1.663194 26.031697 -1.646992 0.997761
Car -1 -1 -10 84.000000 186.000000 283.000000 260.000000 1.474326 1.571659 3.722580 -9.198569 1.807756 16.177626 -3.155309 0.995300
Car -1 -1 -10 -4.000000 203.000000 261.000000 372.000000 1.490865 1.652817 3.926016 -3.509710 1.674479 3.771329 -1.677316 0.983509
Car -1 -1 -10 528.000000 176.000000 553.000000 205.000000 1.524915 1.622738 3.719943 -3.968087 1.804546 40.003640 -1.599686 0.587161
Car -1 -1 -10 623.000000 173.000000 673.000000 209.000000 1.559476 1.618438 3.931921 1.558758 1.576459 31.564651 -1.626401 0.521455
Car -1 -1 -10 617.000000 169.000000 656.000000 202.000000 1.750315 1.681544 3.819804 1.652139 1.749563 41.325668 -1.537698 0.480196
Car -1 -1 -10 6.000000 180.000000 168.000000 329.000000 1.422589 1.545845 3.728909 -7.956653 1.799491 9.491057 0.334278 0.146554
Car -1 -1 -10 18.000000 174.000000 118.000000 283.000000 1.497121 1.543856 3.654337 -12.796954 1.967367 16.157456 0.246805 0.070333
Car -1 -1 -10 610.000000 169.000000 640.000000 196.000000 1.576519 1.645312 3.906834 2.022585 1.012027 51.816289 -0.911289 0.054535
Car -1 -1 -10 506.000000 174.000000 544.000000 208.000000 1.454586 1.486016 3.014522 -2.989420 1.685209 24.009454 0.877875 0.034700
Cyclist -1 -1 -10 25.000000 163.000000 107.000000 294.000000 1.700857 0.571592 1.691857 -12.355657 1.734893 15.944980 -1.637598 0.045007
Cyclist -1 -1 -10 701.000000 173.000000 731.000000 208.000000 1.713713 0.588509 1.425645 4.283034 1.306649 28.705100 0.260315 0.043723
