Pedestrian -1 -1 -10 658.000000 162.000000 698.000000 274.000000 1.793060 0.561232 0.961280 1.205162 1.467541 11.397932 -2.377883 0.998250
Pedestrian -1 -1 -10 560.000000 161.000000 611.000000 309.000000 1.713439 0.609077 0.875655 -0.273626 1.531889 8.689414 -1.928928 0.997379
Pedestrian -1 -1 -10 926.000000 151.000000 1075.000000 374.000000 1.642149 0.601973 0.807746 2.387010 1.436071 4.426352 -1.549707 0.996768
Pedestrian -1 -1 -10 737.000000 168.000000 801.000000 338.000000 1.793166 0.580566 1.110769 1.593694 1.588484 7.089994 -2.314812 0.994163
Pedestrian -1 -1 -10 771.000000 163.000000 827.000000 329.000000 1.739615 0.579785 0.689329 2.114751 1.576552 7.877570 3.377447 0.982993
Pedestrian -1 -1 -10 891.000000 160.000000 964.000000 373.000000 1.800051 0.662288 0.702174 2.629913 1.549376 5.858351 -1.661943 0.968792
Pedestrian -1 -1 -10 701.000000 166.000000 744.000000 267.000000 1.792730 0.661593 1.121286 2.082495 1.488908 12.371115 -2.417719 0.960975
Pedestrian -1 -1 -10 792.000000 161.000000 835.000000 297.000000 1.719739 0.590833 0.661118 2.791423 1.427539 9.328453 -1.429506 0.932050
Pedestrian -1 -1 -10 613.000000 167.000000 638.000000 218.000000 1.775994 0.591203 1.048080 0.689885 1.261708 23.434090 -2.078958 0.696644
Pedestrian -1 -1 -10 575.000000 164.000000 600.000000 226.000000 1.775207 0.628360 0.669079 -0.714822 0.550695 45.310240 -1.617879 0.274257
Pedestrian -1 -1 -10 656.000000 164.000000 674.000000 219.000000 1.796038 0.606782 0.878024 2.133913 1.176333 25.732020 -0.578364 0.256212
Pedestrian -1 -1 -10 517.000000 167.000000 527.000000 199.000000 1.742155 0.745458 0.754462 -4.176764 0.421339 38.098439 -1.123380 0.162725
Pedestrian -1 -1 -10 406.000000 157.000000 458.000000 259.000000 1.780981 0.683784 0.934398 -3.146735 1.377181 13.431769 1.293283 0.144985
Pedestrian -1 -1 -10 734.000000 171.000000 774.000000 282.000000 1.688807 0.660949 0.690673 2.114731 1.337223 9.364734 -1.206658 0.137988
Car -1 -1 -10 490.000000 173.000000 569.000000 233.000000 1.539600 1.650043 3.892559 -1.945365 1.325503 20.129522 1.628958 0.998930
Car -1 -1 -10 516.000000 173.000000 569.000000 211.000000 1.517502 1.575562 3.858806 -1.726040 1.308949 21.488620 -1.556360 0.010941
Cyclist -1 -1 -10 403.000000 158.000000 463.000000 261.000000 1.761399 0.604474 1.767884 -3.157950 1.328943 13.437973 0.846847 0.970704
Cyclist -1 -1 -10 732.000000 169.000000 770.000000 262.000000 1.741364 0.662663 1.669595 2.452721 1.428773 12.287619 2.358824 0.053954
Cyclist -1 -1 -10 572.000000 165.000000 602.000000 226.000000 1.699372 0.602227 1.744973 -0.788471 0.456848 45.269237 1.421289 0.047998
Cyclist -1 -1 -10 570.000000 166.000000 586.000000 212.000000 1.768502 0.627185 1.524715 -1.331623 0.877345 48.816409 1.003294 0.036635
Cyclist -1 -1 -10 564.000000 163.000000 609.000000 299.000000 1.763175 0.549273 1.671218 -0.247076 1.545931 8.776885 -1.585359 0.030003
Cyclist -1 -1 -10 705.000000 166.000000 748.000000 271.000000 1.740850 0.608845 1.777707 2.046119 1.400080 12.416134 0.684460 0.023149
Cyclist -1 -1 -10 114.000000 211.000000 331.000000 371.000000 1.676129 0.574099 1.684131 -2.786644 1.629424 5.817596 -0.505424 0.020129
Cyclist -1 -1 -10 937.000000 159.000000 1043.000000 332.000000 1.644222 0.607651 1.619919 2.343090 1.317943 4.426222 -0.545844 0.011961
Cyclist -1 -1 -10 656.000000 164.000000 674.000000 219.000000 1.812681 0.512565 1.725273 2.048491 1.244790 26.033683 -1.421863 0.011417
