Car -1 -1 -10 634.000000 177.000000 706.000000 230.000000 1.426671 1.606052 3.914693 1.798286 1.604741 22.204699 -1.652802 0.999234
Car -1 -1 -10 616.000000 172.000000 654.000000 204.000000 1.524112 1.594968 3.686198 1.325002 1.650859 37.354494 1.491409 0.964314
Car -1 -1 -10 885.000000 159.000000 1238.000000 369.000000 1.603919 1.670082 4.064196 5.492272 1.564683 7.487593 0.207893 0.921692
Car -1 -1 -10 185.000000 182.000000 428.000000 249.000000 1.501578 1.640099 4.165334 -7.012831 1.647532 16.547477 -0.019623 0.878726
Car -1 -1 -10 426.000000 178.000000 496.000000 211.000000 1.481731 1.644937 3.814332 -6.792739 1.856849 34.298607 -3.259486 0.649467
Car -1 -1 -10 306.000000 181.000000 437.000000 238.000000 1.443649 1.555754 3.847329 -6.682336 1.711032 19.174564 -3.070207 0.532325
Car -1 -1 -10 405.000000 181.000000 472.000000 213.000000 1.532954 1.598068 3.683392 -7.662327 1.434841 30.814615 1.717510 0.039999
Car -1 -1 -10 1203.000000 266.000000 1240.000000 373.000000 1.526281 1.571837 3.714540 4.896734 1.861211 3.720625 3.084925 0.033027
Car -1 -1 -10 252.000000 183.000000 379.000000 241.000000 1.517172 1.436517 2.927189 -8.211140 1.547038 22.158669 1.768547 0.014707
Car -1 -1 -10 912.000000 162.000000 1180.000000 281.000000 1.615115 1.617630 3.850904 5.562962 1.505172 9.174384 -0.047668 0.012769
Cyclist -1 -1 -10 343.000000 176.000000 423.000000 304.000000 1.680190 0.564167 1.714809 -3.253320 1.766436 10.362631 1.471176 0.999326
Cyclist -1 -1 -10 295.000000 180.000000 432.000000 252.000000 1.709825 0.694047 1.749033 -5.592030 1.682596 16.750787 2.685577 0.147038
