Car -1 -1 -10 20.000000 203.000000 292.000000 331.000000 1.483566 1.598623 3.757197 -6.204338 1.946178 10.335130 1.582134 0.999581
Car -1 -1 -10 690.000000 179.000000 790.000000 250.000000 1.524196 1.624016 3.984769 2.897089 1.650799 17.056454 -1.573484 0.998664
Car -1 -1 -10 449.000000 182.000000 502.000000 217.000000 1.524681 1.609073 3.856584 -6.039636 1.993313 32.548736 1.584879 0.993744
Car -1 -1 -10 827.000000 155.000000 1049.000000 220.000000 1.543184 1.666003 4.195968 7.990291 1.125547 19.125193 3.198706 0.967454
Car -1 -1 -10 343.000000 182.000000 449.000000 245.000000 1.551732 1.639952 4.062597 -6.222445 1.920227 20.931746 -1.454069 0.920272
Car -1 -1 -10 1025.000000 146.000000 1236.000000 264.000000 1.560769 1.621427 4.086870 8.407762 1.333679 10.859446 0.401290 0.823547
Car -1 -1 -10 704.000000 163.000000 788.000000 203.000000 1.597515 1.655108 4.028642 9.112746 1.402935 45.180619 -2.951868 0.737061
Car -1 -1 -10 473.000000 183.000000 513.000000 211.000000 1.521511 1.596993 3.793043 -6.033678 1.992716 38.119134 1.604181 0.414573
Car -1 -1 -10 918.000000 155.000000 1199.000000 240.000000 1.492462 1.550777 3.851702 8.003551 1.235232 13.528838 2.704600 0.247506
Car -1 -1 -10 307.000000 200.000000 399.000000 256.000000 1.461046 1.556165 3.778457 -6.144987 1.989219 18.345398 1.702033 0.111784
Car -1 -1 -10 486.000000 181.000000 525.000000 207.000000 1.510262 1.607177 3.901594 -5.980513 2.020801 43.032615 1.609872 0.042275
Car -1 -1 -10 2.000000 234.000000 60.000000 351.000000 1.518356 1.579505 3.714526 -7.645108 2.031548 10.141104 -2.337541 0.026972
Cyclist -1 -1 -10 693.000000 178.000000 790.000000 247.000000 1.739064 0.859655 1.776900 2.797737 1.696266 15.359648 0.262622 0.018324
