Car -1 -1 -10 615.000000 198.000000 700.000000 259.000000 1.485809 1.577152 3.609438 1.243031 2.169205 19.891242 -1.741722 0.998752
Car -1 -1 -10 681.000000 190.000000 774.000000 226.000000 1.521682 1.589592 3.974541 4.927813 2.208129 31.242525 -0.711507 0.995565
Car -1 -1 -10 745.000000 188.000000 832.000000 221.000000 1.496910 1.610424 4.131771 8.754608 2.321848 34.469027 -0.716057 0.995540
Car -1 -1 -10 553.000000 192.000000 632.000000 226.000000 1.520104 1.565097 3.878439 -0.738034 2.562550 35.334323 2.480196 0.988639
Car -1 -1 -10 812.000000 195.000000 1241.000000 373.000000 1.606738 1.595752 3.571440 2.868323 1.748079 5.254005 -1.663962 0.979655
Car -1 -1 -10 809.000000 189.000000 876.000000 218.000000 1.473528 1.568213 3.688762 12.299588 2.391943 37.250104 -0.653063 0.806672
Car -1 -1 -10 854.000000 183.000000 926.000000 216.000000 1.664513 1.627836 3.696733 15.538547 2.282450 39.899932 -0.712153 0.066967
Car -1 -1 -10 953.000000 192.000000 1211.000000 300.000000 1.518722 1.582258 3.753157 1.738007 1.361860 4.211229 2.723799 0.038563
Car -1 -1 -10 663.000000 193.000000 716.000000 223.000000 1.560689 1.578562 3.742677 2.723968 1.575595 18.842882 -2.069683 0.029114
Cyclist -1 -1 -10 860.000000 183.000000 1240.000000 367.000000 1.747341 0.845937 1.826276 2.431394 1.596048 4.100147 -2.045789 0.060524
Cyclist -1 -1 -10 937.000000 194.000000 1070.000000 245.000000 1.784525 0.674394 1.512344 19.166652 2.420691 33.747642 3.436665 0.020885
