Car -1 -1 -10 574.000000 174.000000 611.000000 208.000000 1.537141 1.609895 3.617016 -0.848198 0.987651 37.031125 -1.594714 0.999569
Car -1 -1 -10 463.000000 180.000000 512.000000 217.000000 1.452912 1.596715 3.839436 -4.762285 1.257135 29.467536 -1.588207 0.998965
Car -1 -1 -10 172.000000 182.000000 393.000000 319.000000 1.453539 1.594724 3.762864 -4.345828 1.542388 10.233620 -1.557485 0.998830
Car -1 -1 -10 384.000000 181.000000 478.000000 239.000000 1.447885 1.597743 3.953969 -4.776589 1.349901 20.038835 -1.580280 0.997764
Car -1 -1 -10 197.000000 174.000000 328.000000 254.000000 1.501790 1.586377 3.770669 -8.562207 1.314455 18.316068 -1.554950 0.933558
Car -1 -1 -10 336.000000 180.000000 411.000000 221.000000 1.518300 1.615943 3.881354 -8.935466 1.351833 27.012641 -1.720698 0.426122
Car -1 -1 -10 0.000000 158.000000 145.000000 272.000000 1.979926 1.759042 4.266236 -12.283619 1.654569 15.306674 -1.580295 0.364792
Car -1 -1 -10 130.000000 161.000000 210.000000 203.000000 1.533273 1.576411 3.522851 -17.651058 1.374321 27.349041 1.530840 0.053802
Car -1 -1 -10 388.000000 178.000000 442.000000 205.000000 1.606129 1.668547 3.987138 -11.758970 0.879893 45.238959 -0.307808 0.015192
Car -1 -1 -10 1017.000000 184.000000 1226.000000 371.000000 1.493325 1.562690 3.798295 3.038133 1.986236 2.655448 -1.585651 0.011084
Car -1 -1 -10 453.000000 172.000000 484.000000 199.000000 1.674099 1.702758 4.068294 -8.589487 0.898740 48.195541 -0.101082 0.010884
