Car -1 -1 -10 376.000000 193.000000 455.000000 243.000000 1.530358 1.569114 3.679770 -6.277838 2.217251 23.429833 1.606877 0.998925
Car -1 -1 -10 661.000000 176.000000 720.000000 221.000000 1.513756 1.628415 3.897261 2.889180 1.707190 27.084382 -1.607388 0.989906
Car -1 -1 -10 420.000000 191.000000 488.000000 229.000000 1.491867 1.582243 3.832286 -6.217159 2.265015 28.852173 1.583491 0.989850
Car -1 -1 -10 42.000000 205.000000 162.000000 244.000000 1.525307 1.644952 3.782615 -20.800322 2.807356 29.941575 -1.566818 0.961838
Car -1 -1 -10 1039.000000 135.000000 1150.000000 181.000000 1.995430 1.731954 4.240499 25.776167 0.233216 38.082430 -0.435960 0.783504
Car -1 -1 -10 6.000000 209.000000 96.000000 247.000000 1.562405 1.631646 3.886035 -23.559155 3.119304 30.926335 -1.611697 0.537267
Car -1 -1 -10 0.000000 210.000000 52.000000 245.000000 1.466679 1.652312 4.015940 -24.016482 2.870250 30.876073 -1.576519 0.164307
Car -1 -1 -10 468.000000 181.000000 512.000000 217.000000 1.594773 1.665295 3.945695 -6.317399 2.115522 37.447454 1.555433 0.162309
Car -1 -1 -10 487.000000 184.000000 527.000000 211.000000 1.471237 1.565577 3.655056 -5.390088 2.293289 43.823507 1.923563 0.156981
Car -1 -1 -10 118.000000 206.000000 219.000000 241.000000 1.501683 1.592948 3.878726 -19.825504 2.884155 29.819923 -1.562231 0.033772
