Pedestrian -1 -1 -10 1152.000000 136.000000 1201.000000 236.000000 1.726467 0.605543 0.964714 9.904699 0.935015 12.428995 -0.183558 0.956306
Pedestrian -1 -1 -10 1190.000000 137.000000 1223.000000 235.000000 1.744457 0.641010 0.740586 10.049723 0.988194 11.801652 0.145222 0.869916
Pedestrian -1 -1 -10 1172.000000 140.000000 1213.000000 224.000000 1.809220 0.614675 0.687456 10.279638 0.865137 12.537089 3.264104 0.113305
Pedestrian -1 -1 -10 881.000000 153.000000 900.000000 196.000000 1.808298 0.570825 0.837850 13.337357 0.567264 33.396699 1.456476 0.017178
Pedestrian -1 -1 -10 1183.000000 146.000000 1214.000000 195.000000 1.783501 0.613098 0.830135 27.084779 -0.148506 32.517134 0.668111 0.016745
Pedestrian -1 -1 -10 1171.000000 141.000000 1197.000000 202.000000 1.764224 0.489017 0.683501 4.395141 0.932972 5.279096 0.760601 0.013257
Car -1 -1 -10 633.000000 168.000000 769.000000 216.000000 1.467025 1.651880 4.172160 3.174460 1.107438 23.172110 0.425106 0.999271
Car -1 -1 -10 -1.000000 204.000000 294.000000 365.000000 1.534854 1.616944 3.805102 -3.240687 1.619453 3.430703 -1.549895 0.977375
Cyclist -1 -1 -10 1189.000000 137.000000 1223.000000 237.000000 1.675946 0.420253 1.627059 10.109630 0.956279 11.903462 -1.282758 0.115202
Cyclist -1 -1 -10 1152.000000 136.000000 1207.000000 240.000000 1.763650 0.480388 1.724280 9.963878 0.925683 12.426123 -1.414341 0.034750
Cyclist -1 -1 -10 18.000000 199.000000 278.000000 360.000000 1.649112 0.779706 1.803641 -2.558847 1.656126 3.564925 1.646433 0.017752
Cyclist -1 -1 -10 1176.000000 141.000000 1219.000000 201.000000 1.736273 0.552565 1.662686 9.857192 0.882112 11.887494 -0.346245 0.016858
