Pedestrian -1 -1 -10 1088.000000 187.000000 1239.000000 373.000000 1.719800 0.602120 0.653256 2.448371 1.757280 2.890993 -0.366628 0.601798
Pedestrian -1 -1 -10 727.000000 179.000000 805.000000 239.000000 1.820504 0.695698 0.874534 4.131374 1.852093 19.728325 0.095917 0.018428
Car -1 -1 -10 805.000000 188.000000 1053.000000 333.000000 1.526204 1.638954 4.024077 4.098174 1.817291 9.955605 1.599406 0.999576
Car -1 -1 -10 749.000000 184.000000 864.000000 262.000000 1.448999 1.610775 3.973404 4.081454 1.792918 16.072861 -1.500317 0.994497
Car -1 -1 -10 728.000000 180.000000 804.000000 236.000000 1.464596 1.560627 3.651585 4.411499 1.736506 21.287923 -1.539070 0.988069
Car -1 -1 -10 553.000000 173.000000 595.000000 207.000000 1.516135 1.667370 3.894776 -1.794346 1.550189 33.919324 1.550131 0.971966
Car -1 -1 -10 709.000000 177.000000 765.000000 222.000000 1.568526 1.596391 3.549507 4.725535 1.737560 27.985975 -1.564583 0.938412
Car -1 -1 -10 689.000000 177.000000 738.000000 214.000000 1.484717 1.606537 3.745364 4.666488 1.631555 32.575615 -1.525459 0.749788
Car -1 -1 -10 480.000000 174.000000 555.000000 250.000000 1.565837 1.617592 3.903366 -2.417770 1.641407 17.803915 1.615400 0.571325
Car -1 -1 -10 1017.000000 180.000000 1241.000000 374.000000 1.564572 1.569284 3.857140 3.359936 1.593284 2.476642 -1.550940 0.375336
Car -1 -1 -10 383.000000 155.000000 537.000000 288.000000 1.838922 1.701708 4.261461 -2.393086 1.595048 12.442833 -1.558989 0.267079
Car -1 -1 -10 682.000000 176.000000 719.000000 206.000000 1.565014 1.642856 4.074281 4.655393 1.740424 38.558238 1.534087 0.110352
Cyclist -1 -1 -10 1048.000000 182.000000 1242.000000 373.000000 1.685608 0.701782 1.787752 2.530832 1.589068 3.171169 0.086560 0.545732
