Pedestrian -1 -1 -10 1208.000000 153.000000 1241.000000 271.000000 1.716924 0.602064 0.818585 8.426562 1.327566 9.949594 1.160172 0.453942
Pedestrian -1 -1 -10 1149.000000 151.000000 1219.000000 266.000000 1.775663 0.634524 0.988499 8.054683 1.466898 9.940524 -1.923370 0.203909
Pedestrian -1 -1 -10 1168.000000 157.000000 1240.000000 243.000000 1.716374 0.671977 0.601214 8.812315 1.942966 10.476558 2.212056 0.036392
Pedestrian -1 -1 -10 1056.000000 147.000000 1232.000000 291.000000 1.705981 0.712056 0.875408 6.046301 1.367936 8.097517 -0.935733 0.022000
Pedestrian -1 -1 -10 1166.000000 155.000000 1188.000000 212.000000 1.782945 0.612912 0.995767 36.475968 0.336459 46.101453 0.665133 0.014324
Pedestrian -1 -1 -10 1183.000000 162.000000 1240.000000 206.000000 1.740351 0.544510 0.607005 9.325630 1.630366 11.450474 3.643400 0.013039
Cyclist -1 -1 -10 1064.000000 144.000000 1217.000000 306.000000 1.777586 0.473775 1.684504 6.050766 1.427310 8.288637 -1.591755 0.999840
Cyclist -1 -1 -10 810.000000 165.000000 831.000000 214.000000 1.669473 0.499857 1.655086 7.329926 1.426998 25.497885 -1.485321 0.935261
Cyclist -1 -1 -10 1124.000000 153.000000 1224.000000 272.000000 1.778174 0.530121 1.744841 8.122965 1.476600 10.143484 -0.515933 0.745262
Cyclist -1 -1 -10 1208.000000 145.000000 1242.000000 273.000000 1.647560 0.512054 1.676472 8.615559 1.286997 9.987158 1.696368 0.326861
Cyclist -1 -1 -10 1169.000000 156.000000 1236.000000 252.000000 1.747733 0.568459 1.754224 8.551407 1.280816 10.388303 -1.852722 0.179379
Cyclist -1 -1 -10 1188.000000 162.000000 1241.000000 218.000000 1.662450 0.528283 1.601739 13.594973 1.714376 16.023808 -0.877884 0.036092
Cyclist -1 -1 -10 1091.000000 165.000000 1204.000000 214.000000 1.667516 0.544670 1.598894 11.074072 1.744105 14.601790 -0.932090 0.032004
Cyclist -1 -1 -10 1068.000000 165.000000 1163.000000 204.000000 1.790645 0.740313 1.904285 25.597991 2.078190 38.740464 0.061911 0.014726
