Pedestrian -1 -1 -10 1040.000000 118.000000 1240.000000 372.000000 1.710113 0.666502 0.767089 2.394119 1.845130 2.806520 -1.543900 0.026850
Pedestrian -1 -1 -10 407.000000 185.000000 429.000000 217.000000 1.693523 0.644888 0.717688 -7.346412 1.662595 26.374794 0.357948 0.017064
Car -1 -1 -10 736.000000 186.000000 928.000000 309.000000 1.490723 1.586623 3.669707 2.970607 1.689043 10.386581 -1.587407 0.999646
Car -1 -1 -10 287.000000 186.000000 449.000000 296.000000 1.622910 1.593932 3.930716 -4.309526 1.932562 13.329720 1.579233 0.998889
Car -1 -1 -10 5.000000 180.000000 336.000000 375.000000 1.688637 1.576353 3.699855 -4.412649 1.928389 7.951581 1.570819 0.996588
Car -1 -1 -10 696.000000 183.000000 817.000000 258.000000 1.505047 1.627538 3.816937 3.124611 1.746596 16.501290 -1.613660 0.993256
Car -1 -1 -10 1040.000000 168.000000 1239.000000 368.000000 1.516237 1.590443 3.766222 2.933203 1.554639 1.921479 -1.596298 0.929133
Car -1 -1 -10 630.000000 184.000000 660.000000 209.000000 1.512735 1.620745 3.849317 2.246866 2.295072 46.020755 -1.539477 0.088465
Car -1 -1 -10 651.000000 183.000000 683.000000 218.000000 1.571836 1.659043 3.977520 2.663675 1.932469 31.772355 1.539208 0.028245
Cyclist -1 -1 -10 1037.000000 137.000000 1240.000000 378.000000 1.710191 0.631568 1.749448 2.504562 1.697022 2.601052 -1.578273 0.045729
