Pedestrian -1 -1 -10 571.000000 146.000000 623.000000 307.000000 1.788059 0.699276 0.865503 -0.148986 1.382025 8.076395 0.986551 0.996046
Pedestrian -1 -1 -10 738.000000 138.000000 795.000000 300.000000 1.801269 0.677064 0.854174 1.878450 1.292222 8.484948 1.241519 0.995769
Pedestrian -1 -1 -10 688.000000 150.000000 739.000000 305.000000 1.741110 0.609731 0.698234 1.214910 1.351444 8.427616 1.231431 0.994144
Pedestrian -1 -1 -10 495.000000 149.000000 586.000000 368.000000 1.639122 0.571626 0.800328 -0.522340 1.514259 4.590656 0.841178 0.992750
Pedestrian -1 -1 -10 1113.000000 153.000000 1220.000000 367.000000 1.666108 0.545724 0.544313 3.205425 1.469928 3.978700 1.138570 0.986874
Pedestrian -1 -1 -10 959.000000 135.000000 1079.000000 368.000000 1.719906 0.599706 0.641275 1.411012 1.488924 2.598416 -1.592778 0.986296
Pedestrian -1 -1 -10 808.000000 131.000000 1093.000000 362.000000 1.736707 0.567250 0.708137 1.187869 1.407123 2.424467 0.970459 0.981820
Pedestrian -1 -1 -10 790.000000 158.000000 908.000000 370.000000 1.800274 0.716346 0.796947 2.891570 1.340399 8.703151 -1.393114 0.978022
Pedestrian -1 -1 -10 862.000000 126.000000 988.000000 366.000000 1.719871 0.542178 0.544778 1.214873 1.405795 2.452974 0.919251 0.972063
Pedestrian -1 -1 -10 602.000000 140.000000 627.000000 211.000000 1.780884 0.611510 1.019074 0.282619 0.704515 19.520181 -2.588602 0.832229
Pedestrian -1 -1 -10 816.000000 133.000000 876.000000 260.000000 1.682418 0.532380 0.634986 2.937982 0.824517 8.584582 0.908180 0.824821
Pedestrian -1 -1 -10 615.000000 147.000000 636.000000 207.000000 1.774294 0.582018 0.813182 0.510970 0.909248 19.872978 0.573950 0.619982
Pedestrian -1 -1 -10 245.000000 135.000000 282.000000 254.000000 1.860358 0.616992 1.058372 -5.661704 1.129762 11.841666 0.573958 0.613482
Pedestrian -1 -1 -10 592.000000 141.000000 625.000000 252.000000 1.737284 0.603434 0.694325 0.126443 2.177593 12.700005 -0.888428 0.374982
Pedestrian -1 -1 -10 638.000000 145.000000 656.000000 198.000000 1.745148 0.645540 0.545099 1.292037 0.558309 22.171543 1.232900 0.254691
Pedestrian -1 -1 -10 236.000000 126.000000 265.000000 274.000000 1.838730 0.621846 0.870015 -5.721710 1.006146 11.643399 0.083166 0.223363
Pedestrian -1 -1 -10 551.000000 145.000000 569.000000 195.000000 1.843990 0.608591 0.664546 -1.775648 1.005387 27.557191 -1.200826 0.170736
Cyclist -1 -1 -10 535.000000 144.000000 560.000000 191.000000 1.759185 0.686248 1.827788 -2.489778 0.499784 28.535448 -2.149263 0.467408
Cyclist -1 -1 -10 288.000000 151.000000 384.000000 212.000000 1.669527 0.541440 1.619508 -8.093970 0.303316 20.435478 -1.383517 0.433744
Cyclist -1 -1 -10 305.000000 147.000000 356.000000 203.000000 1.732353 0.620408 1.653855 -5.857221 1.052706 15.029187 -1.335128 0.272222
Cyclist -1 -1 -10 552.000000 144.000000 569.000000 195.000000 1.821701 0.574006 1.732563 -1.764978 0.539327 28.423956 -1.030526 0.164661
Cyclist -1 -1 -10 269.000000 146.000000 323.000000 217.000000 1.781582 0.562008 1.769810 -7.659983 0.835738 17.602109 -1.554034 0.113153
Cyclist -1 -1 -10 328.000000 150.000000 380.000000 201.000000 1.772536 0.577457 1.704341 -5.104976 0.999836 14.046810 -1.373992 0.102413
Cyclist -1 -1 -10 586.000000 143.000000 623.000000 207.000000 1.686061 0.503424 1.692208 0.193472 0.550520 19.655016 -1.774410 0.081250
Cyclist -1 -1 -10 244.000000 132.000000 285.000000 257.000000 1.887435 0.638389 1.789174 -5.695105 1.185890 11.865562 0.612819 0.052145
Cyclist -1 -1 -10 796.000000 155.000000 908.000000 369.000000 1.683161 0.731597 1.659711 2.950018 1.046758 8.828416 3.146252 0.042274
Cyclist -1 -1 -10 811.000000 140.000000 883.000000 285.000000 1.675424 0.658976 1.628445 3.017988 0.998470 8.756221 1.249028 0.041984
Cyclist -1 -1 -10 427.000000 145.000000 451.000000 181.000000 1.799938 0.568718 1.480407 -8.153935 0.130308 35.038395 1.975686 0.028484
Cyclist -1 -1 -10 495.000000 151.000000 592.000000 376.000000 1.660878 0.553299 1.580488 -0.303515 1.476145 4.626142 0.752664 0.011561
