Car -1 -1 -10 854.000000 168.000000 979.000000 215.000000 1.496163 1.601895 3.811361 9.974747 1.339174 23.520743 3.128189 0.998434
Car -1 -1 -10 1011.000000 158.000000 1163.000000 206.000000 1.546130 1.636870 4.004779 15.219995 1.171960 23.500401 3.173285 0.988932
Car -1 -1 -10 94.000000 180.000000 280.000000 250.000000 1.918928 1.734958 4.203238 -13.058646 2.265115 22.638122 -3.117494 0.632737
Car -1 -1 -10 237.000000 187.000000 327.000000 220.000000 1.467865 1.624021 3.861610 -14.209764 2.111783 32.119732 1.132554 0.378111
Car -1 -1 -10 1141.000000 159.000000 1241.000000 229.000000 1.421495 1.597505 3.900473 13.365297 1.270618 14.954899 -0.004994 0.084956
Car -1 -1 -10 1.000000 203.000000 29.000000 258.000000 1.446752 1.591725 3.881628 -20.726152 2.544965 22.834193 -2.915358 0.057274
Car -1 -1 -10 28.000000 198.000000 108.000000 232.000000 1.512975 1.550361 3.985248 -22.063215 3.039116 28.520481 1.566761 0.037889
Car -1 -1 -10 289.000000 183.000000 385.000000 213.000000 1.499389 1.559762 3.842577 -12.995957 2.315025 35.537009 0.560230 0.019561
Car -1 -1 -10 90.000000 192.000000 198.000000 228.000000 1.508272 1.572446 3.756117 -20.265627 2.422011 31.171004 0.869570 0.011215
Car -1 -1 -10 1197.000000 149.000000 1237.000000 244.000000 1.506371 1.606861 3.760313 12.732065 1.037689 14.311383 -0.255258 0.010254
Cyclist -1 -1 -10 773.000000 172.000000 822.000000 210.000000 1.763925 0.658472 1.819729 6.869106 1.678847 26.097662 0.185653 0.017566
