Pedestrian -1 -1 -10 450.000000 156.000000 501.000000 320.000000 1.802193 0.653086 0.853950 -1.472244 1.467942 8.194630 1.493263 0.997852
Pedestrian -1 -1 -10 632.000000 159.000000 657.000000 240.000000 1.785647 0.658356 1.026550 0.924326 1.278746 15.873943 -1.370865 0.996652
Pedestrian -1 -1 -10 393.000000 164.000000 459.000000 329.000000 1.810323 0.747217 0.945600 -1.919620 1.537582 7.703109 1.320889 0.993409
Pedestrian -1 -1 -10 676.000000 159.000000 702.000000 237.000000 1.780458 0.648028 0.810117 1.921202 1.245253 15.656627 -1.502703 0.967380
Pedestrian -1 -1 -10 703.000000 165.000000 725.000000 228.000000 1.774112 0.636642 0.723931 2.911656 1.238038 18.439477 -1.536045 0.859206
Pedestrian -1 -1 -10 626.000000 160.000000 645.000000 223.000000 1.690104 0.556705 0.582864 0.729324 1.516813 16.365912 -2.148313 0.656107
Pedestrian -1 -1 -10 5.000000 244.000000 169.000000 370.000000 1.783435 0.739209 0.640597 -3.044641 2.112036 4.188243 1.054601 0.571135
Pedestrian -1 -1 -10 495.000000 163.000000 514.000000 216.000000 1.770655 0.605529 0.802764 -3.382369 1.183005 25.493085 2.487347 0.533896
Pedestrian -1 -1 -10 159.000000 232.000000 322.000000 371.000000 1.725308 0.667277 0.805879 -2.361899 1.998914 4.762748 0.122427 0.480375
Pedestrian -1 -1 -10 388.000000 164.000000 420.000000 253.000000 1.732522 0.668776 0.930518 -4.641095 1.336154 16.350968 1.276927 0.278483
Pedestrian -1 -1 -10 732.000000 158.000000 753.000000 222.000000 1.685297 0.698121 0.731423 3.898997 0.993685 19.845829 -1.782070 0.067752
Pedestrian -1 -1 -10 1145.000000 153.000000 1233.000000 363.000000 1.652644 0.529883 0.534785 4.057605 1.796028 4.586428 3.262201 0.055693
Pedestrian -1 -1 -10 672.000000 162.000000 691.000000 219.000000 1.726480 0.596406 0.669162 2.009138 1.308940 18.831049 -0.902946 0.030683
Pedestrian -1 -1 -10 740.000000 155.000000 764.000000 223.000000 1.797143 0.575927 0.716067 4.658723 1.045814 22.324913 -1.713948 0.017113
Pedestrian -1 -1 -10 1203.000000 117.000000 1236.000000 325.000000 1.687273 0.542727 0.592761 4.100775 1.578403 4.655290 -1.362784 0.014530
Pedestrian -1 -1 -10 348.000000 191.000000 387.000000 291.000000 1.835403 0.765308 0.587358 -4.033644 1.640569 12.642503 1.300205 0.013990
Car -1 -1 -10 567.000000 170.000000 600.000000 196.000000 1.502763 1.612944 3.780622 -1.208834 0.885790 43.436565 1.660778 0.997485
Car -1 -1 -10 1088.000000 179.000000 1234.000000 367.000000 1.538664 1.595511 3.639618 2.764664 1.580082 1.968730 -1.406434 0.064140
Cyclist -1 -1 -10 0.000000 242.000000 172.000000 373.000000 1.615707 0.670103 1.696489 -3.141499 1.809985 4.106624 1.527819 0.226351
Cyclist -1 -1 -10 733.000000 160.000000 763.000000 223.000000 1.772373 0.565398 1.479107 4.057743 0.933113 20.988164 2.415728 0.123692
Cyclist -1 -1 -10 157.000000 230.000000 323.000000 370.000000 1.682057 0.764719 1.782960 -2.367955 1.888281 4.841626 2.627006 0.120369
Cyclist -1 -1 -10 1146.000000 158.000000 1235.000000 367.000000 1.787832 0.611929 1.281137 4.051779 1.613845 4.902187 3.640128 0.094015
Cyclist -1 -1 -10 1041.000000 188.000000 1243.000000 367.000000 1.657271 0.543546 1.525569 2.366717 1.569645 3.412558 -1.897116 0.074765
Cyclist -1 -1 -10 734.000000 166.000000 796.000000 238.000000 1.687174 0.612193 1.702159 3.020084 1.468024 14.228125 0.182232 0.018039
Cyclist -1 -1 -10 977.000000 180.000000 1161.000000 364.000000 1.738149 0.587592 1.665849 2.870458 1.791526 4.673176 1.591105 0.010479
