Car -1 -1 -10 766.000000 176.000000 1024.000000 338.000000 1.465714 1.611674 3.887030 3.085113 1.575840 8.728776 -1.537415 0.999635
Car -1 -1 -10 403.000000 184.000000 479.000000 233.000000 1.532144 1.623294 3.977416 -5.650409 1.943789 24.608835 1.589504 0.998961
Car -1 -1 -10 1009.000000 143.000000 1242.000000 256.000000 1.583235 1.658397 4.067759 8.398841 1.166760 10.624342 3.189053 0.983411
Car -1 -1 -10 449.000000 183.000000 502.000000 222.000000 1.480768 1.566955 3.783823 -5.664175 1.933136 29.961837 1.591156 0.969178
Car -1 -1 -10 177.000000 184.000000 378.000000 293.000000 1.680755 1.647921 3.874589 -5.951169 1.929440 13.339986 -1.542492 0.772997
Car -1 -1 -10 656.000000 174.000000 689.000000 199.000000 1.541306 1.593203 3.791932 3.831326 1.656971 46.575328 1.591983 0.489615
Car -1 -1 -10 747.000000 161.000000 846.000000 194.000000 1.583637 1.670104 4.026754 10.319536 1.190798 36.616744 -0.256601 0.473899
Car -1 -1 -10 13.000000 229.000000 236.000000 341.000000 1.479120 1.581478 3.715712 -6.067119 2.054682 9.874486 -1.584456 0.401736
Car -1 -1 -10 472.000000 183.000000 514.000000 216.000000 1.437371 1.591799 3.847961 -5.609314 1.974692 34.884538 1.592837 0.354214
Car -1 -1 -10 1027.000000 147.000000 1134.000000 184.000000 1.539003 1.663624 3.821539 23.170334 0.266077 36.220630 1.585021 0.347651
Car -1 -1 -10 492.000000 182.000000 531.000000 208.000000 1.543371 1.668872 4.179103 -5.561493 1.977841 40.831232 1.561523 0.254881
Car -1 -1 -10 722.000000 164.000000 807.000000 191.000000 1.473926 1.518794 3.771972 7.361591 1.519663 43.994973 1.348025 0.107194
