Pedestrian -1 -1 -10 802.000000 143.000000 850.000000 272.000000 1.847383 0.624399 0.935433 3.261028 1.289028 10.431766 -1.858928 0.997485
Pedestrian -1 -1 -10 1053.000000 137.000000 1111.000000 284.000000 1.807959 0.518573 0.986750 5.826286 1.249842 8.695202 1.105936 0.989322
Pedestrian -1 -1 -10 367.000000 164.000000 419.000000 310.000000 1.766603 0.587001 0.929603 -3.167400 1.670202 10.763437 2.737355 0.941863
Pedestrian -1 -1 -10 494.000000 166.000000 512.000000 214.000000 1.784596 0.681589 0.764250 -3.766074 1.227789 27.659598 1.408196 0.928002
Pedestrian -1 -1 -10 1149.000000 140.000000 1235.000000 312.000000 1.719349 0.566742 0.629431 6.021229 1.349642 7.321017 3.466985 0.788721
Pedestrian -1 -1 -10 355.000000 162.000000 390.000000 304.000000 1.782407 0.621480 0.754059 -2.701162 1.505132 8.252768 0.223301 0.700617
Pedestrian -1 -1 -10 599.000000 165.000000 617.000000 219.000000 1.784987 0.631234 0.975510 0.241622 1.159237 23.969548 -1.562920 0.506339
Pedestrian -1 -1 -10 388.000000 163.000000 427.000000 277.000000 1.731900 0.542775 0.585365 -3.453184 1.744700 12.212783 2.290285 0.304218
Pedestrian -1 -1 -10 578.000000 163.000000 598.000000 221.000000 1.765375 0.593244 0.752785 -0.467400 1.198117 23.858924 -1.987614 0.176706
Pedestrian -1 -1 -10 360.000000 161.000000 452.000000 254.000000 1.751586 0.629233 0.753000 -4.217159 1.551623 16.242475 -3.387205 0.143841
Pedestrian -1 -1 -10 629.000000 162.000000 646.000000 209.000000 1.837923 0.737316 0.854580 1.478617 0.977452 30.556028 -1.569413 0.089250
Pedestrian -1 -1 -10 686.000000 177.000000 710.000000 233.000000 1.799530 0.697225 0.800319 3.083690 1.388803 23.477289 2.722004 0.076494
Pedestrian -1 -1 -10 301.000000 165.000000 432.000000 293.000000 1.744742 0.689982 0.933730 -2.695766 1.505229 8.912833 1.362328 0.031561
Pedestrian -1 -1 -10 1209.000000 131.000000 1236.000000 196.000000 1.728902 0.583439 0.635481 10.085677 0.694339 11.765883 3.236454 0.030118
Pedestrian -1 -1 -10 717.000000 176.000000 739.000000 222.000000 1.719905 0.599706 0.641276 3.057823 1.390427 18.662491 -1.948238 0.020890
Pedestrian -1 -1 -10 396.000000 164.000000 420.000000 242.000000 1.685761 0.569034 0.634466 -4.338181 1.379177 16.190610 2.372002 0.013555
Car -1 -1 -10 6.000000 150.000000 394.000000 372.000000 1.537691 1.679633 3.995475 -2.729246 1.448815 4.102973 1.528259 0.989835
Car -1 -1 -10 423.000000 162.000000 492.000000 219.000000 1.873807 1.651380 4.147207 -5.212434 1.210111 27.904252 1.500629 0.368970
Car -1 -1 -10 379.000000 160.000000 468.000000 234.000000 1.919273 1.746920 3.941401 -5.179522 1.275772 20.750539 1.482216 0.342294
Car -1 -1 -10 305.000000 164.000000 430.000000 308.000000 1.621837 1.627166 3.678864 -3.553120 1.406256 9.282519 -1.775475 0.012655
Cyclist -1 -1 -10 362.000000 166.000000 424.000000 297.000000 1.758315 0.612982 1.796795 -3.249940 1.571319 10.736315 -1.799021 0.028135
Cyclist -1 -1 -10 494.000000 167.000000 512.000000 214.000000 1.754786 0.542774 1.752726 -3.860978 1.198226 27.586650 1.378927 0.020230
Cyclist -1 -1 -10 1209.000000 131.000000 1236.000000 196.000000 1.761681 0.485159 1.443640 10.350039 0.495876 12.060893 2.813033 0.012302
Cyclist -1 -1 -10 367.000000 161.000000 467.000000 234.000000 1.693254 0.872594 1.847484 -4.883951 1.180200 19.235192 2.317341 0.011064
