Car -1 -1 -10 566.000000 202.000000 957.000000 377.000000 1.482055 1.574000 3.553001 0.966967 1.806547 6.370210 -2.055978 0.999545
Car -1 -1 -10 450.000000 216.000000 669.000000 341.000000 1.464129 1.629708 3.872972 -1.111648 2.073938 10.598487 -2.049462 0.998518
Car -1 -1 -10 336.000000 204.000000 433.000000 275.000000 1.518648 1.600973 3.654570 -6.292252 2.397194 19.105029 -2.036651 0.996061
Car -1 -1 -10 0.000000 234.000000 110.000000 329.000000 1.544522 1.540001 3.394847 -10.077566 2.461484 12.892729 1.317222 0.990535
Car -1 -1 -10 289.000000 212.000000 342.000000 253.000000 1.483635 1.537713 3.557366 -11.539030 2.983208 28.921006 -1.246422 0.990494
Car -1 -1 -10 393.000000 212.000000 529.000000 294.000000 1.412613 1.597001 3.808513 -3.414696 2.227126 14.790434 -2.051967 0.990098
Car -1 -1 -10 73.000000 213.000000 159.000000 274.000000 1.540086 1.634774 3.761469 -16.018620 2.890521 23.341976 -2.146047 0.936622
Car -1 -1 -10 142.000000 218.000000 181.000000 245.000000 1.515415 1.568354 3.581957 -17.495261 2.582440 27.064347 -2.126374 0.817418
Car -1 -1 -10 309.000000 209.000000 384.000000 263.000000 1.543350 1.616281 3.918894 -6.191124 2.445691 19.458598 -0.924819 0.664396
Car -1 -1 -10 278.000000 214.000000 321.000000 247.000000 1.465310 1.589509 3.807358 -12.531344 3.120721 30.051347 -2.061656 0.244556
Car -1 -1 -10 -1.000000 242.000000 48.000000 373.000000 1.516150 1.575391 3.790217 -7.527390 2.239009 7.993835 -2.105703 0.118662
