Pedestrian -1 -1 -10 1.000000 192.000000 66.000000 369.000000 1.773090 0.621361 0.784763 -5.141087 2.138221 6.127848 -3.214530 0.080073
Car -1 -1 -10 -8.000000 194.000000 344.000000 304.000000 1.448519 1.600109 3.938475 -6.336271 1.769985 10.504155 -3.123886 0.999596
Car -1 -1 -10 692.000000 188.000000 818.000000 270.000000 1.448754 1.585243 3.742646 2.846514 1.772334 14.755456 -1.703300 0.999567
Car -1 -1 -10 651.000000 181.000000 717.000000 229.000000 1.425769 1.623615 3.975641 2.344364 1.788787 24.296520 -1.613966 0.998123
Car -1 -1 -10 210.000000 189.000000 428.000000 250.000000 1.468453 1.630974 3.913701 -6.306384 1.883053 16.991814 -3.046798 0.975442
Car -1 -1 -10 291.000000 185.000000 456.000000 238.000000 1.472580 1.573395 3.806354 -6.895115 1.882928 20.151681 -3.100561 0.916792
Car -1 -1 -10 377.000000 182.000000 506.000000 224.000000 1.491960 1.611997 3.900582 -6.347700 1.982969 28.253460 0.144099 0.890132
Car -1 -1 -10 116.000000 189.000000 378.000000 273.000000 1.500753 1.564988 3.902481 -6.696496 1.782878 14.478489 -0.109135 0.716493
Car -1 -1 -10 0.000000 196.000000 61.000000 368.000000 1.533573 1.643523 4.035277 -7.087873 1.755364 5.937624 -3.159379 0.277436
Car -1 -1 -10 642.000000 180.000000 679.000000 210.000000 1.488105 1.608808 3.914055 2.574292 1.799245 35.205698 -1.603093 0.090013
