Pedestrian -1 -1 -10 734.000000 164.000000 743.000000 191.000000 1.803582 0.634516 0.722216 9.098948 1.502864 50.683264 1.248758 0.264477
Car -1 -1 -10 652.000000 166.000000 700.000000 206.000000 1.581125 1.697157 4.104527 3.225199 1.370024 32.653080 1.736655 0.999332
Car -1 -1 -10 801.000000 176.000000 870.000000 239.000000 1.532740 1.556357 3.367694 6.013142 1.723948 19.638255 -1.371165 0.999180
Car -1 -1 -10 496.000000 174.000000 630.000000 270.000000 1.482143 1.571090 3.686325 -0.724305 1.548011 13.047010 -1.377752 0.998928
Car -1 -1 -10 128.000000 173.000000 511.000000 375.000000 1.516417 1.584919 3.710812 -2.189923 1.573901 6.249375 1.743351 0.997286
Car -1 -1 -10 892.000000 201.000000 1244.000000 374.000000 1.514343 1.558022 3.519319 3.056708 1.718726 5.290697 -1.393343 0.991249
Car -1 -1 -10 509.000000 163.000000 607.000000 228.000000 1.548179 1.498393 3.368422 -1.981397 1.125066 26.774526 1.561910 0.975170
Car -1 -1 -10 679.000000 168.000000 713.000000 199.000000 1.610190 1.657319 3.889740 4.872947 1.421095 40.203863 -1.315173 0.949163
Car -1 -1 -10 5.000000 234.000000 165.000000 367.000000 1.560722 1.614342 3.837081 -3.089449 1.543354 2.019991 -1.593263 0.398889
Car -1 -1 -10 795.000000 176.000000 845.000000 224.000000 1.544663 1.574998 3.750408 6.995578 1.796727 24.314378 -1.332621 0.258867
Cyclist -1 -1 -10 733.000000 164.000000 744.000000 191.000000 1.728061 0.571835 1.698696 9.208927 1.341230 50.770020 1.792825 0.527538
