Car -1 -1 -10 555.000000 178.000000 608.000000 227.000000 1.506312 1.651883 3.519728 -0.868729 1.321564 25.575152 -1.604631 0.999472
Car -1 -1 -10 414.000000 175.000000 515.000000 250.000000 1.622862 1.691380 4.023212 -3.448793 1.470574 17.956015 -1.584412 0.999228
Car -1 -1 -10 353.000000 181.000000 421.000000 223.000000 1.487064 1.620853 3.761268 -8.346894 1.381840 27.464407 -1.611700 0.999033
Car -1 -1 -10 158.000000 176.000000 329.000000 260.000000 1.574313 1.637250 3.793316 -7.898547 1.454346 15.758626 -1.574121 0.995188
Car -1 -1 -10 485.000000 182.000000 533.000000 218.000000 1.535375 1.574818 3.732567 -4.299949 1.356212 31.405678 -1.572859 0.982346
Car -1 -1 -10 316.000000 180.000000 365.000000 212.000000 1.580864 1.597927 3.734188 -12.775210 1.346074 35.284514 1.688492 0.979285
Car -1 -1 -10 147.000000 180.000000 272.000000 237.000000 1.463342 1.606703 3.748177 -12.484277 1.429467 22.645050 -1.445236 0.624602
Car -1 -1 -10 -6.000000 218.000000 198.000000 374.000000 1.545448 1.618519 3.752371 -3.238683 1.576280 2.563743 -1.597391 0.613427
Car -1 -1 -10 0.000000 200.000000 34.000000 268.000000 1.524462 1.612416 3.951623 -12.462571 1.709581 12.511684 -1.558147 0.035109
Car -1 -1 -10 3.000000 200.000000 93.000000 370.000000 1.543949 1.578909 3.704841 -3.295631 1.508068 2.628070 -1.713740 0.024678
