Pedestrian -1 -1 -10 572.000000 170.000000 583.000000 199.000000 1.809960 0.659997 0.901248 -1.912086 1.061491 46.178379 2.498273 0.211934
Pedestrian -1 -1 -10 509.000000 170.000000 522.000000 203.000000 1.841040 0.551415 0.698159 -5.999179 1.323673 46.121226 2.544042 0.207511
Pedestrian -1 -1 -10 587.000000 167.000000 602.000000 196.000000 1.791570 0.631656 1.087480 -0.657102 0.983672 47.779118 -2.181433 0.103395
Pedestrian -1 -1 -10 456.000000 172.000000 469.000000 205.000000 1.822589 0.623976 0.872492 -9.218143 1.419652 44.850061 2.920082 0.084860
Pedestrian -1 -1 -10 575.000000 168.000000 599.000000 198.000000 1.742830 0.546146 0.917240 -1.614794 1.057750 46.607395 -1.161413 0.020543
Car -1 -1 -10 518.000000 176.000000 555.000000 203.000000 1.456005 1.641073 3.806240 -3.824215 1.247596 40.277063 -1.617697 0.996244
Car -1 -1 -10 918.000000 148.000000 1042.000000 191.000000 1.497628 1.566849 3.843280 13.829384 0.291013 26.154290 3.133906 0.967429
Cyclist -1 -1 -10 388.000000 177.000000 411.000000 216.000000 1.748311 0.436106 1.783448 -10.598011 1.791859 36.277531 -1.525375 0.965521
Cyclist -1 -1 -10 635.000000 168.000000 668.000000 196.000000 1.707033 0.711353 1.808708 2.873882 0.809654 45.134821 0.037839 0.906671
Cyclist -1 -1 -10 578.000000 169.000000 609.000000 197.000000 1.702367 0.702063 1.778725 -0.820332 0.759822 47.822936 -0.016669 0.253429
Cyclist -1 -1 -10 586.000000 168.000000 601.000000 195.000000 1.674636 0.689760 1.791881 -0.551896 0.802438 47.489078 -2.257643 0.119488
Cyclist -1 -1 -10 508.000000 171.000000 522.000000 203.000000 1.796101 0.615596 1.716605 -5.736351 1.353887 44.719935 2.004634 0.030936
Cyclist -1 -1 -10 571.000000 170.000000 591.000000 199.000000 1.748317 0.604417 1.672207 -1.881709 0.811328 46.360545 -2.450886 0.023696
