Car -1 -1 -10 561.000000 179.000000 620.000000 235.000000 1.485234 1.659612 3.561093 -0.609331 1.428336 22.895422 -1.593071 0.999374
Car -1 -1 -10 483.000000 180.000000 544.000000 227.000000 1.495760 1.638595 3.996472 -3.261610 1.353407 25.643484 -1.577925 0.999001
Car -1 -1 -10 339.000000 176.000000 493.000000 286.000000 1.564307 1.652883 4.063250 -3.303477 1.484122 12.796782 -1.589135 0.998941
Car -1 -1 -10 15.000000 194.000000 369.000000 373.000000 1.537781 1.650281 4.093204 -3.312235 1.646784 4.914442 -1.544708 0.996225
Car -1 -1 -10 332.000000 179.000000 412.000000 234.000000 1.610618 1.663943 3.814651 -8.232997 1.513406 24.393661 -1.920790 0.965017
Car -1 -1 -10 289.000000 185.000000 347.000000 219.000000 1.462981 1.600490 3.722711 -12.611849 1.379921 31.440389 -1.536404 0.955090
Car -1 -1 -10 36.000000 183.000000 284.000000 273.000000 1.451788 1.592806 3.944825 -7.629832 1.481218 12.887098 -1.566141 0.553490
Car -1 -1 -10 118.000000 187.000000 257.000000 250.000000 1.533273 1.576411 3.522851 -8.957488 1.290965 14.484270 1.548754 0.020820
Car -1 -1 -10 465.000000 179.000000 506.000000 207.000000 1.633067 1.691911 3.936761 -8.914972 1.320246 50.835166 -3.200295 0.014359
Car -1 -1 -10 436.000000 182.000000 477.000000 209.000000 1.600593 1.587582 3.789050 -8.302198 1.269185 38.107068 1.524961 0.013815
Car -1 -1 -10 3.000000 192.000000 167.000000 365.000000 1.524348 1.561808 3.820215 -7.340799 1.451040 12.457632 -1.605806 0.010691
Car -1 -1 -10 571.000000 180.000000 613.000000 213.000000 1.477934 1.462992 2.828833 -0.777891 1.558531 25.201238 0.983657 0.010169
