Pedestrian -1 -1 -10 773.000000 176.000000 805.000000 271.000000 1.666284 0.631930 0.725260 3.005585 1.756464 12.465820 -1.282206 0.705311
Pedestrian -1 -1 -10 802.000000 167.000000 853.000000 303.000000 1.704605 0.669991 0.868187 2.711479 1.623007 9.114427 -1.306998 0.058756
Pedestrian -1 -1 -10 807.000000 176.000000 839.000000 213.000000 1.784145 0.470294 0.686418 3.335062 1.417270 11.342265 0.340215 0.022933
Pedestrian -1 -1 -10 805.000000 176.000000 845.000000 247.000000 1.719906 0.599706 0.641275 4.451440 2.378116 13.848070 -1.833745 0.013620
Car -1 -1 -10 578.000000 180.000000 633.000000 217.000000 1.481537 1.611387 3.920454 -0.123344 1.864966 31.847263 1.787795 0.998947
Car -1 -1 -10 141.000000 193.000000 437.000000 367.000000 1.500221 1.571215 3.728599 -3.393463 1.806947 8.198845 1.628848 0.998084
Car -1 -1 -10 379.000000 174.000000 473.000000 217.000000 1.497568 1.610980 3.883086 -7.425079 1.630127 27.235090 -3.084407 0.969142
Car -1 -1 -10 605.000000 176.000000 652.000000 213.000000 1.629244 1.723896 4.230258 0.781593 1.894249 35.859230 1.760784 0.929509
Car -1 -1 -10 635.000000 178.000000 676.000000 205.000000 1.495267 1.549264 3.865858 2.936141 1.978385 44.906950 1.823839 0.629918
Car -1 -1 -10 756.000000 173.000000 786.000000 202.000000 1.426895 1.603448 3.750587 9.750705 1.741814 42.968569 -1.381138 0.606426
Car -1 -1 -10 950.000000 176.000000 1079.000000 219.000000 1.538879 1.582823 3.461733 12.602496 1.535919 24.156737 2.658256 0.074023
Car -1 -1 -10 832.000000 146.000000 950.000000 196.000000 2.050916 1.749983 4.332461 14.215643 0.961589 38.149487 3.349134 0.029952
Cyclist -1 -1 -10 797.000000 165.000000 864.000000 316.000000 1.763426 0.579292 1.814274 2.722541 1.650201 9.152376 -1.383359 0.999097
Cyclist -1 -1 -10 772.000000 176.000000 805.000000 272.000000 1.693158 0.622215 1.850858 3.032441 1.732145 12.497776 -1.372940 0.773336
Cyclist -1 -1 -10 805.000000 173.000000 840.000000 227.000000 1.661118 0.580632 1.576872 4.029968 1.606645 13.427629 -1.256107 0.016031
