Pedestrian -1 -1 -10 656.000000 168.000000 676.000000 218.000000 1.779994 0.611272 0.749689 1.796245 1.517539 23.340384 2.194955 0.307559
Pedestrian -1 -1 -10 117.000000 176.000000 142.000000 227.000000 1.786543 0.653331 0.857757 -15.964224 1.858971 24.199202 -1.570234 0.100414
Pedestrian -1 -1 -10 667.000000 165.000000 699.000000 224.000000 1.747040 0.604190 0.797811 2.113632 1.543262 21.993806 2.706358 0.091041
Pedestrian -1 -1 -10 403.000000 176.000000 426.000000 212.000000 1.676506 0.553555 0.632935 -5.745999 1.606904 21.707624 0.291515 0.049807
Pedestrian -1 -1 -10 2.000000 186.000000 19.000000 229.000000 1.802348 0.476464 0.686745 -5.019253 1.360094 6.281349 -0.673574 0.010071
Car -1 -1 -10 397.000000 174.000000 521.000000 266.000000 1.589810 1.648366 3.879594 -2.959855 1.626770 14.619683 -1.591008 0.998751
Car -1 -1 -10 587.000000 171.000000 613.000000 198.000000 1.559723 1.631697 3.856042 -0.752572 1.507026 46.827256 -1.599413 0.996362
Car -1 -1 -10 189.000000 186.000000 292.000000 236.000000 1.497596 1.608421 3.918966 -12.605213 1.953553 24.949804 1.564622 0.994193
Cyclist -1 -1 -10 667.000000 161.000000 731.000000 223.000000 1.785719 0.656972 1.866714 2.467116 1.424233 20.770264 -2.520582 0.999580
Cyclist -1 -1 -10 662.000000 165.000000 701.000000 220.000000 1.693252 0.682242 1.834600 2.029651 1.330019 22.290339 1.629993 0.861539
Cyclist -1 -1 -10 656.000000 168.000000 677.000000 217.000000 1.780483 0.447251 1.542215 1.733423 1.497442 23.775601 1.184298 0.677353
Cyclist -1 -1 -10 674.000000 168.000000 709.000000 203.000000 1.736880 0.659029 1.661520 2.496376 1.248799 23.890571 2.794226 0.017964
Cyclist -1 -1 -10 403.000000 177.000000 430.000000 214.000000 1.748100 0.795116 1.752952 -5.681413 1.497892 21.993589 2.429057 0.012735
Cyclist -1 -1 -10 662.000000 168.000000 673.000000 209.000000 1.805335 0.502107 1.497499 1.816926 1.418720 23.865834 -1.562925 0.010547
