Pedestrian -1 -1 -10 948.000000 139.000000 1066.000000 372.000000 1.645026 0.551624 0.844809 2.697807 1.395312 4.879227 -0.651299 0.997712
Pedestrian -1 -1 -10 586.000000 162.000000 610.000000 234.000000 1.713930 0.587323 0.904434 -0.186782 1.157562 17.824848 -1.546850 0.996377
Pedestrian -1 -1 -10 1039.000000 117.000000 1126.000000 331.000000 1.765121 0.670452 0.823010 4.373053 1.202532 6.679849 -2.002825 0.993046
Pedestrian -1 -1 -10 501.000000 160.000000 534.000000 259.000000 1.801251 0.646122 0.955903 -1.644772 1.399415 13.648932 1.462759 0.992372
Pedestrian -1 -1 -10 470.000000 166.000000 506.000000 259.000000 1.798938 0.727507 0.927334 -2.177259 1.425898 13.546712 1.497151 0.986623
Pedestrian -1 -1 -10 634.000000 164.000000 658.000000 230.000000 1.768986 0.666404 0.716070 1.080795 1.175339 19.019677 -1.437843 0.964493
Pedestrian -1 -1 -10 143.000000 216.000000 264.000000 369.000000 1.711178 0.584381 0.790857 -2.240585 1.891774 3.737734 0.153439 0.768270
Pedestrian -1 -1 -10 74.000000 235.000000 232.000000 373.000000 1.772378 0.802951 0.714937 -2.279332 2.009485 3.626931 -3.248228 0.540667
Pedestrian -1 -1 -10 672.000000 166.000000 694.000000 224.000000 1.756716 0.714975 0.723465 2.281042 1.217599 19.963588 -1.545554 0.317572
Pedestrian -1 -1 -10 614.000000 163.000000 631.000000 212.000000 1.774576 0.709221 0.918258 0.728223 1.028810 25.907681 -1.622893 0.287873
Pedestrian -1 -1 -10 1035.000000 125.000000 1087.000000 295.000000 1.756626 0.595100 0.668545 4.325752 1.097435 6.747576 3.687278 0.261209
Pedestrian -1 -1 -10 279.000000 215.000000 339.000000 315.000000 1.801807 0.815629 0.628818 -3.692446 1.944520 9.429289 1.222586 0.249988
Pedestrian -1 -1 -10 116.000000 211.000000 197.000000 345.000000 1.747188 0.787283 0.649488 -5.569375 1.993014 8.910072 -0.479200 0.247037
Pedestrian -1 -1 -10 173.000000 219.000000 249.000000 314.000000 1.736859 0.630061 0.547043 -2.274051 1.878965 4.112111 -1.522098 0.239655
Pedestrian -1 -1 -10 963.000000 150.000000 993.000000 230.000000 1.765509 0.621234 0.696294 5.810786 1.150189 11.307536 -1.588528 0.226010
Pedestrian -1 -1 -10 1034.000000 143.000000 1065.000000 232.000000 1.798993 0.716246 0.675102 6.268623 1.516410 10.043216 -0.467647 0.147433
Cyclist -1 -1 -10 696.000000 158.000000 736.000000 229.000000 1.832905 0.528184 1.727252 3.499852 1.103839 21.823864 -0.909667 0.293287
Cyclist -1 -1 -10 115.000000 223.000000 268.000000 368.000000 1.687905 0.605531 1.637590 -2.197977 1.689084 3.625228 -1.628481 0.166114
Cyclist -1 -1 -10 68.000000 240.000000 215.000000 372.000000 1.656283 0.628640 1.615341 -2.343117 1.686564 3.578495 -1.669876 0.084142
Cyclist -1 -1 -10 675.000000 165.000000 708.000000 225.000000 1.746979 0.520244 1.575665 2.781517 1.271312 21.607324 -0.896170 0.062784
Cyclist -1 -1 -10 111.000000 213.000000 206.000000 339.000000 1.642894 0.515380 1.667925 -2.278141 1.559287 3.368644 -1.597080 0.017201
