Car -1 -1 -10 674.000000 184.000000 742.000000 236.000000 1.439578 1.564031 3.522600 2.746481 1.800642 21.282946 -1.567792 0.998857
Car -1 -1 -10 277.000000 181.000000 480.000000 245.000000 1.485030 1.592986 4.043831 -5.796601 1.775175 18.715034 0.126979 0.997205
Car -1 -1 -10 760.000000 168.000000 1044.000000 372.000000 1.584669 1.566057 3.614223 2.764007 1.640537 7.685021 -1.602910 0.993868
Car -1 -1 -10 -2.000000 179.000000 269.000000 335.000000 1.520106 1.553649 3.820893 -6.445476 1.838579 8.976507 0.372421 0.985543
Car -1 -1 -10 728.000000 175.000000 823.000000 221.000000 1.573625 1.658405 3.884680 6.274111 1.698728 26.518350 0.042790 0.971080
Car -1 -1 -10 354.000000 178.000000 495.000000 225.000000 1.536152 1.578933 3.915783 -6.068483 1.661895 24.137633 0.059886 0.966915
Car -1 -1 -10 409.000000 179.000000 510.000000 215.000000 1.512487 1.595978 3.938384 -6.396694 1.677146 30.956845 -3.104806 0.760026
Car -1 -1 -10 45.000000 165.000000 325.000000 283.000000 1.645895 1.647528 3.970532 -6.905613 1.413755 11.528557 -3.151497 0.327697
Car -1 -1 -10 189.000000 188.000000 389.000000 264.000000 1.502555 1.616216 3.913347 -7.140825 1.789537 14.344485 -3.133553 0.290165
Car -1 -1 -10 679.000000 174.000000 726.000000 204.000000 1.549024 1.539118 3.700977 5.589070 1.755499 40.660325 2.247558 0.217168
