Pedestrian -1 -1 -10 770.000000 154.000000 810.000000 261.000000 1.758975 0.664636 0.876202 3.143182 1.244280 12.155398 1.380340 0.855462
Pedestrian -1 -1 -10 504.000000 162.000000 522.000000 213.000000 1.848176 0.678638 0.824754 -3.579225 1.040394 28.169911 1.633910 0.469180
Pedestrian -1 -1 -10 1150.000000 128.000000 1236.000000 328.000000 1.742120 0.645746 0.628141 3.900456 1.265121 4.712488 -0.939771 0.422921
Pedestrian -1 -1 -10 597.000000 163.000000 609.000000 193.000000 1.769766 0.612311 0.782898 0.064452 0.541167 43.380148 -1.190432 0.230026
Pedestrian -1 -1 -10 614.000000 164.000000 623.000000 194.000000 1.840548 0.635023 0.763516 1.070983 0.692458 43.119693 2.022866 0.183959
Pedestrian -1 -1 -10 559.000000 163.000000 576.000000 196.000000 1.749099 0.563517 0.686979 -2.164172 0.627010 43.561014 2.526033 0.056033
Pedestrian -1 -1 -10 604.000000 164.000000 614.000000 193.000000 1.756745 0.684064 0.605689 0.253077 0.623803 44.282287 1.612892 0.033807
Pedestrian -1 -1 -10 568.000000 163.000000 577.000000 189.000000 1.735764 0.561640 0.532711 -2.306792 0.426263 56.652525 -1.564698 0.031993
Pedestrian -1 -1 -10 1079.000000 150.000000 1232.000000 301.000000 1.737222 0.558643 0.537881 7.152197 1.713530 9.517686 3.602841 0.028102
Pedestrian -1 -1 -10 537.000000 169.000000 561.000000 202.000000 1.781643 0.659883 0.697773 -2.937460 0.976559 39.615117 -2.143883 0.024613
Pedestrian -1 -1 -10 576.000000 163.000000 584.000000 190.000000 1.745002 0.645046 0.730385 -1.565022 0.502472 53.638135 0.048429 0.017742
Pedestrian -1 -1 -10 426.000000 154.000000 442.000000 200.000000 1.794195 0.654451 0.656025 -6.616663 0.666751 28.189457 0.829892 0.017665
Pedestrian -1 -1 -10 495.000000 165.000000 527.000000 221.000000 1.812969 0.595438 0.736975 -3.561139 0.965902 28.138667 1.464357 0.017617
Car -1 -1 -10 471.000000 174.000000 582.000000 263.000000 1.500293 1.642574 3.946462 -1.356513 1.381945 13.857859 1.598723 0.999346
Car -1 -1 -10 1042.000000 154.000000 1228.000000 248.000000 1.705920 1.694311 3.877375 6.709801 1.023553 10.508297 0.014197 0.089340
Car -1 -1 -10 1136.000000 140.000000 1238.000000 314.000000 1.532712 1.581963 3.532306 6.218106 0.862097 7.290084 2.261680 0.014705
Cyclist -1 -1 -10 1141.000000 138.000000 1236.000000 330.000000 1.742506 0.676486 1.598833 4.353385 0.969715 5.529070 1.144101 0.256410
Cyclist -1 -1 -10 769.000000 156.000000 812.000000 262.000000 1.694401 0.693896 1.674363 3.248375 1.022615 12.136402 0.747868 0.087649
Cyclist -1 -1 -10 557.000000 163.000000 574.000000 201.000000 1.761205 0.546807 1.490782 -2.114573 0.538390 44.431409 -1.676883 0.064803
Cyclist -1 -1 -10 497.000000 165.000000 523.000000 215.000000 1.717630 0.593732 1.607051 -4.849865 1.532614 35.056699 -1.720319 0.061242
Cyclist -1 -1 -10 535.000000 167.000000 568.000000 206.000000 1.668687 0.523848 1.618560 -3.211165 0.737655 40.133974 -1.657621 0.052982
Cyclist -1 -1 -10 1052.000000 153.000000 1232.000000 294.000000 1.820545 0.553832 1.337416 6.498440 1.130049 9.142836 3.173325 0.020130
