Pedestrian -1 -1 -10 91.000000 167.000000 142.000000 274.000000 1.768139 0.593976 0.727595 -9.902248 1.420263 14.340404 1.911362 0.070042
Car -1 -1 -10 272.000000 176.000000 414.000000 239.000000 1.496175 1.629187 3.787950 -6.981204 1.661632 19.315091 -3.111841 0.998246
Car -1 -1 -10 743.000000 189.000000 948.000000 331.000000 1.473990 1.562236 3.770781 2.959228 1.752025 9.619877 1.529791 0.992906
Car -1 -1 -10 344.000000 179.000000 475.000000 230.000000 1.496649 1.557229 3.920949 -6.441376 1.503267 22.672424 0.057555 0.979033
Car -1 -1 -10 642.000000 180.000000 679.000000 211.000000 1.461669 1.609263 3.892319 2.603812 1.870697 37.517311 -1.528997 0.965798
Car -1 -1 -10 0.000000 187.000000 163.000000 368.000000 1.532372 1.632697 3.899909 -6.362982 1.653355 6.315045 -3.180977 0.875751
Car -1 -1 -10 396.000000 179.000000 495.000000 222.000000 1.544569 1.680875 3.952372 -5.464591 1.791348 27.152168 0.721148 0.550728
Car -1 -1 -10 434.000000 178.000000 520.000000 214.000000 1.527746 1.572045 3.777214 -6.553920 1.525203 33.337516 0.833979 0.107292
Car -1 -1 -10 -1.000000 195.000000 78.000000 373.000000 1.503002 1.625830 4.045394 -5.555033 1.231449 4.608895 -2.242252 0.043317
Car -1 -1 -10 858.000000 7.000000 1242.000000 369.000000 1.846341 1.723222 4.233443 2.908611 1.413060 3.684669 -1.556370 0.030267
Car -1 -1 -10 832.000000 183.000000 1044.000000 367.000000 1.504794 1.651005 4.018086 2.864490 1.639506 4.364729 1.571816 0.029789
Car -1 -1 -10 668.000000 181.000000 727.000000 216.000000 1.530335 1.537062 3.224602 2.482726 1.549758 20.740068 2.207271 0.029491
Car -1 -1 -10 476.000000 177.000000 545.000000 205.000000 1.543314 1.607877 3.884270 -5.781281 1.477803 41.525940 0.010575 0.025736
Car -1 -1 -10 652.000000 181.000000 704.000000 211.000000 1.459218 1.588411 3.728997 2.890255 1.842331 37.156686 -1.510136 0.011921
Car -1 -1 -10 672.000000 171.000000 762.000000 227.000000 1.665016 1.653586 3.840106 2.804715 1.599969 21.566204 -1.591896 0.010600
Cyclist -1 -1 -10 73.000000 174.000000 150.000000 277.000000 1.734083 0.732931 1.929025 -10.192203 1.421954 14.405934 -0.177514 0.169893
