Car -1 -1 -10 659.000000 182.000000 718.000000 227.000000 1.467253 1.613114 3.896255 2.624141 1.798243 25.008712 -1.581112 0.998703
Car -1 -1 -10 179.000000 200.000000 419.000000 341.000000 1.476518 1.571592 3.740607 -3.871579 1.901141 9.519945 1.590517 0.997728
Car -1 -1 -10 838.000000 166.000000 1048.000000 231.000000 1.556679 1.698177 4.299970 8.070491 1.421384 17.974971 3.142375 0.997402
Car -1 -1 -10 403.000000 185.000000 481.000000 233.000000 1.501821 1.659680 4.115933 -6.377559 2.146572 28.027372 1.783878 0.991654
Car -1 -1 -10 476.000000 185.000000 515.000000 213.000000 1.550630 1.648135 4.089127 -6.222099 2.230989 40.799552 1.704919 0.978956
Car -1 -1 -10 0.000000 220.000000 174.000000 373.000000 1.511854 1.650853 4.146570 -3.533365 1.773536 2.566757 1.504152 0.599391
Car -1 -1 -10 764.000000 166.000000 882.000000 211.000000 1.567669 1.658239 4.114290 8.030105 1.397354 27.361169 3.085798 0.257668
Car -1 -1 -10 812.000000 164.000000 952.000000 221.000000 1.635378 1.626284 3.901464 7.852294 1.332287 21.136375 3.121570 0.237871
Car -1 -1 -10 300.000000 197.000000 412.000000 259.000000 1.534366 1.577854 3.685570 -6.411547 2.169644 18.502498 1.536473 0.119768
Car -1 -1 -10 950.000000 157.000000 1069.000000 192.000000 1.559043 1.638085 4.118740 21.080748 0.943679 38.379033 -0.039268 0.097324
Car -1 -1 -10 394.000000 198.000000 452.000000 235.000000 1.403566 1.596300 4.351827 -6.641692 1.999246 26.356007 1.428259 0.073005
Car -1 -1 -10 1012.000000 151.000000 1136.000000 188.000000 1.564406 1.627203 3.733757 21.930073 0.591785 34.033031 0.041489 0.041534
