Pedestrian -1 -1 -10 814.000000 148.000000 845.000000 252.000000 1.685412 0.757175 0.757030 5.420274 1.172130 17.975914 -1.257005 0.832120
Pedestrian -1 -1 -10 788.000000 154.000000 815.000000 246.000000 1.744779 0.734015 0.744874 4.852864 1.300133 18.291271 -0.837043 0.639556
Pedestrian -1 -1 -10 800.000000 165.000000 863.000000 247.000000 1.703915 0.750850 0.942295 5.399013 1.304787 17.739654 -2.500051 0.042250
Pedestrian -1 -1 -10 722.000000 185.000000 840.000000 269.000000 1.747692 0.750848 0.876357 2.735309 1.930457 12.577499 -0.787678 0.023335
Pedestrian -1 -1 -10 782.000000 162.000000 837.000000 260.000000 1.705468 0.624732 0.724293 5.046926 1.254869 17.916741 -0.872094 0.013684
Pedestrian -1 -1 -10 826.000000 166.000000 849.000000 248.000000 1.722639 0.583567 0.835932 5.566125 1.410971 18.072024 0.936964 0.012270
Car -1 -1 -10 762.000000 185.000000 1037.000000 349.000000 1.503553 1.571993 3.542674 3.003152 1.646080 8.369669 -1.667363 0.999168
Car -1 -1 -10 0.000000 195.000000 270.000000 359.000000 1.543600 1.574004 3.670584 -5.899716 1.930367 9.133046 1.546357 0.998995
Car -1 -1 -10 232.000000 195.000000 376.000000 280.000000 1.492044 1.536807 3.688126 -5.899006 1.923548 14.191580 1.514629 0.997153
Car -1 -1 -10 723.000000 185.000000 838.000000 268.000000 1.441287 1.621982 3.892797 3.255482 1.684712 14.222345 -1.562183 0.986608
Car -1 -1 -10 912.000000 190.000000 1256.000000 374.000000 1.491868 1.619223 3.880507 2.946907 1.651063 3.123509 -1.571931 0.951300
Car -1 -1 -10 327.000000 177.000000 432.000000 225.000000 1.711030 1.702809 4.036066 -11.775351 2.113409 38.548105 -3.097006 0.310123
Car -1 -1 -10 905.000000 169.000000 975.000000 207.000000 1.492431 1.527616 3.738919 13.672225 1.381041 29.161647 1.526031 0.041351
Car -1 -1 -10 291.000000 188.000000 338.000000 213.000000 1.467272 1.645944 3.823976 -19.387305 2.533974 47.970430 0.817887 0.021312
Car -1 -1 -10 1084.000000 203.000000 1239.000000 373.000000 1.522795 1.613560 3.909391 3.823781 1.292125 2.767005 1.681591 0.012895
Cyclist -1 -1 -10 890.000000 176.000000 988.000000 223.000000 1.712978 0.531420 1.608745 11.384035 1.262988 25.327648 -1.140761 0.212263
Cyclist -1 -1 -10 808.000000 162.000000 862.000000 244.000000 1.749858 0.612554 1.635746 5.595594 1.114437 17.969867 0.394088 0.177946
Cyclist -1 -1 -10 737.000000 179.000000 765.000000 210.000000 1.726595 0.669623 1.739460 8.015140 1.817801 41.697892 -2.943837 0.109084
Cyclist -1 -1 -10 840.000000 185.000000 957.000000 224.000000 1.668081 0.523560 1.601594 6.568060 1.637124 16.036993 -1.206810 0.058905
Cyclist -1 -1 -10 814.000000 185.000000 897.000000 237.000000 1.718894 0.717620 1.773506 5.888678 1.600525 18.067730 0.811882 0.054531
Cyclist -1 -1 -10 723.000000 181.000000 842.000000 272.000000 1.743407 0.602617 1.809885 2.837489 1.793387 12.870435 -1.828092 0.041637
Cyclist -1 -1 -10 811.000000 182.000000 831.000000 252.000000 1.663972 0.546344 1.601225 5.303163 1.399162 18.379100 -1.793682 0.016185
Cyclist -1 -1 -10 817.000000 145.000000 845.000000 259.000000 1.694130 0.642055 1.717301 5.443805 1.160926 18.114411 -1.171427 0.014778
