Pedestrian -1 -1 -10 83.000000 166.000000 110.000000 210.000000 1.796119 0.508827 0.937449 -21.161991 1.698601 29.455591 0.005203 0.274335
Pedestrian -1 -1 -10 68.000000 168.000000 91.000000 211.000000 1.748737 0.621903 0.784754 -21.354221 1.674246 29.206510 -2.649006 0.265793
Pedestrian -1 -1 -10 94.000000 168.000000 120.000000 208.000000 1.805994 0.637909 0.815242 -21.318733 1.624394 30.238468 -3.729764 0.142516
Pedestrian -1 -1 -10 596.000000 166.000000 605.000000 198.000000 1.781536 0.567039 0.490320 -0.586340 1.334454 40.860807 -2.625868 0.115681
Pedestrian -1 -1 -10 594.000000 167.000000 614.000000 196.000000 1.855831 0.656608 0.707009 -0.599854 1.323248 40.900908 3.040520 0.023177
Pedestrian -1 -1 -10 592.000000 166.000000 601.000000 196.000000 1.769951 0.465744 0.672016 -0.246345 1.527165 14.602326 0.063897 0.023063
Car -1 -1 -10 622.000000 168.000000 678.000000 193.000000 1.575743 1.685944 4.161778 2.556102 1.300203 46.583010 -2.030504 0.968191
Car -1 -1 -10 541.000000 160.000000 596.000000 196.000000 1.549473 1.623869 3.852709 -2.656567 1.415922 44.388353 -2.154461 0.331753
Car -1 -1 -10 590.000000 167.000000 626.000000 195.000000 1.528463 1.649420 3.985657 -0.231686 1.342337 46.563074 -2.078832 0.294113
Car -1 -1 -10 -2.000000 173.000000 59.000000 222.000000 1.522142 1.593315 3.686588 -18.945820 1.407020 23.901515 -2.210921 0.044332
Car -1 -1 -10 596.000000 167.000000 612.000000 197.000000 1.551695 1.650106 3.951243 -0.204529 1.178631 46.112018 1.265849 0.012197
Cyclist -1 -1 -10 79.000000 167.000000 109.000000 210.000000 1.725220 0.506811 1.725971 -21.319681 1.560779 29.452455 -1.770862 0.134548
Cyclist -1 -1 -10 69.000000 166.000000 97.000000 211.000000 1.708380 0.434213 1.663840 -21.335386 1.621695 29.264314 -2.162580 0.029379
