Pedestrian -1 -1 -10 811.000000 167.000000 831.000000 218.000000 1.808151 0.571764 0.985211 11.199213 1.499374 37.719257 2.756404 0.034745
Car -1 -1 -10 506.000000 178.000000 548.000000 209.000000 1.519024 1.554266 3.497951 -4.169319 1.752376 35.973348 1.644915 0.999544
Car -1 -1 -10 794.000000 183.000000 1025.000000 315.000000 1.466045 1.601785 3.752844 3.730577 1.616475 9.692104 -1.557421 0.999503
Car -1 -1 -10 305.000000 186.000000 447.000000 272.000000 1.504366 1.594728 3.828170 -4.698254 1.831908 14.654803 1.594145 0.999235
Car -1 -1 -10 54.000000 190.000000 354.000000 356.000000 1.520949 1.613957 3.769973 -4.751383 1.841617 8.996037 1.564012 0.998855
Car -1 -1 -10 396.000000 184.000000 488.000000 242.000000 1.431698 1.613354 4.002132 -4.694073 1.784654 20.055615 1.579410 0.998781
Car -1 -1 -10 731.000000 179.000000 861.000000 262.000000 1.447696 1.651524 4.110659 3.655437 1.603536 14.961728 -1.565039 0.997020
Car -1 -1 -10 709.000000 177.000000 786.000000 238.000000 1.505824 1.606077 3.756392 3.755750 1.726445 20.051133 -1.558738 0.996988
Car -1 -1 -10 960.000000 188.000000 1237.000000 373.000000 1.563010 1.652010 3.919922 3.781833 1.763403 4.068020 -1.564143 0.972869
Car -1 -1 -10 698.000000 176.000000 754.000000 222.000000 1.510432 1.603498 3.792967 4.099709 1.729545 25.617531 -1.531630 0.965417
Car -1 -1 -10 527.000000 176.000000 561.000000 205.000000 1.506912 1.646549 4.088813 -3.714941 1.765721 40.807466 1.641109 0.926040
Car -1 -1 -10 688.000000 176.000000 730.000000 214.000000 1.495461 1.596649 3.897434 4.301655 1.680760 31.138836 -1.563267 0.709397
Car -1 -1 -10 1067.000000 171.000000 1191.000000 219.000000 1.538105 1.638692 3.873079 19.075420 1.488283 25.338848 1.619206 0.521930
Car -1 -1 -10 924.000000 171.000000 989.000000 206.000000 1.502545 1.622872 3.853638 12.930434 0.919110 31.039633 -1.799222 0.244881
