Car -1 -1 -10 511.000000 176.000000 562.000000 209.000000 1.536290 1.639230 3.893517 -3.414605 1.601744 34.244939 1.627759 0.999537
Car -1 -1 -10 0.000000 195.000000 321.000000 374.000000 1.482527 1.603420 3.928074 -4.549279 1.788059 7.546363 1.570561 0.999172
Car -1 -1 -10 715.000000 172.000000 784.000000 224.000000 1.556909 1.598648 3.651385 4.512869 1.613196 23.995439 -1.590788 0.989578
Car -1 -1 -10 737.000000 178.000000 816.000000 241.000000 1.450029 1.614527 3.960370 4.270936 1.607874 18.318262 -1.520270 0.988866
Car -1 -1 -10 702.000000 172.000000 750.000000 211.000000 1.600622 1.605032 3.760928 5.293641 1.728739 34.368164 -1.459425 0.835136
Car -1 -1 -10 766.000000 157.000000 972.000000 287.000000 1.690685 1.698756 4.246439 4.071724 1.466995 12.000079 -1.527396 0.818406
Car -1 -1 -10 537.000000 175.000000 574.000000 203.000000 1.500989 1.624654 3.879063 -3.020061 1.712858 40.176912 1.653714 0.584824
Car -1 -1 -10 695.000000 172.000000 729.000000 204.000000 1.521108 1.607778 3.698792 4.979662 1.512358 34.606613 -1.522573 0.557743
Car -1 -1 -10 175.000000 194.000000 314.000000 292.000000 1.537040 1.604986 3.711527 -5.782105 1.779857 9.929045 -2.651774 0.206826
Cyclist -1 -1 -10 175.000000 194.000000 314.000000 292.000000 1.715452 0.421163 1.403836 -9.884303 1.822251 19.276486 -1.338029 0.014807
