Car -1 -1 -10 571.000000 181.000000 604.000000 210.000000 1.515450 1.621263 3.702548 -1.158068 1.346526 41.282442 -1.611234 0.999650
Car -1 -1 -10 168.000000 183.000000 322.000000 254.000000 1.520499 1.608573 3.818869 -8.102399 1.554072 16.795888 -1.607301 0.989955
Car -1 -1 -10 -1.000000 206.000000 314.000000 373.000000 1.465823 1.681728 4.244980 -4.877995 1.673677 7.070275 -1.584212 0.982542
Car -1 -1 -10 290.000000 187.000000 369.000000 237.000000 1.527009 1.633605 3.899770 -8.604266 1.573346 22.439762 -1.608096 0.978952
Car -1 -1 -10 467.000000 186.000000 524.000000 223.000000 1.480613 1.630706 3.977925 -4.650245 1.512720 31.852924 -1.595270 0.892344
Car -1 -1 -10 68.000000 180.000000 202.000000 265.000000 1.515212 1.680032 3.984289 -11.557697 1.438309 18.435043 -1.586156 0.507551
Car -1 -1 -10 15.000000 183.000000 218.000000 304.000000 1.503488 1.541423 3.773675 -8.505464 1.214266 16.445947 0.519334 0.187568
Car -1 -1 -10 112.000000 184.000000 252.000000 256.000000 1.514062 1.575471 3.717377 -11.257408 1.571282 18.146140 -1.555436 0.085737
Car -1 -1 -10 328.000000 191.000000 402.000000 235.000000 1.487853 1.623497 3.865529 -8.311508 1.526179 22.269111 -1.603965 0.084790
Car -1 -1 -10 495.000000 184.000000 536.000000 210.000000 1.513706 1.614841 3.529427 -5.745579 1.346360 42.624680 -3.206113 0.066237
Car -1 -1 -10 243.000000 182.000000 326.000000 227.000000 1.478755 1.590309 3.706423 -8.931175 1.397169 22.345953 -1.884981 0.012590
