Pedestrian -1 -1 -10 769.000000 173.000000 794.000000 239.000000 1.671548 0.603995 0.693356 3.206137 1.608137 14.318538 -0.774872 0.023461
Pedestrian -1 -1 -10 772.000000 168.000000 800.000000 206.000000 1.719905 0.599706 0.641276 8.279181 1.042254 33.340402 -1.884155 0.012707
Car -1 -1 -10 339.000000 188.000000 504.000000 293.000000 1.475922 1.555647 3.771721 -3.081595 1.790080 12.276464 1.660374 0.999310
Car -1 -1 -10 599.000000 178.000000 649.000000 210.000000 1.446587 1.603074 3.866353 0.666022 1.769501 35.871698 1.800846 0.998822
Car -1 -1 -10 623.000000 173.000000 665.000000 207.000000 1.530536 1.604237 3.981913 0.938635 1.735512 37.295229 2.059328 0.848754
Car -1 -1 -10 442.000000 173.000000 508.000000 209.000000 1.517130 1.581075 3.940985 -5.972234 1.561876 32.175430 -1.365511 0.774020
Car -1 -1 -10 654.000000 174.000000 692.000000 201.000000 1.529758 1.582184 3.844158 4.357006 1.919271 48.931461 1.872778 0.123802
Car -1 -1 -10 758.000000 171.000000 805.000000 196.000000 1.508310 1.626164 3.717654 10.783078 1.501573 46.392981 1.753541 0.055576
Car -1 -1 -10 772.000000 168.000000 800.000000 206.000000 1.606325 1.719003 4.025716 10.744159 1.601640 46.601556 -2.815181 0.016563
Car -1 -1 -10 752.000000 170.000000 810.000000 234.000000 1.613415 1.605633 3.686632 3.676548 1.582337 15.738327 -1.284051 0.016029
Cyclist -1 -1 -10 766.000000 164.000000 819.000000 288.000000 1.750807 0.626356 1.862380 2.771607 1.643302 11.108914 -1.368287 0.999078
Cyclist -1 -1 -10 751.000000 170.000000 792.000000 256.000000 1.657205 0.568454 1.717551 3.142199 1.700716 14.334397 -1.565386 0.947566
Cyclist -1 -1 -10 758.000000 170.000000 806.000000 224.000000 1.712978 0.531420 1.608745 3.046635 1.794177 14.928333 -1.334851 0.186362
Cyclist -1 -1 -10 769.000000 173.000000 794.000000 239.000000 1.710079 0.450744 1.675358 3.060868 1.589761 14.585157 -1.362896 0.071078
Cyclist -1 -1 -10 772.000000 168.000000 800.000000 206.000000 1.736953 0.470772 1.458348 3.427038 1.157873 12.810797 -0.610638 0.022437
