Car -1 -1 -10 10.000000 180.000000 366.000000 295.000000 1.552034 1.682897 4.233216 -6.186650 1.661547 10.610854 0.018160 0.999587
Car -1 -1 -10 684.000000 184.000000 778.000000 252.000000 1.395775 1.605368 3.902168 2.716656 1.728741 16.863297 -1.568691 0.999556
Car -1 -1 -10 552.000000 176.000000 585.000000 202.000000 1.518450 1.609630 3.915255 -2.229290 1.682965 41.065223 1.668397 0.996071
Car -1 -1 -10 353.000000 175.000000 508.000000 225.000000 1.539119 1.591814 3.995731 -6.066507 1.826255 24.340156 0.113449 0.987997
Car -1 -1 -10 666.000000 179.000000 717.000000 220.000000 1.450730 1.577320 3.842557 2.862556 1.702869 25.996271 -1.579256 0.909288
Car -1 -1 -10 421.000000 175.000000 515.000000 215.000000 1.524185 1.642056 3.982251 -6.131623 1.264007 32.372973 -3.200972 0.852284
Car -1 -1 -10 291.000000 175.000000 464.000000 234.000000 1.498667 1.633488 3.933070 -6.038715 1.500891 19.011501 -0.879473 0.820737
Car -1 -1 -10 481.000000 175.000000 545.000000 200.000000 1.485270 1.636085 3.858518 -5.902006 1.609809 47.889800 -0.083661 0.388285
Car -1 -1 -10 642.000000 172.000000 675.000000 198.000000 1.536280 1.598934 3.609059 2.916149 1.526954 44.294706 -1.608325 0.167537
Car -1 -1 -10 214.000000 174.000000 406.000000 242.000000 1.536614 1.637226 3.908403 -7.189908 1.462346 18.121384 -3.102933 0.091388
