Pedestrian -1 -1 -10 541.000000 163.000000 565.000000 220.000000 1.772981 0.656831 0.774204 -1.814711 1.195472 23.610202 1.023951 0.992353
Pedestrian -1 -1 -10 245.000000 178.000000 263.000000 226.000000 1.744948 0.546606 0.774796 -12.761700 1.758656 25.318639 0.194479 0.306697
Pedestrian -1 -1 -10 940.000000 141.000000 971.000000 202.000000 1.763178 0.697125 0.816740 9.746744 0.550896 19.791254 0.515177 0.152015
Pedestrian -1 -1 -10 416.000000 163.000000 433.000000 215.000000 1.734013 0.541244 0.735979 -5.456980 1.133600 21.104208 0.314858 0.124388
Pedestrian -1 -1 -10 237.000000 179.000000 255.000000 229.000000 1.747712 0.555563 0.808667 -12.813890 1.766329 25.259622 0.093617 0.056089
Pedestrian -1 -1 -10 416.000000 171.000000 452.000000 213.000000 1.719138 0.606923 0.748787 -5.633106 1.166789 21.382315 0.853351 0.013329
Pedestrian -1 -1 -10 871.000000 155.000000 885.000000 190.000000 1.808739 0.669269 0.896469 9.569320 0.647440 24.967621 0.331164 0.013108
Pedestrian -1 -1 -10 926.000000 142.000000 994.000000 205.000000 1.771505 0.652858 0.678647 9.923806 0.676270 19.901317 1.509473 0.011502
Pedestrian -1 -1 -10 867.000000 155.000000 893.000000 196.000000 1.752443 0.679229 0.870487 9.569470 0.786146 24.689757 -1.623027 0.010402
Car -1 -1 -10 407.000000 178.000000 511.000000 249.000000 1.465433 1.607633 3.831338 -3.405093 1.414434 16.614585 -1.568094 0.999152
Car -1 -1 -10 982.000000 160.000000 1085.000000 189.000000 1.518284 1.605564 3.910123 21.258707 1.436539 33.990642 2.742220 0.693106
Car -1 -1 -10 1072.000000 147.000000 1196.000000 185.000000 1.523370 1.615627 3.970801 26.662531 0.959141 35.655424 0.723985 0.205866
Car -1 -1 -10 414.000000 171.000000 457.000000 212.000000 1.497133 1.603533 3.644198 -7.236806 0.877407 24.768289 -2.457987 0.028280
Car -1 -1 -10 409.000000 173.000000 483.000000 223.000000 1.533273 1.576411 3.522851 -6.321384 0.893038 24.659439 1.856512 0.016062
Car -1 -1 -10 443.000000 179.000000 487.000000 211.000000 1.540046 1.521467 3.368205 -5.054683 1.817406 24.705721 1.936589 0.011686
Cyclist -1 -1 -10 703.000000 159.000000 747.000000 200.000000 1.715987 0.640690 1.763738 5.741281 0.819436 33.887133 -0.236919 0.999476
Cyclist -1 -1 -10 289.000000 170.000000 360.000000 236.000000 1.755400 0.589805 1.753462 -8.210509 1.517235 20.345798 -0.812732 0.999447
Cyclist -1 -1 -10 825.000000 157.000000 850.000000 198.000000 1.826346 0.691491 1.828208 10.319847 0.700208 31.679382 -1.691534 0.935744
Cyclist -1 -1 -10 925.000000 142.000000 996.000000 205.000000 1.735587 0.477735 1.640221 10.081357 0.630831 20.142347 -1.129859 0.802875
Cyclist -1 -1 -10 243.000000 178.000000 263.000000 228.000000 1.728989 0.462366 1.684483 -12.875444 1.636373 25.587663 -1.643004 0.058024
Cyclist -1 -1 -10 939.000000 143.000000 972.000000 199.000000 1.706688 0.461054 1.659840 9.996644 0.539868 20.008688 -0.065138 0.047558
Cyclist -1 -1 -10 858.000000 152.000000 913.000000 201.000000 1.755788 0.620512 1.799110 9.864209 0.771924 24.839141 3.173860 0.028508
Cyclist -1 -1 -10 318.000000 174.000000 355.000000 215.000000 1.721564 0.588335 1.584420 -9.115264 1.426782 24.019359 1.721388 0.027518
Cyclist -1 -1 -10 415.000000 165.000000 439.000000 214.000000 1.752439 0.725966 1.559846 -5.496179 0.992629 21.788594 2.329450 0.015093
