Pedestrian -1 -1 -10 615.000000 140.000000 665.000000 264.000000 1.805871 0.756545 0.831765 0.472588 1.212411 10.563343 1.191704 0.998767
Pedestrian -1 -1 -10 672.000000 135.000000 720.000000 262.000000 1.796358 0.662850 1.070842 1.264805 1.079160 10.770529 1.210514 0.998425
Pedestrian -1 -1 -10 558.000000 138.000000 596.000000 237.000000 1.792195 0.717177 0.973329 -0.536746 1.042943 13.402858 1.539541 0.995201
Pedestrian -1 -1 -10 585.000000 142.000000 624.000000 235.000000 1.758247 0.564258 0.647124 -0.073216 0.986464 13.643129 1.170090 0.991240
Pedestrian -1 -1 -10 504.000000 138.000000 541.000000 229.000000 1.843939 0.800778 1.023517 -1.709045 0.956778 14.433891 1.410278 0.987870
Pedestrian -1 -1 -10 1080.000000 138.000000 1221.000000 367.000000 1.663774 0.563769 0.780990 3.023425 1.421275 3.699148 1.174923 0.966409
Pedestrian -1 -1 -10 484.000000 145.000000 519.000000 229.000000 1.819046 0.591761 1.009711 -2.107525 1.073562 14.841410 0.336788 0.901145
Pedestrian -1 -1 -10 450.000000 140.000000 482.000000 235.000000 1.686135 0.512528 0.614595 -2.589982 0.814167 12.979506 0.942049 0.853534
Pedestrian -1 -1 -10 543.000000 145.000000 569.000000 231.000000 1.768450 0.663004 0.673489 -1.131268 1.083785 14.608085 0.307132 0.623976
Pedestrian -1 -1 -10 528.000000 139.000000 556.000000 205.000000 1.804502 0.659879 0.726032 -1.881251 0.608245 19.912998 1.394139 0.477962
Pedestrian -1 -1 -10 279.000000 134.000000 309.000000 232.000000 1.683829 0.566721 0.602651 -5.694820 1.488668 13.188031 -1.333192 0.435465
Pedestrian -1 -1 -10 503.000000 141.000000 526.000000 211.000000 1.704527 0.606436 0.633486 -2.702662 0.316503 19.491703 -1.181734 0.319467
Pedestrian -1 -1 -10 640.000000 141.000000 666.000000 225.000000 1.743810 0.598895 0.573876 0.961270 0.733769 14.800110 2.729622 0.305861
Pedestrian -1 -1 -10 599.000000 141.000000 622.000000 213.000000 1.748159 0.596933 0.595507 0.121429 0.558367 19.935273 1.080412 0.275258
Cyclist -1 -1 -10 446.000000 140.000000 484.000000 253.000000 1.775050 0.620141 1.828697 -2.529168 1.102504 12.927544 1.482915 0.587164
Cyclist -1 -1 -10 279.000000 138.000000 321.000000 226.000000 1.712978 0.531420 1.608745 -8.008857 0.837275 18.947789 -1.975385 0.439119
Cyclist -1 -1 -10 392.000000 149.000000 443.000000 204.000000 1.806523 0.581727 1.501957 -6.063270 0.747533 22.834291 2.287589 0.410533
Cyclist -1 -1 -10 402.000000 144.000000 428.000000 195.000000 1.787462 0.611130 1.719832 -6.814066 0.421780 25.021958 2.041130 0.237886
Cyclist -1 -1 -10 291.000000 150.000000 350.000000 211.000000 1.699810 0.536108 1.616006 -7.983828 1.081980 19.746035 -1.937125 0.224278
Cyclist -1 -1 -10 312.000000 151.000000 371.000000 204.000000 1.718528 0.431090 1.453365 -5.786714 1.099421 15.870667 -1.225069 0.159449
Cyclist -1 -1 -10 329.000000 151.000000 405.000000 204.000000 1.728997 0.442251 1.494781 -6.118486 1.262582 17.913405 -1.340097 0.100025
Cyclist -1 -1 -10 410.000000 149.000000 468.000000 219.000000 1.705350 0.407490 1.397652 -4.507035 1.360820 19.074214 -1.809085 0.069102
Cyclist -1 -1 -10 491.000000 145.000000 513.000000 201.000000 1.677227 0.541177 1.605847 -2.687785 0.048775 19.573529 -1.647521 0.025074
Cyclist -1 -1 -10 482.000000 145.000000 516.000000 229.000000 1.740696 0.517424 1.679617 -2.193444 0.937893 14.514302 1.973794 0.023113
Cyclist -1 -1 -10 487.000000 141.000000 505.000000 195.000000 1.762250 0.692468 1.664534 -6.130990 -0.355661 39.440385 -2.337713 0.022047
Cyclist -1 -1 -10 600.000000 140.000000 620.000000 204.000000 1.760264 0.649116 1.756622 -0.162507 0.484196 19.991668 0.875153 0.013098
Cyclist -1 -1 -10 1080.000000 135.000000 1220.000000 368.000000 1.623548 0.558901 1.659957 3.137765 1.348305 3.752961 1.439128 0.010688
