Pedestrian -1 -1 -10 987.000000 125.000000 1052.000000 294.000000 1.832836 0.774521 1.096210 4.771396 1.338915 8.489811 -0.969412 0.997647
Pedestrian -1 -1 -10 1049.000000 126.000000 1123.000000 302.000000 1.774680 0.769543 0.887504 5.200166 1.255262 7.997628 -1.467260 0.985711
Pedestrian -1 -1 -10 1006.000000 176.000000 1237.000000 371.000000 1.737063 0.746967 0.780921 2.371518 1.985928 3.024439 -1.532229 0.395615
Pedestrian -1 -1 -10 986.000000 140.000000 1032.000000 245.000000 1.714232 0.492106 0.647755 4.823215 2.139462 9.060843 0.604657 0.116563
Pedestrian -1 -1 -10 987.000000 153.000000 1013.000000 223.000000 1.746313 0.540955 0.553274 6.431869 1.410314 12.153987 3.460825 0.033733
Pedestrian -1 -1 -10 1011.000000 132.000000 1085.000000 272.000000 1.726759 0.553877 0.593993 6.755370 1.976142 11.161853 1.094282 0.014371
Car -1 -1 -10 0.000000 205.000000 120.000000 246.000000 1.431184 1.583380 3.708013 -20.489824 2.613725 26.627500 -3.107384 0.976258
Car -1 -1 -10 839.000000 169.000000 931.000000 209.000000 1.495264 1.547803 3.567973 10.161830 1.399149 27.296962 3.111794 0.964501
Car -1 -1 -10 1002.000000 202.000000 1246.000000 371.000000 1.512516 1.631555 3.843646 2.952761 1.701797 2.048757 -1.576934 0.875121
Car -1 -1 -10 180.000000 178.000000 337.000000 236.000000 1.864953 1.734011 4.183494 -12.797037 2.133356 26.627101 -3.100770 0.299068
Car -1 -1 -10 284.000000 184.000000 363.000000 212.000000 1.500300 1.632418 3.850896 -14.124809 2.200454 35.972902 -2.497634 0.062831
Car -1 -1 -10 949.000000 164.000000 1051.000000 207.000000 1.468327 1.627151 3.942426 15.073414 1.401940 27.445439 3.032951 0.053757
Car -1 -1 -10 0.000000 213.000000 52.000000 270.000000 1.451573 1.596409 3.899339 -16.527713 2.476694 18.429417 0.313457 0.032123
Car -1 -1 -10 1063.000000 160.000000 1191.000000 211.000000 1.428241 1.549306 3.710193 13.404581 1.062450 18.721037 0.045592 0.023226
Car -1 -1 -10 165.000000 192.000000 246.000000 219.000000 1.470097 1.579228 3.853751 -19.625297 2.433900 36.244339 -0.734073 0.021780
Cyclist -1 -1 -10 983.000000 155.000000 1017.000000 217.000000 1.657272 0.630842 1.715413 19.363797 0.528531 36.546185 -1.157773 0.126445
Cyclist -1 -1 -10 1004.000000 166.000000 1236.000000 372.000000 1.687099 0.446466 1.594417 5.305422 1.467485 8.009146 1.475390 0.076528
Cyclist -1 -1 -10 1051.000000 126.000000 1148.000000 319.000000 1.792785 0.502143 1.618101 5.170498 1.285952 8.135953 -1.531430 0.030516
Cyclist -1 -1 -10 974.000000 150.000000 1042.000000 215.000000 1.731804 0.462961 1.483026 6.468417 0.939555 11.089861 -0.349208 0.015378
