Pedestrian -1 -1 -10 674.000000 167.000000 689.000000 210.000000 1.762546 0.739300 0.936465 3.158071 1.591023 31.909738 1.164223 0.971011
Car -1 -1 -10 0.000000 190.000000 266.000000 349.000000 1.495906 1.616757 3.871609 -5.879020 1.762351 8.888563 1.549092 0.999013
Car -1 -1 -10 465.000000 178.000000 518.000000 209.000000 1.439776 1.552181 3.621677 -5.844840 1.693861 35.045228 1.091618 0.998772
Car -1 -1 -10 821.000000 184.000000 1248.000000 375.000000 1.464218 1.571100 3.718247 2.998070 1.576877 5.590952 -1.605591 0.996823
Car -1 -1 -10 341.000000 179.000000 414.000000 206.000000 1.536534 1.589168 3.938307 -13.306821 1.947029 41.487552 0.371562 0.990483
Car -1 -1 -10 73.000000 181.000000 174.000000 234.000000 1.492043 1.650561 3.877708 -17.760301 1.803896 27.185048 -1.739052 0.694945
Car -1 -1 -10 145.000000 179.000000 239.000000 254.000000 1.535611 1.606592 3.815617 -14.990941 1.718596 26.032174 1.506243 0.275359
Car -1 -1 -10 672.000000 171.000000 691.000000 197.000000 1.433382 1.597241 3.448095 2.089345 1.600321 21.976997 0.780510 0.066384
Car -1 -1 -10 26.000000 186.000000 205.000000 254.000000 1.547456 1.605163 3.660172 -10.442349 1.664931 14.543308 1.599857 0.013383
Car -1 -1 -10 110.000000 183.000000 269.000000 286.000000 1.473487 1.614713 3.855900 -6.063775 1.729711 9.078938 1.538050 0.010340
Cyclist -1 -1 -10 674.000000 170.000000 691.000000 206.000000 1.731956 0.575065 1.703697 3.187966 1.600052 31.880583 0.990556 0.010599
