Pedestrian -1 -1 -10 763.000000 153.000000 782.000000 229.000000 1.798802 0.778729 0.831537 4.946561 1.226511 22.504306 1.924073 0.123140
Pedestrian -1 -1 -10 768.000000 158.000000 801.000000 223.000000 1.765828 0.736291 0.854243 5.284499 1.139136 21.965823 -0.935633 0.021715
Car -1 -1 -10 221.000000 186.000000 380.000000 282.000000 1.548745 1.581176 3.733409 -5.837734 1.877570 13.920495 1.561331 0.999346
Car -1 -1 -10 335.000000 188.000000 438.000000 248.000000 1.492961 1.506806 3.583487 -5.752311 1.872203 19.065900 1.525008 0.996277
Car -1 -1 -10 775.000000 177.000000 1081.000000 360.000000 1.453465 1.591666 3.731339 3.026961 1.533957 7.830572 -1.624026 0.994362
Car -1 -1 -10 719.000000 176.000000 868.000000 272.000000 1.510557 1.562236 3.553196 3.113595 1.570555 13.260183 -1.672259 0.992308
Car -1 -1 -10 700.000000 177.000000 785.000000 236.000000 1.448652 1.585256 3.753008 3.362995 1.594822 18.956202 -1.565187 0.988493
Car -1 -1 -10 847.000000 170.000000 940.000000 209.000000 1.441730 1.611841 3.984832 11.501692 1.076126 28.878349 2.544365 0.021485
Car -1 -1 -10 3.000000 199.000000 162.000000 263.000000 1.493009 1.584683 3.954778 -15.419495 2.174473 20.881165 1.347299 0.013778
Cyclist -1 -1 -10 852.000000 174.000000 870.000000 223.000000 1.647532 0.657048 1.688526 7.994136 1.306522 23.521767 2.935820 0.015099
