Pedestrian -1 -1 -10 444.000000 168.000000 461.000000 200.000000 1.770688 0.819137 0.574365 -7.851085 1.387865 35.442706 -1.396971 0.047588
Pedestrian -1 -1 -10 515.000000 174.000000 552.000000 220.000000 1.728907 0.613493 0.741199 -2.595196 1.630083 21.795129 -2.211868 0.012152
Car -1 -1 -10 642.000000 176.000000 675.000000 205.000000 1.525858 1.619454 3.835761 2.704679 1.790252 40.036141 1.671242 0.999376
Car -1 -1 -10 403.000000 170.000000 521.000000 261.000000 1.607906 1.688989 3.924085 -3.003050 1.611798 15.313544 1.555973 0.998008
Car -1 -1 -10 740.000000 195.000000 1008.000000 367.000000 1.480848 1.587564 3.603523 2.497296 1.725637 7.864346 -1.513659 0.997925
Car -1 -1 -10 2.000000 171.000000 257.000000 305.000000 1.472911 1.627832 4.130361 -7.226101 1.453247 8.993320 -3.149409 0.993432
Car -1 -1 -10 900.000000 194.000000 1246.000000 372.000000 1.538592 1.639233 3.837225 2.557587 1.594383 2.386928 -1.545523 0.951171
Car -1 -1 -10 500.000000 175.000000 559.000000 223.000000 1.442551 1.590030 3.966592 -2.964467 1.588184 22.225710 1.870864 0.074868
Car -1 -1 -10 496.000000 172.000000 563.000000 281.000000 1.687295 1.550776 3.651787 -1.232074 1.731997 11.833513 -1.720950 0.014473
Cyclist -1 -1 -10 497.000000 168.000000 562.000000 301.000000 1.793496 0.680228 1.770352 -1.145384 1.706374 10.473077 1.627201 0.999180
Cyclist -1 -1 -10 498.000000 174.000000 561.000000 233.000000 1.717176 0.580976 1.713379 -2.653869 1.630651 21.881946 1.889315 0.348865
Cyclist -1 -1 -10 520.000000 172.000000 554.000000 220.000000 1.685983 0.527656 1.604684 -2.642137 2.044259 21.448579 -1.629204 0.036163
Cyclist -1 -1 -10 898.000000 196.000000 1241.000000 374.000000 1.674748 0.697931 1.759915 2.073762 1.697050 2.902658 -1.631417 0.015134
Cyclist -1 -1 -10 406.000000 169.000000 524.000000 265.000000 1.739275 0.791110 1.866132 -2.927869 1.752180 14.115549 2.447814 0.013323
