Pedestrian -1 -1 -10 682.000000 171.000000 701.000000 216.000000 1.787803 0.731663 0.879319 3.158783 1.718561 29.020572 1.473399 0.848124
Car -1 -1 -10 457.000000 183.000000 508.000000 217.000000 1.457122 1.544995 3.676268 -5.465588 1.816114 30.439504 1.185739 0.997968
Car -1 -1 -10 336.000000 184.000000 417.000000 211.000000 1.564387 1.632156 4.012871 -12.180178 2.215639 37.945491 0.441379 0.995512
Car -1 -1 -10 77.000000 183.000000 184.000000 238.000000 1.595850 1.647925 3.817594 -15.274555 1.869357 23.427069 1.325992 0.982590
Car -1 -1 -10 920.000000 190.000000 1246.000000 373.000000 1.501571 1.621214 3.805952 2.940484 1.639818 2.824079 -1.600928 0.969763
Car -1 -1 -10 0.000000 198.000000 150.000000 372.000000 1.482419 1.592473 3.680912 -5.900164 1.770904 6.450137 1.520541 0.860653
Car -1 -1 -10 2.000000 186.000000 121.000000 243.000000 1.515486 1.638627 3.903425 -17.968369 1.835385 24.325443 -1.728396 0.448678
Car -1 -1 -10 503.000000 172.000000 559.000000 198.000000 1.829614 1.715149 4.059684 -6.812366 1.943693 59.020172 -3.098443 0.035909
Car -1 -1 -10 674.000000 175.000000 706.000000 205.000000 1.533273 1.576411 3.522851 4.472422 2.479130 46.419520 2.187508 0.012013
Cyclist -1 -1 -10 683.000000 171.000000 701.000000 216.000000 1.800103 0.539640 1.757194 3.214370 1.783801 29.056781 1.135765 0.192919
Cyclist -1 -1 -10 921.000000 185.000000 1251.000000 372.000000 1.642855 0.610500 1.735632 2.434158 1.728481 3.340716 -1.618557 0.010940
