Pedestrian -1 -1 -10 828.000000 164.000000 847.000000 216.000000 1.779245 0.689914 0.664004 7.461243 1.474862 23.857149 -1.698747 0.300074
Pedestrian -1 -1 -10 855.000000 166.000000 871.000000 217.000000 1.812174 0.660155 0.678605 8.271754 1.418427 23.552502 1.799559 0.253103
Pedestrian -1 -1 -10 738.000000 169.000000 751.000000 204.000000 1.757062 0.646037 0.793411 6.630322 1.597790 35.538614 -1.543091 0.062524
Pedestrian -1 -1 -10 1160.000000 158.000000 1241.000000 331.000000 1.676244 0.489491 0.527638 4.405478 1.544033 5.239199 1.635153 0.040605
Car -1 -1 -10 1135.000000 167.000000 1238.000000 201.000000 1.672626 1.621106 3.430565 35.222525 1.711822 44.127095 3.712967 0.010848
Cyclist -1 -1 -10 799.000000 160.000000 835.000000 227.000000 1.757883 0.515818 1.748154 5.578466 1.531752 19.386049 -1.529430 0.998725
Cyclist -1 -1 -10 1157.000000 141.000000 1241.000000 371.000000 1.794809 0.548842 1.787323 4.501181 1.626134 5.214143 -0.059826 0.975270
Cyclist -1 -1 -10 826.000000 166.000000 847.000000 219.000000 1.681242 0.420563 1.644921 7.345631 1.387396 23.973281 -1.210147 0.266921
Cyclist -1 -1 -10 738.000000 169.000000 752.000000 205.000000 1.702092 0.485310 1.681392 6.502069 1.594551 35.848469 -1.577915 0.175078
Cyclist -1 -1 -10 1169.000000 159.000000 1240.000000 256.000000 1.728559 0.625630 1.533295 6.050025 1.435588 7.311503 -0.257028 0.016908
