Pedestrian -1 -1 -10 331.000000 178.000000 342.000000 211.000000 1.749721 0.601154 0.794895 -15.433239 1.902413 40.617279 0.751601 0.039926
Pedestrian -1 -1 -10 343.000000 179.000000 353.000000 209.000000 1.804811 0.618802 0.695329 -15.008998 1.886702 41.300798 -2.421072 0.037527
Pedestrian -1 -1 -10 700.000000 159.000000 721.000000 193.000000 1.731122 0.670087 0.811626 5.318571 0.557218 36.064074 0.185866 0.028061
Pedestrian -1 -1 -10 565.000000 166.000000 582.000000 195.000000 1.800091 0.676835 0.974996 -2.065591 1.012068 45.591752 0.366004 0.010016
Car -1 -1 -10 497.000000 175.000000 546.000000 210.000000 1.484763 1.593636 3.745530 -3.638739 1.155037 31.520261 -1.588158 0.998985
Car -1 -1 -10 1071.000000 134.000000 1225.000000 199.000000 1.665053 1.673064 3.997414 14.433936 0.580121 17.997084 -1.579487 0.850759
Cyclist -1 -1 -10 632.000000 162.000000 671.000000 197.000000 1.756582 0.616625 1.768582 2.518172 0.786957 39.407495 -0.093057 0.997885
Cyclist -1 -1 -10 353.000000 175.000000 384.000000 218.000000 1.760160 0.466686 1.804827 -10.323905 1.687010 30.747388 -1.492103 0.988048
Cyclist -1 -1 -10 696.000000 160.000000 727.000000 194.000000 1.776529 0.680949 1.766500 5.293078 0.700638 36.067377 0.217053 0.699295
Cyclist -1 -1 -10 559.000000 169.000000 588.000000 194.000000 1.693995 0.704085 1.789100 -2.065024 0.815518 45.789956 -0.088201 0.101024
