Pedestrian -1 -1 -10 270.000000 158.000000 316.000000 283.000000 1.828998 0.758421 0.857804 -4.706379 1.514291 10.974590 -1.374086 0.996989
Pedestrian -1 -1 -10 1084.000000 44.000000 1123.000000 180.000000 1.705954 0.517439 0.593001 7.364167 1.132264 10.669410 3.180369 0.808034
Pedestrian -1 -1 -10 436.000000 184.000000 478.000000 276.000000 1.672141 0.689518 0.798486 -2.127312 1.667687 10.716554 -1.807535 0.385093
Pedestrian -1 -1 -10 394.000000 188.000000 439.000000 274.000000 1.619633 0.694402 0.859215 -2.839273 1.652283 10.707260 -1.330634 0.158667
Pedestrian -1 -1 -10 452.000000 184.000000 477.000000 241.000000 1.686638 0.542276 0.736850 -5.446826 1.399178 26.580717 0.464210 0.061487
Pedestrian -1 -1 -10 397.000000 190.000000 428.000000 245.000000 1.722121 0.539964 0.662964 -5.607108 1.754491 19.933997 0.332522 0.058780
Pedestrian -1 -1 -10 1099.000000 67.000000 1155.000000 182.000000 1.706830 0.490076 0.598947 7.445654 0.966382 10.197627 3.246476 0.058751
Pedestrian -1 -1 -10 411.000000 188.000000 468.000000 269.000000 1.700572 0.727473 0.818631 -2.328807 1.613285 10.665165 2.347133 0.036606
Pedestrian -1 -1 -10 1121.000000 85.000000 1167.000000 174.000000 1.708820 0.471450 0.596054 7.444030 0.978223 9.956350 3.257225 0.034226
Pedestrian -1 -1 -10 427.000000 189.000000 458.000000 246.000000 1.731453 0.543891 0.573171 -2.892427 1.750683 12.440507 2.336859 0.030374
Car -1 -1 -10 771.000000 138.000000 1102.000000 360.000000 1.773212 1.648195 3.747201 3.169762 1.463832 7.630813 -1.638539 0.992869
Car -1 -1 -10 3.000000 221.000000 160.000000 368.000000 1.459113 1.605009 3.771978 -6.329819 1.810964 7.565733 1.616588 0.010616
Cyclist -1 -1 -10 374.000000 191.000000 425.000000 239.000000 1.712978 0.531420 1.608745 -5.591036 1.537891 18.719458 -1.842063 0.013209
Cyclist -1 -1 -10 392.000000 190.000000 440.000000 271.000000 1.649094 0.530577 1.535330 -2.786568 1.566908 10.912630 -1.262600 0.012098
