Pedestrian -1 -1 -10 1216.000000 136.000000 1241.000000 199.000000 1.720392 0.459275 0.673370 10.031494 1.448508 11.842789 3.732831 0.010496
Car -1 -1 -10 683.000000 179.000000 864.000000 304.000000 1.449134 1.580340 3.663694 2.129964 1.546986 10.521953 -1.694582 0.999299
Car -1 -1 -10 583.000000 170.000000 696.000000 215.000000 1.543495 1.587788 3.945295 1.096647 1.465948 25.895900 2.537403 0.998041
Car -1 -1 -10 852.000000 162.000000 973.000000 211.000000 1.490872 1.619516 3.965835 10.482552 1.216995 24.510579 -0.637809 0.997095
Car -1 -1 -10 931.000000 164.000000 1031.000000 206.000000 1.490192 1.586254 3.574518 14.143218 1.306318 27.090054 -0.601662 0.987967
Car -1 -1 -10 756.000000 166.000000 897.000000 220.000000 1.508758 1.620177 3.792267 6.802051 1.302742 21.707837 -0.589293 0.964889
Car -1 -1 -10 992.000000 156.000000 1094.000000 201.000000 1.653371 1.637695 3.902940 17.957440 1.000372 29.689095 -0.641470 0.958777
Car -1 -1 -10 727.000000 168.000000 834.000000 218.000000 1.489205 1.598479 3.783023 6.575050 1.250428 29.848913 2.588610 0.311569
Car -1 -1 -10 1098.000000 158.000000 1170.000000 191.000000 1.519695 1.596939 3.780649 26.311822 1.589742 34.251642 -1.552500 0.020304
Cyclist -1 -1 -10 716.000000 179.000000 739.000000 222.000000 1.735801 0.595936 1.646425 5.074469 1.530660 32.152013 -0.698478 0.129383
Cyclist -1 -1 -10 717.000000 175.000000 765.000000 223.000000 1.717895 0.714114 1.713163 5.171478 1.615000 28.716701 1.759986 0.083897
Cyclist -1 -1 -10 734.000000 171.000000 756.000000 221.000000 1.727970 0.701663 1.701388 5.163665 1.623084 28.764890 -1.848216 0.076616
Cyclist -1 -1 -10 721.000000 169.000000 830.000000 216.000000 1.741553 0.552739 1.663754 6.304675 1.312569 29.098567 -0.690545 0.065267
Cyclist -1 -1 -10 728.000000 172.000000 746.000000 226.000000 1.639192 0.531856 1.586496 3.623112 1.424336 19.998662 -1.378571 0.029268
Cyclist -1 -1 -10 1216.000000 136.000000 1241.000000 199.000000 1.712978 0.531419 1.608745 18.408392 0.790036 21.675882 -0.859283 0.024648
Cyclist -1 -1 -10 1151.000000 156.000000 1203.000000 203.000000 1.719535 0.378790 1.210761 13.571227 1.542033 17.408828 -0.939483 0.023672
