Car -1 -1 -10 102.000000 190.000000 315.000000 306.000000 1.568901 1.630642 3.804805 -6.591941 1.719782 12.557437 -1.654419 0.999321
Car -1 -1 -10 667.000000 181.000000 729.000000 239.000000 1.507101 1.651312 3.671605 2.937528 1.477397 22.330917 -1.383582 0.999309
Car -1 -1 -10 305.000000 192.000000 403.000000 249.000000 1.502715 1.606491 3.779238 -7.251707 1.695792 20.837189 -1.604344 0.997194
Car -1 -1 -10 9.000000 206.000000 148.000000 263.000000 1.485971 1.653980 3.985071 -15.924457 2.244674 20.452367 1.511914 0.465629
Car -1 -1 -10 82.000000 198.000000 247.000000 279.000000 1.460571 1.620919 3.815388 -10.622444 1.910580 17.442412 -1.514671 0.228396
Car -1 -1 -10 0.000000 213.000000 75.000000 299.000000 1.528632 1.576152 3.305920 -5.761198 1.477677 7.307640 1.428661 0.088802
Car -1 -1 -10 268.000000 189.000000 320.000000 223.000000 1.532545 1.685868 4.017168 -16.815182 1.526521 38.902414 -3.398687 0.047890
Car -1 -1 -10 351.000000 191.000000 402.000000 221.000000 1.543478 1.614721 3.795891 -13.681997 1.821742 42.978950 -1.803603 0.047454
Car -1 -1 -10 214.000000 192.000000 275.000000 241.000000 1.495463 1.614375 3.728948 -11.251293 1.650127 23.250259 -1.446506 0.018981
Car -1 -1 -10 241.000000 197.000000 300.000000 225.000000 1.435171 1.595703 3.452027 -8.434168 1.423243 17.971804 0.247724 0.012737
Car -1 -1 -10 291.000000 196.000000 344.000000 230.000000 1.496814 1.613066 3.668010 -12.670496 1.904789 30.891842 -1.867049 0.010522
