Car -1 -1 -10 801.000000 183.000000 1226.000000 373.000000 1.447244 1.560304 3.664354 2.821030 1.720663 5.787723 -1.575967 0.996986
Car -1 -1 -10 635.000000 177.000000 671.000000 205.000000 1.497786 1.626729 4.029348 2.302668 1.742767 39.667780 -1.608277 0.995459
Car -1 -1 -10 738.000000 180.000000 891.000000 236.000000 1.582162 1.627470 4.087231 5.998334 1.813571 21.260115 3.043405 0.986392
Car -1 -1 -10 140.000000 180.000000 398.000000 264.000000 1.572285 1.595352 3.954334 -6.807770 1.633869 14.082555 -3.226194 0.982132
Car -1 -1 -10 -8.000000 174.000000 295.000000 309.000000 1.503179 1.559748 3.743737 -6.451124 1.523008 10.017877 0.304118 0.977286
Car -1 -1 -10 790.000000 182.000000 959.000000 255.000000 1.513921 1.586446 3.777795 5.990228 1.752796 16.298734 -0.005682 0.959557
Car -1 -1 -10 260.000000 166.000000 457.000000 239.000000 1.488471 1.590161 3.827644 -6.393638 1.450671 18.252159 -2.572552 0.945620
Car -1 -1 -10 3.000000 175.000000 148.000000 365.000000 1.581079 1.630788 4.113169 -6.402364 1.629290 6.204351 -0.094598 0.599971
Car -1 -1 -10 413.000000 176.000000 517.000000 210.000000 1.475037 1.552028 3.700674 -6.312919 1.624969 33.858144 0.037484 0.517402
Car -1 -1 -10 724.000000 174.000000 832.000000 225.000000 1.573094 1.580063 3.932876 5.609515 1.736614 24.536788 2.997390 0.308716
Car -1 -1 -10 863.000000 174.000000 1152.000000 311.000000 1.471217 1.589370 3.793859 6.143975 1.448608 10.955911 0.059858 0.295967
Car -1 -1 -10 832.000000 179.000000 1036.000000 280.000000 1.501952 1.573965 3.887413 6.289929 1.632004 13.020118 0.032732 0.185500
Cyclist -1 -1 -10 539.000000 174.000000 556.000000 209.000000 1.728925 0.565320 1.727993 -3.086498 1.734136 35.073595 -1.567148 0.715721
