Car -1 -1 -10 642.000000 186.000000 699.000000 225.000000 1.420200 1.584007 3.674237 2.276575 1.974254 28.104572 -1.710132 0.997164
Car -1 -1 -10 820.000000 183.000000 1001.000000 253.000000 1.472542 1.568954 3.740865 6.390392 1.708353 15.761178 -2.078148 0.993385
Car -1 -1 -10 304.000000 189.000000 465.000000 239.000000 1.527243 1.645912 4.045329 -7.089860 2.176633 23.931853 -3.102274 0.971669
Car -1 -1 -10 -3.000000 198.000000 259.000000 337.000000 1.541881 1.610041 3.877299 -6.709301 1.951357 8.996759 -3.140413 0.823071
Car -1 -1 -10 250.000000 190.000000 413.000000 253.000000 1.465788 1.614106 3.947682 -7.258863 2.019984 18.789105 -2.944057 0.697445
Car -1 -1 -10 376.000000 188.000000 488.000000 226.000000 1.529665 1.562505 3.994608 -7.005372 2.257202 30.611181 -3.059295 0.692402
Car -1 -1 -10 621.000000 184.000000 666.000000 215.000000 1.492713 1.573507 3.942809 1.678490 2.053450 37.766229 -1.637469 0.588461
Car -1 -1 -10 4.000000 200.000000 134.000000 370.000000 1.580106 1.654788 3.928726 -7.102994 1.809460 7.020431 -3.170886 0.575564
Car -1 -1 -10 82.000000 175.000000 402.000000 283.000000 1.607188 1.652712 3.959025 -6.014041 1.527281 11.695650 -3.090761 0.357675
Car -1 -1 -10 434.000000 189.000000 521.000000 215.000000 1.577846 1.628195 3.881649 -6.699006 2.522946 41.589604 1.532424 0.101715
