Pedestrian -1 -1 -10 167.000000 164.000000 234.000000 338.000000 1.768925 0.625536 0.766541 -4.447345 1.603084 7.902504 1.149272 0.997313
Pedestrian -1 -1 -10 795.000000 153.000000 857.000000 319.000000 1.773063 0.653480 0.916165 2.562627 1.446888 8.202292 1.907659 0.997250
Pedestrian -1 -1 -10 1012.000000 137.000000 1143.000000 362.000000 1.799535 0.576727 1.080143 3.770879 1.424075 5.851532 -2.105716 0.995968
Pedestrian -1 -1 -10 518.000000 167.000000 541.000000 231.000000 1.759824 0.639978 0.733158 -2.101385 1.343884 20.248143 1.849375 0.989753
Pedestrian -1 -1 -10 59.000000 174.000000 136.000000 304.000000 1.767360 0.490682 1.116038 -7.205242 1.758829 10.271368 -3.671384 0.940130
Pedestrian -1 -1 -10 613.000000 166.000000 637.000000 231.000000 1.805756 0.646708 0.848245 0.654507 1.344681 20.766999 2.624894 0.909341
Pedestrian -1 -1 -10 600.000000 164.000000 622.000000 230.000000 1.789494 0.636800 0.842878 0.188173 1.328612 22.251908 2.625117 0.731325
Pedestrian -1 -1 -10 768.000000 183.000000 795.000000 260.000000 1.716642 0.586908 0.768913 3.230342 1.671710 13.090369 2.904374 0.525513
Pedestrian -1 -1 -10 0.000000 191.000000 44.000000 360.000000 1.684205 0.600908 0.649236 -6.107256 1.659902 7.203348 1.945180 0.520385
Pedestrian -1 -1 -10 120.000000 159.000000 155.000000 264.000000 1.816556 0.700292 0.746936 -9.340692 1.649067 14.375925 2.026430 0.499737
Pedestrian -1 -1 -10 107.000000 156.000000 186.000000 268.000000 1.842262 0.672164 0.913363 -7.833427 1.404873 12.768365 -0.103226 0.211614
Pedestrian -1 -1 -10 133.000000 155.000000 170.000000 256.000000 1.885615 0.691594 0.831116 -8.222500 1.234531 13.055527 0.957790 0.181317
Pedestrian -1 -1 -10 103.000000 163.000000 145.000000 278.000000 1.714663 0.462767 0.657221 -6.519600 2.223238 9.600194 2.447228 0.148728
Pedestrian -1 -1 -10 737.000000 180.000000 761.000000 230.000000 1.704143 0.562768 0.629373 4.467018 1.375504 20.630899 2.674270 0.066231
Pedestrian -1 -1 -10 173.000000 168.000000 211.000000 267.000000 1.779005 0.579200 0.784995 -7.326692 1.771452 12.830893 2.501953 0.062087
Pedestrian -1 -1 -10 177.000000 168.000000 201.000000 233.000000 1.712478 0.561188 0.767489 -7.579304 1.167293 12.920953 0.065314 0.051105
Pedestrian -1 -1 -10 777.000000 180.000000 816.000000 265.000000 1.688680 0.581554 0.778887 3.400263 1.659264 12.965249 3.018039 0.041497
Car -1 -1 -10 361.000000 158.000000 493.000000 254.000000 1.874356 1.762862 4.141862 -3.954780 1.356164 16.767871 1.575262 0.977914
Car -1 -1 -10 437.000000 163.000000 523.000000 228.000000 1.834358 1.635087 4.136830 -3.661277 1.330644 23.560443 1.560506 0.242608
Cyclist -1 -1 -10 0.000000 193.000000 43.000000 361.000000 1.665661 0.611716 1.651598 -6.138665 1.588458 7.335042 -2.302447 0.047069
