Car -1 -1 -10 415.000000 189.000000 477.000000 230.000000 1.492542 1.553566 3.622646 -6.290109 2.155212 27.627773 1.607307 0.998078
Car -1 -1 -10 652.000000 175.000000 703.000000 212.000000 1.537403 1.603455 3.856877 2.817771 1.629033 31.366242 -1.618789 0.987626
Car -1 -1 -10 450.000000 187.000000 501.000000 220.000000 1.453290 1.584558 3.911197 -6.218543 2.123760 33.126601 1.575252 0.986761
Car -1 -1 -10 131.000000 200.000000 209.000000 234.000000 1.558707 1.647244 3.875315 -20.855205 2.893996 34.493392 -1.563085 0.963448
Car -1 -1 -10 84.000000 204.000000 157.000000 236.000000 1.548173 1.605721 3.806424 -23.946077 3.163096 35.299649 -2.155491 0.886628
Car -1 -1 -10 29.000000 206.000000 115.000000 240.000000 1.465590 1.617643 3.684833 -25.943330 3.067269 35.204671 -1.577649 0.612767
Car -1 -1 -10 189.000000 200.000000 258.000000 233.000000 1.550764 1.615177 3.891036 -18.090720 2.790053 34.555575 -1.462594 0.534658
Car -1 -1 -10 -1.000000 216.000000 80.000000 372.000000 1.524448 1.596932 3.934582 -6.331153 2.110488 5.355600 1.563707 0.310262
Car -1 -1 -10 481.000000 179.000000 519.000000 209.000000 1.559287 1.638667 3.980504 -6.420894 2.051774 41.273678 -0.243254 0.149569
Car -1 -1 -10 0.000000 199.000000 29.000000 241.000000 1.533273 1.576411 3.522851 -30.657297 3.982050 37.597106 1.388078 0.012814
