Pedestrian -1 -1 -10 708.000000 169.000000 719.000000 197.000000 1.845065 0.599775 0.943437 6.934279 1.566699 48.279182 -2.948925 0.240142
Pedestrian -1 -1 -10 668.000000 168.000000 677.000000 196.000000 1.806250 0.644765 0.961552 4.089096 1.646229 48.412428 0.655647 0.209066
Pedestrian -1 -1 -10 726.000000 170.000000 734.000000 195.000000 1.718767 0.563433 0.613064 7.652445 1.390400 45.217379 2.649619 0.067784
Car -1 -1 -10 376.000000 180.000000 468.000000 239.000000 1.499313 1.526500 3.560081 -5.054747 1.680289 19.627639 1.622740 0.999371
Car -1 -1 -10 726.000000 179.000000 859.000000 262.000000 1.502834 1.638423 4.004811 3.538123 1.629579 15.047959 -1.611368 0.997347
Car -1 -1 -10 787.000000 183.000000 1027.000000 330.000000 1.458616 1.610622 3.842934 3.529554 1.625703 9.429735 -1.563226 0.997308
Car -1 -1 -10 432.000000 177.000000 501.000000 225.000000 1.490639 1.614305 3.890833 -4.879574 1.633090 24.192018 1.632650 0.995711
Car -1 -1 -10 709.000000 177.000000 785.000000 231.000000 1.461533 1.589247 3.732653 3.815022 1.643645 20.519031 -1.554174 0.995052
Car -1 -1 -10 932.000000 196.000000 1248.000000 376.000000 1.510824 1.602545 3.940628 3.321645 1.679304 3.823395 -1.586560 0.991121
Car -1 -1 -10 1083.000000 170.000000 1233.000000 238.000000 1.449836 1.550252 3.819827 11.934074 1.251100 15.835002 1.403255 0.522045
Car -1 -1 -10 4.000000 221.000000 136.000000 371.000000 1.467735 1.627449 4.125009 -4.926413 1.721647 3.388086 1.584101 0.330547
