Pedestrian -1 -1 -10 816.000000 146.000000 854.000000 249.000000 1.793901 0.758882 0.887836 4.688980 1.232698 15.228057 1.800362 0.939486
Pedestrian -1 -1 -10 852.000000 144.000000 886.000000 243.000000 1.662157 0.734666 0.812195 5.308698 1.116529 14.850333 -1.169119 0.507491
Pedestrian -1 -1 -10 770.000000 165.000000 918.000000 262.000000 1.843175 0.819076 0.658533 4.797514 1.307285 15.171379 1.898768 0.016671
Pedestrian -1 -1 -10 837.000000 148.000000 868.000000 249.000000 1.663365 0.726988 0.447155 4.875450 0.895316 14.949114 1.993164 0.010290
Pedestrian -1 -1 -10 1037.000000 147.000000 1058.000000 192.000000 1.760086 0.602693 0.618252 14.535667 0.880131 23.997783 3.227312 0.010259
Car -1 -1 -10 58.000000 194.000000 298.000000 324.000000 1.457228 1.552533 3.654271 -5.933995 1.877638 10.478662 1.521064 0.997518
Car -1 -1 -10 748.000000 180.000000 938.000000 302.000000 1.416805 1.596656 3.809020 3.122240 1.542108 10.476074 -1.602446 0.997175
Car -1 -1 -10 841.000000 185.000000 1232.000000 372.000000 1.536260 1.586276 3.719469 2.948203 1.630329 4.722571 -1.678306 0.990410
Car -1 -1 -10 289.000000 173.000000 409.000000 222.000000 1.791159 1.729403 4.198226 -12.257474 1.928366 34.809631 -3.104734 0.900268
Car -1 -1 -10 1.000000 209.000000 95.000000 374.000000 1.546900 1.598679 3.781780 -6.171086 1.883011 5.745701 1.582847 0.832336
Car -1 -1 -10 156.000000 193.000000 244.000000 226.000000 1.529874 1.593343 3.977552 -20.221459 2.320098 34.998966 -3.137056 0.089505
Car -1 -1 -10 1024.000000 155.000000 1129.000000 187.000000 1.574411 1.600730 3.774350 21.114616 0.695451 34.762653 2.038293 0.073773
Car -1 -1 -10 780.000000 164.000000 904.000000 268.000000 1.463963 1.566135 3.681881 4.991990 1.396279 15.120362 -0.734600 0.019490
Cyclist -1 -1 -10 802.000000 159.000000 865.000000 236.000000 1.621537 0.646680 1.608568 4.682151 0.964149 15.350710 2.353477 0.577083
Cyclist -1 -1 -10 770.000000 165.000000 918.000000 262.000000 1.739373 0.626403 1.682330 4.772625 0.975995 15.250288 -2.407147 0.276690
Cyclist -1 -1 -10 811.000000 164.000000 835.000000 232.000000 1.692060 0.712089 1.746038 4.739744 1.052114 15.382668 -1.423671 0.038915
Cyclist -1 -1 -10 847.000000 147.000000 891.000000 243.000000 1.677025 0.728382 1.775589 5.261650 1.063527 14.914715 -1.152334 0.029385
