Pedestrian -1 -1 -10 1023.000000 146.000000 1077.000000 291.000000 1.765714 0.627935 0.895894 5.360569 1.320282 8.713833 -1.533721 0.965984
Pedestrian -1 -1 -10 457.000000 169.000000 478.000000 225.000000 1.790843 0.755910 0.909322 -4.310089 1.345889 23.111345 -1.188452 0.924532
Pedestrian -1 -1 -10 535.000000 180.000000 554.000000 225.000000 1.723759 0.656801 0.813091 -1.827268 1.616205 22.574242 -2.068804 0.188877
Pedestrian -1 -1 -10 515.000000 181.000000 535.000000 227.000000 1.599326 0.662460 0.756556 -2.487044 1.580547 22.652781 -1.281921 0.038985
Pedestrian -1 -1 -10 433.000000 165.000000 448.000000 216.000000 1.743641 0.546924 0.796150 -4.940489 1.387820 21.820091 2.421632 0.017288
Pedestrian -1 -1 -10 528.000000 180.000000 544.000000 225.000000 1.769826 0.465020 0.689232 -0.970599 1.285425 10.966595 -0.009425 0.013742
Car -1 -1 -10 690.000000 162.000000 781.000000 238.000000 1.732769 1.642269 3.801287 3.556957 1.295612 19.579085 -1.587790 0.995674
Car -1 -1 -10 1009.000000 225.000000 1239.000000 364.000000 1.523481 1.624376 3.786642 3.449232 1.735926 3.196169 1.617416 0.018338
Cyclist -1 -1 -10 1021.000000 147.000000 1079.000000 293.000000 1.798674 0.536787 1.750680 5.432296 1.352803 8.887136 -0.551117 0.326187
Cyclist -1 -1 -10 456.000000 171.000000 481.000000 224.000000 1.775658 0.445478 1.728679 -4.431783 1.390775 23.221067 -2.125101 0.244358
Cyclist -1 -1 -10 462.000000 179.000000 489.000000 215.000000 1.695988 0.616359 1.763607 -5.268757 1.600665 30.548016 2.947146 0.011811
