Pedestrian -1 -1 -10 878.000000 156.000000 888.000000 181.000000 1.792122 0.669100 0.666056 15.638836 0.599450 41.653932 -1.677801 0.019749
Car -1 -1 -10 648.000000 178.000000 793.000000 278.000000 1.496536 1.579367 3.582329 1.799307 1.642430 12.755728 -1.731693 0.998684
Car -1 -1 -10 566.000000 172.000000 666.000000 214.000000 1.486656 1.560898 3.928124 0.293322 1.522082 28.236116 2.508374 0.997792
Car -1 -1 -10 811.000000 163.000000 920.000000 207.000000 1.483107 1.623180 4.098333 9.703449 1.282526 27.056413 -0.683545 0.997644
Car -1 -1 -10 888.000000 166.000000 970.000000 202.000000 1.503115 1.628764 3.815857 13.350356 1.319992 29.835057 -0.630603 0.990039
Car -1 -1 -10 942.000000 157.000000 1030.000000 198.000000 1.642319 1.738977 4.013454 17.068616 1.072655 32.467184 -0.649552 0.969210
Car -1 -1 -10 712.000000 169.000000 856.000000 213.000000 1.501826 1.581979 3.800212 6.305606 1.400156 24.254220 -0.620550 0.906860
Car -1 -1 -10 713.000000 171.000000 790.000000 207.000000 1.456734 1.506004 3.626098 5.706094 1.174516 32.538427 2.346947 0.050092
Cyclist -1 -1 -10 678.000000 178.000000 696.000000 208.000000 1.644032 0.498846 1.624720 3.387215 1.406751 34.467449 -0.559856 0.084637
Cyclist -1 -1 -10 684.000000 175.000000 705.000000 214.000000 1.688622 0.519091 1.622431 3.855758 1.519637 31.246498 -1.493351 0.020145
Cyclist -1 -1 -10 700.000000 170.000000 745.000000 209.000000 1.773464 0.900132 1.756145 4.840533 1.402023 31.331991 -0.312084 0.016107
