Pedestrian -1 -1 -10 789.000000 170.000000 858.000000 370.000000 1.789259 0.688477 0.822482 1.827567 1.732909 6.393565 1.387105 0.989708
Pedestrian -1 -1 -10 410.000000 188.000000 440.000000 264.000000 1.763188 0.642685 0.700606 -3.613717 2.030241 14.061001 -0.695104 0.187904
Pedestrian -1 -1 -10 385.000000 187.000000 455.000000 265.000000 1.755635 0.824275 0.760016 -3.404842 2.044872 13.099089 1.249083 0.037225
Pedestrian -1 -1 -10 815.000000 189.000000 921.000000 363.000000 1.775692 0.697153 0.753014 1.880830 2.030417 4.972324 -0.758152 0.030382
Pedestrian -1 -1 -10 790.000000 187.000000 1159.000000 376.000000 1.667060 0.801875 0.882145 2.200714 1.805914 4.564110 -1.677388 0.024782
Pedestrian -1 -1 -10 770.000000 176.000000 839.000000 266.000000 1.747637 0.457442 0.675369 4.213090 1.950644 15.652803 0.371950 0.013037
Car -1 -1 -10 828.000000 183.000000 1128.000000 376.000000 1.491095 1.607290 3.707350 2.678267 1.557837 6.163419 -1.478326 0.998539
Car -1 -1 -10 763.000000 178.000000 824.000000 229.000000 1.459593 1.612435 4.002104 5.994911 1.665018 24.005412 -1.423253 0.984176
Car -1 -1 -10 351.000000 189.000000 481.000000 259.000000 1.464038 1.592313 3.947662 -4.229075 1.777358 15.028766 1.462562 0.961164
Car -1 -1 -10 790.000000 191.000000 918.000000 358.000000 1.515725 1.627382 3.902113 2.823735 1.610038 5.604428 -0.175305 0.089066
Car -1 -1 -10 751.000000 168.000000 789.000000 208.000000 1.778653 1.708561 4.098277 9.139601 1.645273 40.032343 -1.383773 0.047702
Car -1 -1 -10 772.000000 183.000000 860.000000 237.000000 1.460899 1.439075 2.837530 6.736012 1.636673 24.185325 1.250717 0.013662
Cyclist -1 -1 -10 788.000000 181.000000 865.000000 362.000000 1.753696 0.606800 1.804279 1.852147 1.691698 6.435200 1.470515 0.367872
Cyclist -1 -1 -10 770.000000 176.000000 839.000000 266.000000 1.636111 0.505896 1.583325 3.976086 1.593873 14.097583 -1.306026 0.018494
