Pedestrian -1 -1 -10 786.000000 133.000000 897.000000 371.000000 1.692944 0.538700 0.698914 1.310086 1.438094 4.131998 0.844752 0.998776
Pedestrian -1 -1 -10 1042.000000 128.000000 1173.000000 370.000000 1.704066 0.575203 0.702942 3.198197 1.354414 4.517940 1.568364 0.998561
Pedestrian -1 -1 -10 939.000000 150.000000 1049.000000 367.000000 1.689848 0.516588 0.663786 2.467816 1.554255 4.557335 1.057179 0.997480
Pedestrian -1 -1 -10 636.000000 144.000000 656.000000 201.000000 1.741391 0.661816 0.599691 1.303430 0.582347 22.164919 1.207782 0.948413
Pedestrian -1 -1 -10 418.000000 141.000000 449.000000 213.000000 1.672515 0.587518 0.630057 -5.307165 0.427467 21.776454 0.357982 0.773064
Pedestrian -1 -1 -10 1152.000000 108.000000 1221.000000 368.000000 1.789139 0.643560 0.872158 3.810098 1.438457 4.563615 1.179499 0.693021
Pedestrian -1 -1 -10 372.000000 136.000000 398.000000 197.000000 1.716699 0.718800 0.642711 -7.044169 0.511087 22.387347 0.974058 0.376559
Pedestrian -1 -1 -10 303.000000 139.000000 343.000000 225.000000 1.718939 0.632677 0.912065 -5.170853 0.889327 12.809247 0.131872 0.273112
Pedestrian -1 -1 -10 351.000000 139.000000 377.000000 199.000000 1.750525 0.634595 0.843391 -7.439677 0.468312 21.724273 0.754512 0.192327
Pedestrian -1 -1 -10 967.000000 149.000000 1131.000000 370.000000 1.726438 0.567419 0.870206 2.902697 1.356131 4.507573 0.570941 0.119644
Pedestrian -1 -1 -10 552.000000 144.000000 564.000000 185.000000 1.767413 0.648765 0.689092 -2.121537 -0.117422 35.526190 -1.015611 0.101310
Pedestrian -1 -1 -10 431.000000 142.000000 452.000000 198.000000 1.758310 0.643662 0.781995 -5.161632 0.723913 22.371395 -2.329208 0.080042
Pedestrian -1 -1 -10 416.000000 141.000000 436.000000 189.000000 1.780008 0.563048 0.663406 -10.309157 -0.219415 39.385040 2.287555 0.047200
Pedestrian -1 -1 -10 361.000000 141.000000 388.000000 201.000000 1.734510 0.616014 0.891976 -7.260827 0.315911 21.997057 0.280057 0.038317
Cyclist -1 -1 -10 299.000000 141.000000 344.000000 226.000000 1.732676 0.705899 1.494804 -6.374999 1.573938 15.909898 -0.289444 0.786985
Cyclist -1 -1 -10 411.000000 143.000000 462.000000 216.000000 1.630258 0.520992 1.573630 -3.843449 1.720101 16.746196 -1.788914 0.634623
Cyclist -1 -1 -10 342.000000 142.000000 376.000000 211.000000 1.685893 0.562753 1.688219 -7.498686 0.447072 21.680869 1.858265 0.330026
Cyclist -1 -1 -10 311.000000 141.000000 378.000000 220.000000 1.695880 0.671659 1.649730 -6.068862 1.368261 16.003811 -3.468405 0.185933
Cyclist -1 -1 -10 329.000000 144.000000 352.000000 205.000000 1.674906 0.608848 1.674721 -7.932342 0.550828 21.045853 1.678433 0.179642
Cyclist -1 -1 -10 369.000000 137.000000 399.000000 202.000000 1.677261 0.541110 1.687578 -7.115303 0.375708 22.496832 -1.307316 0.163175
Cyclist -1 -1 -10 426.000000 141.000000 453.000000 205.000000 1.697321 0.484386 1.675668 -5.261290 0.611011 22.698622 0.257383 0.132803
Cyclist -1 -1 -10 418.000000 143.000000 443.000000 207.000000 1.664387 0.531297 1.667637 -5.495115 0.271352 21.882053 -1.253406 0.130968
Cyclist -1 -1 -10 362.000000 141.000000 386.000000 202.000000 1.654122 0.569737 1.539724 -7.291037 0.177329 22.086425 0.264618 0.098299
Cyclist -1 -1 -10 268.000000 146.000000 313.000000 199.000000 1.737086 0.454539 1.496175 -4.818399 0.906706 11.517823 -1.284723 0.061474
Cyclist -1 -1 -10 1150.000000 105.000000 1222.000000 363.000000 1.729101 0.544215 1.792409 4.000505 1.356163 4.609873 -0.626284 0.020845
Cyclist -1 -1 -10 415.000000 140.000000 433.000000 190.000000 1.738080 0.580384 1.395062 -9.729004 -0.228798 38.320593 -1.763288 0.016462
