Car -1 -1 -10 478.000000 185.000000 526.000000 221.000000 1.522227 1.618667 3.776048 -5.167846 2.213168 34.806170 1.606625 0.999616
Car -1 -1 -10 689.000000 187.000000 773.000000 249.000000 1.430076 1.625874 3.899147 3.000592 1.856896 19.274949 -1.578580 0.999185
Car -1 -1 -10 860.000000 177.000000 1003.000000 223.000000 1.524117 1.659958 4.059783 10.812484 1.515306 24.672888 -2.609491 0.994455
Car -1 -1 -10 948.000000 203.000000 1240.000000 371.000000 1.485662 1.598609 3.851187 3.579532 1.769623 3.992222 -1.584723 0.987399
Car -1 -1 -10 671.000000 184.000000 732.000000 230.000000 1.474814 1.623893 4.113427 3.108845 1.896765 25.280897 -1.553646 0.980739
Car -1 -1 -10 504.000000 182.000000 539.000000 215.000000 1.607833 1.649129 4.090864 -4.942358 2.292859 40.088258 1.562342 0.918017
Car -1 -1 -10 973.000000 165.000000 1161.000000 238.000000 1.537495 1.647282 3.893197 11.342695 1.429572 18.226737 -2.464015 0.884763
Car -1 -1 -10 655.000000 178.000000 682.000000 203.000000 1.524260 1.608612 4.031342 4.200890 2.036340 53.489902 -1.519449 0.846448
Car -1 -1 -10 3.000000 220.000000 166.000000 371.000000 1.580392 1.610535 3.792699 -4.968943 2.019518 4.924841 1.544787 0.606795
Car -1 -1 -10 274.000000 187.000000 358.000000 213.000000 1.566452 1.650759 3.996576 -15.776178 2.348897 39.338245 0.009723 0.548111
Car -1 -1 -10 948.000000 174.000000 1082.000000 232.000000 1.539217 1.597680 3.605815 11.452760 1.578020 19.313336 2.403873 0.112469
Cyclist -1 -1 -10 945.000000 200.000000 1232.000000 368.000000 1.657928 0.761873 1.883245 3.029001 1.860601 4.149017 1.443547 0.014715
