Car -1 -1 -10 632.000000 178.000000 700.000000 229.000000 1.429637 1.610301 4.001642 1.751147 1.667743 23.304222 -1.648987 0.999233
Car -1 -1 -10 614.000000 174.000000 652.000000 205.000000 1.556534 1.585116 3.814296 1.035709 1.752567 38.419668 -1.609320 0.980501
Car -1 -1 -10 856.000000 172.000000 1238.000000 354.000000 1.482518 1.606588 4.019999 5.432399 1.627512 7.755077 -0.020729 0.947994
Car -1 -1 -10 185.000000 182.000000 448.000000 248.000000 1.457311 1.647140 4.291855 -7.222486 1.640051 17.448894 -3.396528 0.815201
Car -1 -1 -10 1074.000000 203.000000 1241.000000 371.000000 1.519248 1.587702 4.064206 5.818108 1.687856 6.154356 3.328766 0.668844
Car -1 -1 -10 439.000000 179.000000 497.000000 210.000000 1.584775 1.670729 4.023505 -7.630935 1.620079 42.474980 -1.755339 0.621593
Car -1 -1 -10 1.000000 179.000000 108.000000 369.000000 1.547635 1.614792 4.055973 -6.975594 1.670514 6.573527 -0.030739 0.543693
Car -1 -1 -10 318.000000 182.000000 450.000000 260.000000 1.501749 1.581165 3.833363 -6.518402 1.800129 18.400276 0.121218 0.049060
Car -1 -1 -10 892.000000 168.000000 1171.000000 281.000000 1.568470 1.592891 3.777986 5.228939 1.510167 10.139884 -0.047776 0.016383
Car -1 -1 -10 304.000000 181.000000 413.000000 232.000000 1.517974 1.543910 3.596679 -8.460110 1.712448 22.812838 1.647727 0.013368
Car -1 -1 -10 389.000000 181.000000 483.000000 214.000000 1.505103 1.595071 3.841298 -7.536245 1.540316 31.373192 -2.952540 0.011241
Cyclist -1 -1 -10 369.000000 178.000000 442.000000 289.000000 1.674260 0.564009 1.725030 -3.281269 1.781404 11.734836 1.485802 0.999464
Cyclist -1 -1 -10 399.000000 186.000000 447.000000 232.000000 1.709094 0.389509 1.115120 -6.057898 1.676956 22.963920 -1.175665 0.131027
Cyclist -1 -1 -10 293.000000 182.000000 432.000000 243.000000 1.657880 0.851227 1.835793 -6.016771 1.680191 16.810309 -0.147632 0.079584
