Pedestrian -1 -1 -10 1.000000 167.000000 39.000000 336.000000 1.746406 0.542787 0.593431 -6.902346 1.567300 8.326997 0.308665 0.093434
Car -1 -1 -10 229.000000 176.000000 396.000000 247.000000 1.489007 1.610296 3.714188 -6.935150 1.659483 17.371588 -3.116676 0.997439
Car -1 -1 -10 779.000000 192.000000 1078.000000 375.000000 1.495356 1.567693 3.674301 2.954512 1.752486 7.662725 1.540641 0.996953
Car -1 -1 -10 644.000000 179.000000 681.000000 212.000000 1.471902 1.587742 3.922108 2.848444 1.839730 35.573172 -1.476709 0.995778
Car -1 -1 -10 295.000000 178.000000 467.000000 236.000000 1.564614 1.589248 4.053540 -6.508852 1.543892 20.539358 0.084244 0.983856
Car -1 -1 -10 363.000000 179.000000 496.000000 224.000000 1.530288 1.627517 4.239507 -6.567670 1.668743 27.484976 0.168395 0.815879
Car -1 -1 -10 945.000000 75.000000 1223.000000 374.000000 1.642814 1.633098 3.817247 2.850722 1.281588 2.332997 1.570866 0.241691
Car -1 -1 -10 421.000000 178.000000 514.000000 215.000000 1.551167 1.581612 3.782175 -5.276767 1.459213 34.881592 -0.368475 0.187507
Car -1 -1 -10 936.000000 186.000000 1096.000000 375.000000 1.586455 1.620566 3.770625 2.827626 1.372233 2.266072 -1.559902 0.035343
Car -1 -1 -10 672.000000 174.000000 760.000000 225.000000 1.465212 1.499475 3.176686 2.830479 2.021794 19.947004 0.047859 0.018891
Car -1 -1 -10 458.000000 178.000000 541.000000 207.000000 1.475848 1.585285 3.819722 -5.473928 1.510850 39.692055 -0.064102 0.013590
Car -1 -1 -10 674.000000 135.000000 797.000000 250.000000 2.291538 1.847520 4.552269 2.909697 1.719283 17.742098 -1.595616 0.012819
