Pedestrian -1 -1 -10 655.000000 170.000000 680.000000 217.000000 1.723616 0.714879 0.729656 1.989849 1.741771 26.339500 0.191557 0.026363
Pedestrian -1 -1 -10 440.000000 182.000000 451.000000 222.000000 1.763888 0.574054 0.645761 -5.989387 1.949753 25.867412 0.794149 0.025406
Car -1 -1 -10 446.000000 178.000000 535.000000 248.000000 1.599628 1.644542 3.926395 -2.993968 1.735043 18.885213 -1.587362 0.998781
Car -1 -1 -10 585.000000 176.000000 612.000000 202.000000 1.567599 1.624356 3.945256 -0.737279 1.904388 46.920190 -1.612087 0.994600
Car -1 -1 -10 293.000000 187.000000 362.000000 223.000000 1.530605 1.655926 4.010961 -12.812577 2.258468 33.104662 1.567663 0.993480
Car -1 -1 -10 -1.000000 195.000000 205.000000 300.000000 1.471074 1.649524 4.052460 -9.789234 2.008492 13.767002 1.532987 0.990266
Cyclist -1 -1 -10 653.000000 166.000000 705.000000 219.000000 1.806161 0.657329 1.866401 2.346665 1.611694 25.114539 -2.519919 0.999090
Cyclist -1 -1 -10 650.000000 170.000000 681.000000 215.000000 1.702359 0.675979 1.927898 1.890067 1.457043 26.503063 2.684045 0.485538
Cyclist -1 -1 -10 171.000000 194.000000 206.000000 230.000000 1.700087 0.561949 1.727441 -16.201301 2.250340 28.093904 -2.603593 0.114228
Cyclist -1 -1 -10 650.000000 172.000000 666.000000 211.000000 1.752782 0.579411 1.652014 1.692491 1.533260 26.895101 -1.439146 0.075038
Cyclist -1 -1 -10 668.000000 169.000000 694.000000 209.000000 1.723457 0.555659 1.776320 2.368545 1.440191 24.911070 -2.125976 0.016004
