Pedestrian -1 -1 -10 728.000000 153.000000 739.000000 209.000000 1.803031 0.714742 0.654112 5.134483 1.115652 30.467745 -1.648836 0.196498
Pedestrian -1 -1 -10 742.000000 156.000000 755.000000 207.000000 1.741452 0.669171 0.794709 5.634808 0.991711 30.096313 -1.580996 0.185547
Car -1 -1 -10 391.000000 177.000000 468.000000 229.000000 1.525131 1.560779 3.672790 -5.738791 1.691283 23.202501 1.622862 0.998761
Car -1 -1 -10 777.000000 173.000000 1074.000000 346.000000 1.467036 1.616634 3.995953 3.213550 1.560268 8.488103 -1.624566 0.998726
Car -1 -1 -10 695.000000 172.000000 798.000000 239.000000 1.483287 1.607430 3.756874 3.076226 1.470814 17.058976 -1.611116 0.997244
Car -1 -1 -10 -2.000000 195.000000 289.000000 370.000000 1.499881 1.635965 3.960566 -5.662309 1.839092 8.336611 1.651006 0.988777
Car -1 -1 -10 1004.000000 187.000000 1242.000000 373.000000 1.495635 1.611520 3.795487 3.230131 1.597570 2.635308 1.553961 0.972496
Car -1 -1 -10 433.000000 175.000000 493.000000 216.000000 1.477409 1.564563 3.737872 -5.683507 1.631441 28.287884 1.546777 0.953490
Car -1 -1 -10 677.000000 170.000000 746.000000 217.000000 1.508937 1.569251 3.644649 3.173308 1.421338 22.460060 -1.639971 0.872619
Car -1 -1 -10 95.000000 177.000000 240.000000 227.000000 1.489362 1.570412 3.714008 -14.713224 1.406077 24.703086 -3.223093 0.186373
Car -1 -1 -10 678.000000 172.000000 717.000000 207.000000 1.620560 1.517978 3.279357 3.037823 1.573345 33.841411 -1.474724 0.031465
Car -1 -1 -10 798.000000 160.000000 877.000000 193.000000 1.661962 1.615112 3.861439 12.842431 0.564428 38.796935 2.833120 0.019046
Car -1 -1 -10 162.000000 181.000000 266.000000 222.000000 1.487271 1.563182 3.914099 -14.956276 1.455806 24.683462 -0.043682 0.018498
