Car -1 -1 -10 569.000000 173.000000 656.000000 252.000000 1.521673 1.674108 3.855754 -0.027721 1.342599 16.616637 -1.579934 0.999288
Car -1 -1 -10 88.000000 181.000000 228.000000 240.000000 1.534345 1.584533 3.697165 -12.934679 1.483935 20.848448 -1.530402 0.999238
Car -1 -1 -10 342.000000 187.000000 455.000000 258.000000 1.442885 1.586818 3.788903 -4.691022 1.502377 16.534391 -1.562748 0.999180
Car -1 -1 -10 438.000000 180.000000 510.000000 227.000000 1.482258 1.657894 4.109305 -4.523459 1.345315 24.688394 -1.583875 0.999153
Car -1 -1 -10 254.000000 181.000000 366.000000 239.000000 1.461354 1.601125 3.782410 -8.417679 1.401431 20.458331 -1.569128 0.998547
Car -1 -1 -10 -4.000000 188.000000 189.000000 373.000000 1.568541 1.628826 3.805507 -4.152944 1.674313 3.851974 -1.566829 0.676735
Car -1 -1 -10 606.000000 170.000000 643.000000 212.000000 1.533273 1.576411 3.522851 2.406649 1.334206 55.283096 2.100469 0.213594
Car -1 -1 -10 0.000000 178.000000 109.000000 272.000000 1.514548 1.673238 4.072444 -12.438151 1.618058 14.379934 -1.620816 0.042252
Car -1 -1 -10 407.000000 182.000000 447.000000 210.000000 1.582081 1.635028 3.949961 -8.520475 1.106979 33.982482 -1.685905 0.037603
Car -1 -1 -10 359.000000 169.000000 410.000000 209.000000 1.571970 1.661972 3.913232 -12.040233 0.812388 39.365670 0.018294 0.033601
Car -1 -1 -10 619.000000 179.000000 652.000000 207.000000 1.565572 1.645873 3.781311 2.837818 1.216324 55.754587 -1.549860 0.026485
