Pedestrian -1 -1 -10 679.000000 160.000000 688.000000 191.000000 1.775179 0.609299 0.604185 4.920770 0.784125 48.897204 2.689585 0.017367
Car -1 -1 -10 654.000000 169.000000 713.000000 214.000000 1.515525 1.619012 3.796697 2.454025 1.386996 25.310104 -1.565984 0.998816
Car -1 -1 -10 419.000000 172.000000 532.000000 253.000000 1.501267 1.640949 4.132152 -2.792715 1.483824 15.742812 1.565289 0.997935
Car -1 -1 -10 8.000000 190.000000 400.000000 372.000000 1.456447 1.608613 3.785365 -2.702941 1.632349 4.620422 -1.585553 0.996359
Car -1 -1 -10 543.000000 166.000000 577.000000 193.000000 1.519379 1.668518 4.166008 -2.837426 1.060180 42.378874 1.567304 0.996300
Car -1 -1 -10 920.000000 190.000000 1253.000000 377.000000 1.472084 1.592307 3.749393 2.672106 1.622669 2.388242 -1.606154 0.909930
Car -1 -1 -10 770.000000 138.000000 1174.000000 371.000000 1.754224 1.644039 3.749012 2.791153 1.555846 6.726176 -1.642646 0.905150
Car -1 -1 -10 637.000000 166.000000 675.000000 198.000000 1.503391 1.628716 3.842880 2.789271 1.411773 37.884018 1.487326 0.745038
Car -1 -1 -10 -3.000000 198.000000 212.000000 324.000000 1.505038 1.540311 3.771394 -2.853233 1.766865 4.298639 -2.219976 0.051908
Car -1 -1 -10 1.000000 200.000000 179.000000 268.000000 1.495014 1.511541 3.676423 -6.896783 1.380971 9.389164 1.612785 0.032053
