Car -1 -1 -10 556.000000 174.000000 626.000000 241.000000 1.501492 1.659056 3.443928 -0.526944 1.291569 18.968976 -1.616119 0.999085
Car -1 -1 -10 317.000000 192.000000 485.000000 290.000000 1.439949 1.636706 4.020606 -3.274467 1.555357 12.015169 -1.584560 0.995232
Car -1 -1 -10 425.000000 181.000000 517.000000 244.000000 1.527819 1.610759 4.006286 -3.391584 1.399987 18.867494 -1.588554 0.994540
Car -1 -1 -10 480.000000 176.000000 537.000000 224.000000 1.653258 1.667733 4.021569 -3.664961 1.403069 26.047608 -1.581779 0.912236
Car -1 -1 -10 517.000000 176.000000 557.000000 208.000000 1.624311 1.630502 3.891064 -3.602921 1.212708 34.946231 -1.641849 0.662072
Car -1 -1 -10 399.000000 175.000000 449.000000 211.000000 1.565421 1.604698 3.935156 -8.619109 0.980337 33.233683 -1.764195 0.133533
Car -1 -1 -10 284.000000 178.000000 401.000000 253.000000 1.473210 1.631591 3.838814 -8.055032 1.192598 20.696527 1.613823 0.020388
Car -1 -1 -10 458.000000 180.000000 512.000000 221.000000 1.477476 1.562308 3.685737 -4.374346 1.171079 25.399562 0.886897 0.016102
Car -1 -1 -10 398.000000 181.000000 461.000000 230.000000 1.565165 1.626386 3.884566 -8.337649 1.028838 33.110503 1.641426 0.015767
Car -1 -1 -10 563.000000 174.000000 609.000000 214.000000 1.531402 1.544593 3.218870 -0.577713 1.524373 22.005845 2.059668 0.015319
Car -1 -1 -10 311.000000 181.000000 388.000000 227.000000 1.492527 1.613467 3.803314 -8.335967 1.233882 20.407723 1.659626 0.015029
