Pedestrian -1 -1 -10 303.000000 169.000000 353.000000 304.000000 1.717359 0.558432 0.906607 -3.838717 1.525039 9.938980 -1.420117 0.998352
Pedestrian -1 -1 -10 728.000000 164.000000 762.000000 246.000000 1.769801 0.627408 0.754766 2.692388 1.611774 15.334502 2.808502 0.980846
Pedestrian -1 -1 -10 480.000000 169.000000 502.000000 209.000000 1.824355 0.644519 1.031065 -5.213663 1.252200 33.366726 1.775187 0.111881
Pedestrian -1 -1 -10 527.000000 177.000000 545.000000 210.000000 1.723529 0.768277 1.004678 -3.049658 1.529018 32.679818 -2.111903 0.047451
Pedestrian -1 -1 -10 534.000000 177.000000 551.000000 209.000000 1.764638 0.659988 0.789621 -2.640478 1.486847 32.574443 -1.288859 0.021470
Car -1 -1 -10 648.000000 166.000000 703.000000 213.000000 1.762676 1.638436 3.872040 2.948851 1.104100 29.794897 -1.606889 0.979640
Car -1 -1 -10 15.000000 89.000000 240.000000 371.000000 1.519964 1.617853 3.762330 -2.813683 1.045946 1.984272 1.616104 0.102716
Car -1 -1 -10 669.000000 176.000000 708.000000 218.000000 1.636300 1.659941 4.000612 3.281895 1.157614 29.881560 -1.414086 0.013187
Cyclist -1 -1 -10 480.000000 170.000000 502.000000 209.000000 1.775744 0.518659 1.725698 -5.200529 1.181764 33.159622 1.844879 0.037277
Cyclist -1 -1 -10 648.000000 164.000000 704.000000 216.000000 1.689891 0.596958 1.710354 2.428019 1.368697 24.143445 1.138395 0.011639
Cyclist -1 -1 -10 727.000000 164.000000 763.000000 245.000000 1.674139 0.611392 1.763468 2.732889 1.460727 15.440530 2.674254 0.010630
