Pedestrian -1 -1 -10 673.000000 168.000000 702.000000 255.000000 1.694922 0.590461 0.597688 1.646624 1.419138 14.184398 1.565401 0.994806
Pedestrian -1 -1 -10 707.000000 167.000000 741.000000 256.000000 1.766090 0.711718 0.956162 2.425267 1.411066 14.330456 1.644856 0.956591
Pedestrian -1 -1 -10 429.000000 171.000000 462.000000 261.000000 1.710383 0.682372 1.022289 -3.032521 1.428260 13.855523 -1.742799 0.901959
Pedestrian -1 -1 -10 749.000000 165.000000 769.000000 208.000000 1.777356 0.710770 0.672491 5.922865 1.101055 27.101157 -1.298683 0.061617
Cyclist -1 -1 -10 579.000000 168.000000 613.000000 223.000000 1.735861 0.498036 1.756245 -0.247938 1.320927 24.060953 1.826658 0.998971
Cyclist -1 -1 -10 606.000000 173.000000 636.000000 212.000000 1.737864 0.563266 1.710176 0.718343 1.377340 31.202103 1.016176 0.968584
Cyclist -1 -1 -10 565.000000 169.000000 588.000000 214.000000 1.738608 0.614895 1.847248 -1.151571 1.319142 31.313985 1.212448 0.963992
Cyclist -1 -1 -10 706.000000 167.000000 741.000000 254.000000 1.795714 0.502351 1.684966 2.413418 1.484478 14.469870 -1.523427 0.817769
Cyclist -1 -1 -10 522.000000 172.000000 548.000000 213.000000 1.798107 0.527851 1.698327 -2.833850 1.326587 30.224986 -1.538196 0.695278
Cyclist -1 -1 -10 426.000000 171.000000 463.000000 261.000000 1.842981 0.648594 1.739330 -3.045022 1.521584 13.984664 -1.710722 0.270124
Cyclist -1 -1 -10 716.000000 167.000000 762.000000 234.000000 1.690962 0.609892 1.632058 3.723683 1.701975 18.971214 -0.858010 0.114488
Cyclist -1 -1 -10 820.000000 186.000000 902.000000 341.000000 1.624945 0.522675 1.742991 2.344268 1.727121 6.000744 -1.117174 0.114310
Cyclist -1 -1 -10 732.000000 164.000000 773.000000 221.000000 1.703214 0.474075 1.682156 5.679804 1.063276 26.878961 2.748338 0.038290
Cyclist -1 -1 -10 727.000000 167.000000 747.000000 222.000000 1.703288 0.659999 1.703412 5.018150 1.000095 26.715160 -1.235177 0.014408
