Pedestrian -1 -1 -10 752.000000 175.000000 775.000000 255.000000 1.753505 0.600731 0.779986 3.192845 1.737857 15.365881 3.189360 0.419890
Pedestrian -1 -1 -10 761.000000 167.000000 800.000000 272.000000 1.722083 0.676644 0.966943 2.771941 1.651905 12.084147 -1.367803 0.202733
Pedestrian -1 -1 -10 765.000000 171.000000 790.000000 201.000000 1.798628 0.702629 0.836179 10.776995 1.983153 46.616822 3.329635 0.030154
Pedestrian -1 -1 -10 762.000000 174.000000 793.000000 223.000000 1.685348 0.607042 0.630975 2.948072 1.707752 12.955386 -2.021858 0.022673
Pedestrian -1 -1 -10 775.000000 169.000000 798.000000 235.000000 1.745243 0.462224 0.682842 2.920042 1.216673 11.909835 0.349883 0.011747
Car -1 -1 -10 389.000000 189.000000 524.000000 279.000000 1.477942 1.557900 3.727822 -2.894153 1.849916 14.308018 1.682789 0.999366
Car -1 -1 -10 609.000000 180.000000 656.000000 211.000000 1.491096 1.640884 3.952762 1.304564 1.909757 37.986914 1.827623 0.996917
Car -1 -1 -10 628.000000 177.000000 674.000000 208.000000 1.472110 1.590845 3.866835 1.727598 2.047247 39.006324 2.049987 0.787791
Car -1 -1 -10 466.000000 176.000000 521.000000 213.000000 1.551705 1.563715 3.828510 -5.768131 1.689273 33.732941 -3.018431 0.123308
Cyclist -1 -1 -10 758.000000 165.000000 801.000000 277.000000 1.776373 0.639476 1.874100 2.769017 1.665245 12.112904 -1.411304 0.995324
Cyclist -1 -1 -10 747.000000 173.000000 779.000000 253.000000 1.671544 0.539509 1.750852 3.145180 1.750633 15.459377 -1.610674 0.615670
Cyclist -1 -1 -10 762.000000 172.000000 788.000000 248.000000 1.720237 0.433126 1.659149 3.194880 1.688272 15.387958 -1.298118 0.014724
Cyclist -1 -1 -10 775.000000 169.000000 798.000000 235.000000 1.719849 0.545516 1.573526 8.656526 1.405980 35.804614 -1.397040 0.010206
