Pedestrian -1 -1 -10 852.000000 160.000000 862.000000 190.000000 1.762500 0.712370 0.774443 15.746167 1.020877 45.923496 -1.248362 0.019293
Car -1 -1 -10 630.000000 180.000000 735.000000 255.000000 1.466782 1.576707 3.614471 1.514742 1.650192 16.334007 -1.719889 0.998947
Car -1 -1 -10 558.000000 173.000000 648.000000 212.000000 1.514563 1.583350 3.875858 -0.211201 1.619861 31.813492 2.464083 0.998113
Car -1 -1 -10 775.000000 166.000000 869.000000 205.000000 1.507408 1.623860 3.893491 9.119159 1.280874 30.729214 -0.685640 0.996387
Car -1 -1 -10 706.000000 169.000000 809.000000 211.000000 1.492201 1.590974 4.061422 5.682358 1.503270 27.860945 -0.696936 0.990771
Car -1 -1 -10 846.000000 169.000000 915.000000 201.000000 1.434865 1.561320 3.494884 12.890777 1.264671 33.559786 -0.663261 0.984341
Car -1 -1 -10 893.000000 161.000000 974.000000 197.000000 1.619341 1.726902 4.077286 16.254481 1.224537 36.242100 -0.670134 0.841325
Car -1 -1 -10 686.000000 172.000000 741.000000 204.000000 1.488081 1.585951 3.725303 5.308674 1.429111 35.576107 -1.316981 0.094792
Car -1 -1 -10 1093.000000 206.000000 1240.000000 367.000000 1.511128 1.584940 3.823823 2.863244 1.506799 1.086011 -1.549059 0.032881
Cyclist -1 -1 -10 680.000000 172.000000 735.000000 204.000000 1.770982 0.547243 1.644429 4.887778 1.538984 34.998148 -0.779792 0.032464
Cyclist -1 -1 -10 662.000000 177.000000 684.000000 212.000000 1.660490 0.581673 1.719071 3.472073 1.649607 35.225610 -1.415824 0.029189
Cyclist -1 -1 -10 664.000000 176.000000 704.000000 208.000000 1.680601 0.615222 1.733450 3.395047 1.674763 35.219675 -2.100961 0.020493
Cyclist -1 -1 -10 651.000000 176.000000 675.000000 207.000000 1.653320 0.577937 1.651345 2.505575 1.711212 37.345247 -2.200262 0.017904
Cyclist -1 -1 -10 689.000000 170.000000 712.000000 208.000000 1.749102 0.587950 1.700679 4.696296 1.430678 35.409591 -1.427937 0.012544
Cyclist -1 -1 -10 630.000000 180.000000 736.000000 254.000000 1.734252 0.964640 1.847923 1.571307 1.752562 15.294311 0.233623 0.011739
Cyclist -1 -1 -10 670.000000 175.000000 690.000000 217.000000 1.671725 0.619958 1.752125 3.382121 1.657095 35.203891 -2.101203 0.011617
