Car -1 -1 -10 343.000000 185.000000 467.000000 261.000000 1.513294 1.602155 3.775347 -4.554072 1.847662 16.402766 1.599660 0.999516
Car -1 -1 -10 534.000000 178.000000 569.000000 204.000000 1.553386 1.618968 3.718632 -3.577057 1.870204 43.460380 1.613537 0.998538
Car -1 -1 -10 424.000000 184.000000 507.000000 236.000000 1.429065 1.575699 3.865230 -4.322827 1.844871 22.238368 1.612055 0.998301
Car -1 -1 -10 774.000000 187.000000 967.000000 297.000000 1.464207 1.618264 3.852075 3.858198 1.719441 11.605494 -1.551136 0.996993
Car -1 -1 -10 882.000000 184.000000 1238.000000 373.000000 1.523203 1.602933 3.742419 3.892141 1.699188 6.555073 -1.604710 0.996034
Car -1 -1 -10 702.000000 179.000000 779.000000 233.000000 1.462845 1.620955 3.949171 3.931427 1.717736 22.268830 -1.572122 0.995867
Car -1 -1 -10 734.000000 181.000000 834.000000 253.000000 1.487333 1.620996 3.792869 3.986672 1.707498 17.124401 -1.530223 0.995217
Car -1 -1 -10 467.000000 183.000000 529.000000 224.000000 1.488023 1.578158 3.842094 -4.245558 1.831775 27.351415 1.633842 0.993112
Car -1 -1 -10 691.000000 178.000000 740.000000 219.000000 1.659489 1.611732 3.847316 4.425706 1.982203 32.653268 1.571588 0.957085
Car -1 -1 -10 687.000000 177.000000 722.000000 209.000000 1.518006 1.611967 3.799181 5.394525 1.859254 37.629063 -0.789033 0.229771
Car -1 -1 -10 971.000000 178.000000 1086.000000 218.000000 1.592203 1.707030 3.894719 15.468555 1.356265 26.559559 -1.703157 0.057064
Cyclist -1 -1 -10 960.000000 183.000000 1071.000000 225.000000 1.709678 0.374206 1.255275 10.871463 1.821214 19.535492 -1.076008 0.025746
