Pedestrian -1 -1 -10 2.000000 181.000000 96.000000 373.000000 1.746564 0.621375 0.920707 -4.364506 1.856948 5.436439 -3.217360 0.015762
Car -1 -1 -10 673.000000 184.000000 764.000000 245.000000 1.430806 1.642250 4.039577 2.708821 1.690266 18.657913 -1.583098 0.999393
Car -1 -1 -10 12.000000 177.000000 371.000000 299.000000 1.528006 1.661399 4.184557 -6.112300 1.593495 10.662855 -0.020204 0.998509
Car -1 -1 -10 745.000000 178.000000 861.000000 227.000000 1.500368 1.603799 3.759038 6.421677 1.804961 23.600146 0.083722 0.975828
Car -1 -1 -10 436.000000 173.000000 532.000000 209.000000 1.517198 1.599207 3.786040 -5.780095 1.670475 32.897713 -3.177203 0.949206
Car -1 -1 -10 308.000000 175.000000 494.000000 233.000000 1.554410 1.649701 3.966370 -5.665079 1.611296 20.280508 -0.084293 0.879368
Car -1 -1 -10 693.000000 175.000000 756.000000 207.000000 1.526377 1.617544 4.014366 6.218748 1.531291 37.031202 0.046710 0.629424
Car -1 -1 -10 384.000000 175.000000 508.000000 218.000000 1.491075 1.469116 2.959643 -5.565470 1.474601 23.643244 0.768900 0.584338
Car -1 -1 -10 218.000000 174.000000 400.000000 250.000000 1.549891 1.585635 3.878328 -6.728084 1.665462 17.173259 -3.255502 0.533949
Car -1 -1 -10 0.000000 180.000000 97.000000 370.000000 1.493654 1.608453 4.006809 -6.092302 1.571549 5.161412 -3.147353 0.518834
Car -1 -1 -10 903.000000 -6.000000 1233.000000 371.000000 1.691565 1.655443 3.970828 2.792293 1.255052 2.616830 -1.578169 0.271676
