Pedestrian -1 -1 -10 914.000000 141.000000 1008.000000 372.000000 1.751241 0.601446 0.800454 2.475176 1.449961 5.446414 -2.215378 0.986967
Pedestrian -1 -1 -10 808.000000 171.000000 877.000000 336.000000 1.669589 0.673494 0.562919 2.271535 1.668862 7.266245 2.939102 0.974440
Pedestrian -1 -1 -10 1079.000000 115.000000 1241.000000 365.000000 1.713731 0.593760 1.026292 2.788517 1.310525 3.742553 -1.937598 0.626708
Pedestrian -1 -1 -10 860.000000 163.000000 1075.000000 357.000000 1.716461 0.619047 0.690413 2.543098 1.428883 5.552551 1.505350 0.333459
Pedestrian -1 -1 -10 936.000000 155.000000 990.000000 299.000000 1.719906 0.599706 0.641275 3.092808 0.874012 6.740128 -1.668068 0.123530
Pedestrian -1 -1 -10 34.000000 199.000000 56.000000 249.000000 1.691077 0.510188 0.548200 -15.275039 2.201237 19.538398 -2.133813 0.015557
Pedestrian -1 -1 -10 913.000000 173.000000 999.000000 252.000000 1.696087 0.677303 0.623620 8.856803 2.137388 17.652912 2.109102 0.013322
Car -1 -1 -10 602.000000 180.000000 630.000000 207.000000 1.547143 1.613143 4.207685 0.341083 2.098829 46.711655 -1.560023 0.999181
Car -1 -1 -10 348.000000 191.000000 414.000000 229.000000 1.471459 1.610379 3.857645 -9.487185 2.246941 30.355364 1.597628 0.996480
Car -1 -1 -10 373.000000 189.000000 420.000000 216.000000 1.538383 1.657691 4.040383 -9.887432 2.287904 30.978806 1.629075 0.061421
Car -1 -1 -10 1002.000000 132.000000 1241.000000 369.000000 1.598804 1.623302 3.561101 3.511420 1.166327 4.434662 -0.893995 0.012497
Cyclist -1 -1 -10 1026.000000 116.000000 1246.000000 374.000000 1.695330 0.612170 1.710412 2.901401 1.318799 3.736359 -1.873621 0.937255
Cyclist -1 -1 -10 803.000000 167.000000 887.000000 339.000000 1.673959 0.493484 1.708023 2.191954 1.580751 7.334827 -1.673229 0.874964
Cyclist -1 -1 -10 870.000000 157.000000 1063.000000 363.000000 1.704333 0.455079 1.684076 2.576296 1.464978 5.701756 2.707273 0.731946
Cyclist -1 -1 -10 913.000000 139.000000 1001.000000 379.000000 1.728827 0.443760 1.659738 2.681114 1.429700 5.883596 2.594400 0.077145
Cyclist -1 -1 -10 884.000000 168.000000 982.000000 278.000000 1.675766 0.481549 1.561837 9.520866 1.640724 21.095020 -1.192696 0.042996
Cyclist -1 -1 -10 922.000000 151.000000 991.000000 255.000000 1.713772 0.417992 1.387912 8.950721 1.447511 18.692737 -0.405246 0.023529
Cyclist -1 -1 -10 1046.000000 232.000000 1065.000000 271.000000 1.723407 0.380759 1.188857 7.816000 2.161458 12.755575 -1.047131 0.011121
