Pedestrian -1 -1 -10 810.000000 164.000000 830.000000 213.000000 1.756549 0.586393 0.641112 7.372712 1.395967 25.545388 -1.448764 0.194039
Pedestrian -1 -1 -10 831.000000 166.000000 852.000000 212.000000 1.755784 0.651467 0.719754 8.164991 1.361697 25.396853 -1.466128 0.173457
Pedestrian -1 -1 -10 786.000000 162.000000 814.000000 218.000000 1.724934 0.634370 0.947779 5.494900 1.384134 20.747340 -1.424030 0.013221
Cyclist -1 -1 -10 1033.000000 127.000000 1228.000000 352.000000 1.847151 0.517223 1.752797 4.457388 1.427347 6.321218 -1.597449 0.999768
Cyclist -1 -1 -10 784.000000 161.000000 817.000000 222.000000 1.752045 0.554274 1.749724 5.499164 1.433763 20.840459 -1.525614 0.998782
Cyclist -1 -1 -10 808.000000 166.000000 831.000000 214.000000 1.726117 0.547768 1.721590 7.459526 1.361114 25.888289 -1.237008 0.307490
Cyclist -1 -1 -10 828.000000 166.000000 852.000000 212.000000 1.756473 0.545618 1.775771 8.119511 1.458419 25.619264 -1.770569 0.277504
Cyclist -1 -1 -10 730.000000 170.000000 748.000000 203.000000 1.728854 0.543308 1.768609 6.399249 1.610561 37.301713 3.264119 0.180799
Cyclist -1 -1 -10 817.000000 166.000000 840.000000 212.000000 1.759628 0.557429 1.764997 7.624431 1.337041 25.615063 -0.765799 0.072598
Cyclist -1 -1 -10 1049.000000 164.000000 1136.000000 227.000000 1.712978 0.531420 1.608745 25.742256 3.487805 41.879492 -0.978811 0.025767
Cyclist -1 -1 -10 1050.000000 149.000000 1230.000000 250.000000 1.689432 0.779088 1.900804 8.712312 1.367759 11.321396 3.666046 0.016774
