Car -1 -1 -10 214.000000 196.000000 386.000000 289.000000 1.545898 1.626332 3.935504 -5.811971 2.047124 14.012942 1.577910 0.999623
Car -1 -1 -10 807.000000 153.000000 931.000000 199.000000 1.565324 1.676872 4.161339 9.273915 0.975297 26.370512 3.297343 0.998326
Car -1 -1 -10 337.000000 193.000000 439.000000 255.000000 1.465371 1.574814 3.832445 -5.886645 2.015907 19.374687 1.582163 0.996585
Car -1 -1 -10 391.000000 190.000000 472.000000 238.000000 1.462782 1.570714 3.805207 -5.851808 2.059428 24.174158 1.557256 0.994262
Car -1 -1 -10 663.000000 175.000000 711.000000 209.000000 1.524266 1.588712 3.926954 3.433415 1.651937 32.154999 1.538650 0.970577
Car -1 -1 -10 438.000000 187.000000 501.000000 223.000000 1.458594 1.591538 3.834434 -5.805469 2.072538 30.051093 1.578281 0.969629
Car -1 -1 -10 482.000000 184.000000 524.000000 215.000000 1.542935 1.621493 3.977978 -5.580218 2.094706 37.700204 1.627834 0.957084
Car -1 -1 -10 746.000000 160.000000 850.000000 196.000000 1.493402 1.674541 4.209366 8.378745 1.207582 33.642959 -0.333604 0.479923
Car -1 -1 -10 1120.000000 132.000000 1242.000000 176.000000 1.588627 1.654311 3.798002 22.641474 0.221809 28.564250 0.028492 0.148936
Car -1 -1 -10 650.000000 175.000000 692.000000 203.000000 1.531884 1.633174 3.763988 4.036154 1.640435 42.603156 1.706911 0.134517
