Car -1 -1 -10 670.000000 180.000000 746.000000 232.000000 1.462772 1.608060 3.897131 2.793415 1.689252 21.609734 -1.565261 0.998801
Car -1 -1 -10 228.000000 196.000000 373.000000 278.000000 1.482757 1.588209 3.856148 -6.311312 2.004935 14.891318 1.562110 0.998623
Car -1 -1 -10 894.000000 161.000000 1163.000000 241.000000 1.552030 1.698717 4.269021 8.155334 1.376550 14.487896 3.168218 0.998218
Car -1 -1 -10 466.000000 183.000000 510.000000 214.000000 1.529750 1.616095 3.954806 -6.306449 2.084066 37.368998 1.586239 0.991552
Car -1 -1 -10 375.000000 183.000000 470.000000 238.000000 1.542699 1.611696 3.963081 -6.539207 2.017873 25.048490 1.778945 0.980938
Car -1 -1 -10 3.000000 211.000000 312.000000 371.000000 1.463705 1.549275 3.644651 -3.768063 1.784946 5.483546 1.590681 0.943659
Car -1 -1 -10 792.000000 159.000000 940.000000 213.000000 1.617755 1.650173 4.045288 8.122088 1.321265 23.934878 3.137347 0.500525
Car -1 -1 -10 852.000000 161.000000 1048.000000 231.000000 1.638636 1.627291 3.879739 7.987747 1.228620 17.715352 3.135498 0.316215
Car -1 -1 -10 1030.000000 149.000000 1139.000000 191.000000 1.537328 1.609586 3.819694 22.196434 0.583579 33.155040 0.008997 0.198930
Car -1 -1 -10 368.000000 199.000000 440.000000 242.000000 1.387243 1.560152 4.172698 -6.473871 1.996873 22.675011 1.486517 0.087354
Car -1 -1 -10 485.000000 183.000000 520.000000 209.000000 1.570682 1.549343 3.753898 -6.674973 2.095318 41.128981 1.547894 0.067367
Car -1 -1 -10 698.000000 167.000000 772.000000 192.000000 1.671275 1.667010 4.017727 8.593829 1.460987 49.841998 3.186695 0.052629
Car -1 -1 -10 1149.000000 139.000000 1238.000000 187.000000 1.550786 1.668104 4.023491 22.715358 0.661559 26.727952 0.010000 0.022672
Car -1 -1 -10 931.000000 160.000000 1056.000000 206.000000 1.535687 1.605980 3.753951 21.086458 0.605981 32.867073 -1.636890 0.012055
Car -1 -1 -10 1193.000000 132.000000 1241.000000 188.000000 1.799496 1.671467 3.965900 20.828795 0.490552 23.225270 -1.565215 0.011080
