Pedestrian -1 -1 -10 355.000000 168.000000 373.000000 228.000000 1.717164 0.461756 0.667662 -5.212063 1.489532 14.873555 -0.203504 0.012051
Car -1 -1 -10 377.000000 186.000000 511.000000 276.000000 1.469009 1.595388 3.719774 -2.986475 1.761483 13.643242 -1.552593 0.999419
Car -1 -1 -10 635.000000 180.000000 680.000000 217.000000 1.494355 1.640679 3.960804 1.901059 1.834852 30.797980 1.533646 0.999398
Car -1 -1 -10 543.000000 172.000000 575.000000 200.000000 1.843500 1.682349 4.075341 -3.401681 1.816004 49.462998 1.581546 0.999263
Car -1 -1 -10 -4.000000 171.000000 412.000000 374.000000 1.593164 1.663058 3.974455 -3.130989 1.604898 5.874078 1.541725 0.995455
Car -1 -1 -10 631.000000 173.000000 654.000000 200.000000 1.777009 1.666519 3.880336 2.182783 1.799492 48.909747 -1.530118 0.552888
Car -1 -1 -10 476.000000 176.000000 533.000000 202.000000 1.511449 1.675550 3.916586 -6.437160 1.823596 46.152600 -2.367032 0.237180
Car -1 -1 -10 280.000000 183.000000 386.000000 263.000000 1.501604 1.589587 3.797338 -6.924766 1.487948 16.663607 -3.163356 0.015363
Cyclist -1 -1 -10 106.000000 171.000000 304.000000 236.000000 1.707722 0.662225 1.722359 -8.142667 1.379037 16.189383 0.021481 0.014801
Cyclist -1 -1 -10 340.000000 181.000000 360.000000 239.000000 1.685554 0.524361 1.650407 -9.318952 1.217085 25.525575 -1.417899 0.013333
