Car -1 -1 -10 571.000000 179.000000 604.000000 209.000000 1.506096 1.613685 3.818222 -1.153939 1.166920 40.503778 -1.588471 0.999604
Car -1 -1 -10 345.000000 188.000000 460.000000 252.000000 1.451727 1.635807 4.050428 -5.004412 1.505206 17.946609 -1.570751 0.999203
Car -1 -1 -10 226.000000 187.000000 334.000000 245.000000 1.445990 1.556065 3.561740 -8.786675 1.551165 19.779101 -1.602898 0.998053
Car -1 -1 -10 25.000000 188.000000 254.000000 289.000000 1.518453 1.607303 3.789411 -7.886244 1.601712 12.620236 -1.599081 0.997649
Car -1 -1 -10 0.000000 233.000000 197.000000 375.000000 1.532668 1.632088 3.926720 -3.476986 1.670286 2.610326 -1.567182 0.946789
Car -1 -1 -10 -3.000000 178.000000 143.000000 263.000000 1.523451 1.614009 3.895257 -12.905908 1.581655 16.861241 -1.629656 0.874007
Car -1 -1 -10 371.000000 183.000000 424.000000 212.000000 1.517223 1.466722 3.143107 -10.438012 1.153287 34.777974 -1.846808 0.628601
Car -1 -1 -10 284.000000 183.000000 340.000000 222.000000 1.640811 1.632867 3.882342 -11.653662 1.543555 27.772116 -1.560445 0.309735
Car -1 -1 -10 352.000000 179.000000 400.000000 210.000000 1.620336 1.678797 3.999555 -13.596205 1.338889 41.096754 -1.917676 0.082827
Car -1 -1 -10 505.000000 183.000000 539.000000 209.000000 1.467344 1.542765 3.692219 -5.281520 1.219793 42.904334 -1.661177 0.049177
Car -1 -1 -10 408.000000 183.000000 453.000000 212.000000 1.472726 1.514980 3.232587 -13.056861 2.349707 54.332218 -1.869452 0.048677
