Car -1 -1 -10 331.000000 188.000000 443.000000 254.000000 1.541455 1.640566 3.863075 -5.681599 1.989928 18.567373 1.608278 0.999699
Car -1 -1 -10 396.000000 186.000000 476.000000 234.000000 1.484571 1.566444 3.854769 -5.640110 1.920925 24.127200 1.563874 0.996318
Car -1 -1 -10 961.000000 164.000000 1231.000000 371.000000 1.537689 1.669814 3.990829 3.092043 1.621316 2.816318 -1.548957 0.981200
Car -1 -1 -10 437.000000 184.000000 499.000000 224.000000 1.455238 1.544393 3.646086 -5.556835 1.914924 28.824520 1.593071 0.977728
Car -1 -1 -10 785.000000 156.000000 884.000000 194.000000 1.566695 1.591963 3.631038 9.354239 0.884780 31.727505 2.582267 0.961279
Car -1 -1 -10 1.000000 198.000000 233.000000 376.000000 1.653078 1.656513 3.972819 -5.871265 1.963658 7.557145 -1.536003 0.942135
Car -1 -1 -10 663.000000 174.000000 705.000000 202.000000 1.660590 1.674524 4.090652 3.736795 1.525958 36.579490 1.574842 0.774002
Car -1 -1 -10 1102.000000 135.000000 1241.000000 176.000000 1.544795 1.682416 3.969322 23.198936 0.140082 29.726519 -0.050799 0.707685
Car -1 -1 -10 470.000000 182.000000 519.000000 214.000000 1.529069 1.644478 3.987344 -5.524080 2.007540 34.915054 1.578175 0.679585
Car -1 -1 -10 736.000000 159.000000 846.000000 191.000000 1.507921 1.582335 3.944461 8.937543 1.038136 36.179700 0.040845 0.275844
Car -1 -1 -10 1022.000000 144.000000 1117.000000 174.000000 1.547090 1.578030 3.688746 23.639384 0.088594 37.738127 0.012204 0.247546
Car -1 -1 -10 501.000000 180.000000 540.000000 207.000000 1.529515 1.599519 3.924527 -5.186197 1.978013 42.447217 1.664289 0.202657
Car -1 -1 -10 1058.000000 139.000000 1163.000000 174.000000 1.577289 1.647791 3.927643 22.556467 0.115056 33.473517 2.002680 0.117285
Cyclist -1 -1 -10 958.000000 147.000000 1230.000000 381.000000 1.677320 0.679313 1.798216 2.504197 1.708677 3.366630 -1.611794 0.018563
