Pedestrian -1 -1 -10 843.000000 153.000000 886.000000 270.000000 1.758509 0.635952 0.811970 3.705067 1.225325 10.334145 -1.638591 0.996539
Pedestrian -1 -1 -10 572.000000 160.000000 600.000000 249.000000 1.726255 0.573776 0.808077 -0.337403 1.322038 14.327264 -0.873044 0.993269
Pedestrian -1 -1 -10 509.000000 158.000000 539.000000 241.000000 1.825311 0.701330 0.979749 -1.777155 1.302143 16.137469 1.579719 0.959461
Pedestrian -1 -1 -10 410.000000 157.000000 440.000000 251.000000 1.791228 0.642374 0.709975 -3.550274 1.374388 13.987631 2.370026 0.919560
Pedestrian -1 -1 -10 719.000000 146.000000 779.000000 269.000000 1.737397 0.683865 0.890636 2.218608 1.331000 11.030569 2.849363 0.822042
Pedestrian -1 -1 -10 607.000000 164.000000 625.000000 212.000000 1.787871 0.631142 0.844198 0.394737 1.126157 25.860271 -2.029431 0.311949
Pedestrian -1 -1 -10 591.000000 163.000000 608.000000 213.000000 1.671482 0.659820 0.690196 -0.042559 0.972248 26.692344 -1.612463 0.221714
Pedestrian -1 -1 -10 555.000000 162.000000 572.000000 211.000000 1.730218 0.632613 0.702923 -1.437715 1.018466 27.262129 -1.534164 0.212659
Pedestrian -1 -1 -10 174.000000 160.000000 340.000000 378.000000 1.697795 0.763351 0.736402 -2.547374 1.463271 5.097518 1.136705 0.139550
Pedestrian -1 -1 -10 667.000000 155.000000 695.000000 221.000000 1.777769 0.625023 0.767171 2.146423 1.695101 20.481095 -0.998554 0.123948
Pedestrian -1 -1 -10 529.000000 163.000000 556.000000 228.000000 1.688147 0.698312 0.576742 -1.572485 1.128716 20.502451 1.567781 0.120917
Pedestrian -1 -1 -10 652.000000 157.000000 677.000000 204.000000 1.770196 0.615363 0.651023 2.541570 0.818845 29.425540 -1.460651 0.016180
Car -1 -1 -10 1062.000000 227.000000 1237.000000 367.000000 1.527249 1.612739 3.879192 2.696672 1.233052 3.287180 -0.880225 0.059283
Car -1 -1 -10 0.000000 244.000000 143.000000 369.000000 1.527586 1.621208 3.937225 -4.313404 1.655275 5.267409 -0.723578 0.038158
Cyclist -1 -1 -10 165.000000 162.000000 341.000000 377.000000 1.714992 0.638280 1.735507 -2.559124 1.493097 5.073795 1.123272 0.996079
Cyclist -1 -1 -10 712.000000 148.000000 787.000000 269.000000 1.773044 0.555720 1.819131 2.175356 1.309410 11.008690 1.313051 0.955424
Cyclist -1 -1 -10 664.000000 157.000000 696.000000 219.000000 1.706687 0.653559 1.391370 2.259611 1.548467 23.136501 -2.115896 0.287486
Cyclist -1 -1 -10 2.000000 215.000000 47.000000 292.000000 1.736345 0.531275 1.659054 -7.478517 1.599917 9.168896 -2.848620 0.012594
Cyclist -1 -1 -10 655.000000 157.000000 679.000000 208.000000 1.725364 0.399642 1.179765 2.073875 1.744578 23.010359 -1.494271 0.010687
