Car -1 -1 -10 648.000000 174.000000 733.000000 235.000000 1.440381 1.625168 4.035559 2.052329 1.528566 19.407786 -1.635634 0.999117
Car -1 -1 -10 627.000000 168.000000 666.000000 203.000000 1.572101 1.552485 3.637993 1.727313 1.421953 34.474998 -1.632199 0.991300
Car -1 -1 -10 182.000000 183.000000 419.000000 255.000000 1.437162 1.604638 4.011097 -6.627774 1.683318 16.514126 -3.006880 0.977179
Car -1 -1 -10 1013.000000 148.000000 1240.000000 371.000000 1.764950 1.648406 3.874647 5.353309 1.615031 6.169842 -0.081843 0.945730
Car -1 -1 -10 397.000000 175.000000 496.000000 211.000000 1.598005 1.664481 4.000438 -7.000454 1.529265 30.949306 -0.069169 0.831898
Car -1 -1 -10 98.000000 179.000000 351.000000 277.000000 1.438197 1.609059 4.244931 -7.222407 1.573173 13.736996 -3.163424 0.480007
Car -1 -1 -10 277.000000 180.000000 427.000000 238.000000 1.554970 1.634991 3.810765 -6.933523 1.509498 18.175395 1.903510 0.203110
Car -1 -1 -10 446.000000 174.000000 516.000000 200.000000 1.477674 1.650954 3.901394 -7.931081 1.563645 43.359227 -3.212865 0.173378
Car -1 -1 -10 1144.000000 163.000000 1240.000000 379.000000 1.513226 1.621331 4.025442 5.311831 1.631274 4.187516 -0.270022 0.041325
Car -1 -1 -10 317.000000 177.000000 476.000000 220.000000 1.584876 1.657182 4.087621 -7.124002 1.534068 27.236432 -3.132905 0.035054
Car -1 -1 -10 168.000000 185.000000 334.000000 352.000000 1.525704 1.575553 3.770165 -3.747199 1.792400 6.565343 -2.180144 0.018204
Cyclist -1 -1 -10 162.000000 180.000000 332.000000 371.000000 1.710782 0.563474 1.764785 -3.153541 1.755600 6.378549 1.550332 0.999129
Cyclist -1 -1 -10 173.000000 183.000000 348.000000 278.000000 1.704646 0.722397 1.742266 -6.199722 1.691160 13.123744 -0.008702 0.359164
