Pedestrian -1 -1 -10 135.000000 178.000000 163.000000 248.000000 1.682744 0.542090 0.603486 -6.057064 1.876750 9.380551 -1.461765 0.097767
Car -1 -1 -10 737.000000 173.000000 1000.000000 359.000000 1.659135 1.648631 4.008134 2.733866 1.696520 8.536536 -1.552167 0.998856
Car -1 -1 -10 644.000000 178.000000 679.000000 206.000000 1.458140 1.566865 3.560153 2.700042 1.696800 37.280947 -1.532680 0.996022
Car -1 -1 -10 8.000000 190.000000 295.000000 335.000000 1.558502 1.652641 4.058222 -6.234544 1.731152 8.746407 -3.174135 0.991187
Car -1 -1 -10 690.000000 182.000000 820.000000 269.000000 1.460164 1.614924 3.944354 2.767835 1.705337 14.536381 -1.604908 0.990389
Car -1 -1 -10 663.000000 175.000000 725.000000 228.000000 1.607095 1.567446 3.700425 2.667291 1.649058 23.657332 -1.617595 0.714913
Car -1 -1 -10 329.000000 184.000000 484.000000 231.000000 1.582846 1.596414 3.889526 -5.954236 1.763280 22.187147 -0.120948 0.599633
Car -1 -1 -10 5.000000 198.000000 162.000000 376.000000 1.558267 1.642869 4.175092 -6.477594 1.752389 6.216859 -0.029244 0.588082
Car -1 -1 -10 114.000000 190.000000 332.000000 296.000000 1.492727 1.610779 4.083591 -6.672530 1.786123 11.507527 -3.052870 0.486951
Car -1 -1 -10 427.000000 177.000000 521.000000 212.000000 1.569526 1.609514 3.869372 -6.095386 1.804706 33.556663 0.170320 0.272346
Car -1 -1 -10 403.000000 190.000000 489.000000 221.000000 1.528332 1.619464 3.968307 -6.099707 1.361079 28.207362 1.503857 0.048216
Car -1 -1 -10 176.000000 188.000000 327.000000 251.000000 1.513104 1.604813 3.897342 -8.402127 1.556414 18.105585 -3.086751 0.029601
Car -1 -1 -10 106.000000 180.000000 175.000000 251.000000 1.491762 1.573941 3.908591 -13.802710 1.210537 20.827218 0.402787 0.027035
Car -1 -1 -10 728.000000 176.000000 874.000000 274.000000 1.465857 1.597294 3.788357 3.101666 1.613100 14.321045 -1.439679 0.023339
Car -1 -1 -10 468.000000 176.000000 535.000000 205.000000 1.520154 1.589312 3.963150 -6.081387 1.708488 42.384111 0.248739 0.020466
Car -1 -1 -10 202.000000 183.000000 304.000000 228.000000 1.523527 1.609919 3.835667 -9.298348 1.382591 19.182680 -1.975393 0.012849
Car -1 -1 -10 805.000000 179.000000 984.000000 279.000000 1.533273 1.576411 3.522851 6.203205 2.117393 12.646247 2.452970 0.012362
Cyclist -1 -1 -10 126.000000 179.000000 169.000000 246.000000 1.699149 0.375860 1.344465 -11.376382 1.419369 17.676251 -2.161533 0.154091
Cyclist -1 -1 -10 102.000000 187.000000 190.000000 241.000000 1.686753 0.632279 1.689726 -13.639747 1.615720 21.191138 -0.593881 0.024719
