Pedestrian -1 -1 -10 794.000000 161.000000 836.000000 266.000000 1.686437 0.598825 0.700827 3.195865 1.314270 11.015644 -1.727639 0.989920
Pedestrian -1 -1 -10 925.000000 147.000000 963.000000 268.000000 1.639753 0.451316 0.641898 5.302987 0.990490 10.762953 2.536312 0.153525
Pedestrian -1 -1 -10 786.000000 172.000000 811.000000 267.000000 1.737604 0.545051 0.832978 3.037373 1.549742 11.097003 3.386377 0.080971
Pedestrian -1 -1 -10 894.000000 151.000000 923.000000 247.000000 1.698904 0.512385 0.607155 5.169809 1.179701 12.380742 2.976258 0.068524
Pedestrian -1 -1 -10 913.000000 145.000000 944.000000 263.000000 1.727121 0.590245 0.770005 5.076467 1.321341 10.897541 -0.591522 0.037655
Pedestrian -1 -1 -10 849.000000 156.000000 873.000000 219.000000 1.702729 0.539089 0.586956 7.222580 1.826279 20.210994 0.455882 0.032773
Pedestrian -1 -1 -10 593.000000 152.000000 601.000000 180.000000 1.781814 0.661266 0.754994 -0.297424 -0.098494 51.429018 -1.117466 0.018141
Pedestrian -1 -1 -10 346.000000 158.000000 397.000000 209.000000 1.693912 0.592251 0.698729 -7.252277 0.683603 22.342592 -1.468746 0.016527
Pedestrian -1 -1 -10 336.000000 156.000000 401.000000 270.000000 1.749095 0.701170 0.827227 -3.208520 1.365528 9.932664 1.650446 0.011208
Pedestrian -1 -1 -10 360.000000 155.000000 386.000000 200.000000 1.701286 0.631273 0.762074 -7.185092 0.401630 22.366252 -2.392630 0.011177
Car -1 -1 -10 1211.000000 172.000000 1238.000000 269.000000 1.478427 1.545716 3.556058 9.927076 1.713551 10.890026 2.209889 0.016121
Cyclist -1 -1 -10 430.000000 159.000000 490.000000 264.000000 1.708715 0.560294 1.712453 -2.528794 1.336906 12.482943 1.651044 0.999636
Cyclist -1 -1 -10 326.000000 148.000000 409.000000 297.000000 1.739298 0.627794 1.819365 -3.105199 1.354283 9.659946 1.527371 0.998958
Cyclist -1 -1 -10 446.000000 159.000000 501.000000 231.000000 1.649343 0.507148 1.584454 -3.607927 1.643133 20.952151 -1.749844 0.102885
Cyclist -1 -1 -10 342.000000 160.000000 399.000000 241.000000 1.698919 0.371476 1.336916 -6.541033 1.645084 20.291420 -1.909055 0.039963
Cyclist -1 -1 -10 353.000000 159.000000 393.000000 206.000000 1.705199 0.552511 1.618258 -7.288609 0.632691 22.752224 -1.296253 0.023241
