Pedestrian -1 -1 -10 812.000000 146.000000 887.000000 284.000000 1.820755 0.610234 1.044963 3.334233 1.345198 9.827641 0.015582 0.996258
Pedestrian -1 -1 -10 475.000000 145.000000 554.000000 305.000000 1.882765 0.742610 1.066803 -1.159559 1.467676 8.386696 0.276001 0.987136
Pedestrian -1 -1 -10 98.000000 171.000000 138.000000 303.000000 1.676581 0.566322 0.673363 -8.532821 1.571599 12.328246 -0.029437 0.923407
Pedestrian -1 -1 -10 72.000000 175.000000 118.000000 314.000000 1.704073 0.689400 0.796276 -8.670638 1.579719 12.045320 0.332326 0.807733
Pedestrian -1 -1 -10 502.000000 157.000000 609.000000 281.000000 1.797963 0.618065 1.096499 -0.655158 1.387512 11.158101 -0.132991 0.136957
Pedestrian -1 -1 -10 826.000000 151.000000 838.000000 187.000000 1.755108 0.601096 0.740505 13.016941 0.314005 40.357729 -1.256658 0.070746
Pedestrian -1 -1 -10 18.000000 180.000000 169.000000 319.000000 1.696540 0.693450 0.829019 -8.637628 1.494325 12.135328 -2.778153 0.039183
Pedestrian -1 -1 -10 -1.000000 195.000000 296.000000 362.000000 1.747505 0.720371 0.692865 -2.319407 1.821513 3.537313 -2.640677 0.035026
Pedestrian -1 -1 -10 835.000000 156.000000 857.000000 195.000000 1.719906 0.599706 0.641275 13.057257 0.233816 38.975601 -1.794280 0.025958
Car -1 -1 -10 449.000000 169.000000 482.000000 194.000000 1.533605 1.656432 3.845703 -8.768883 0.884122 44.563754 1.442505 0.998863
Car -1 -1 -10 1.000000 192.000000 318.000000 368.000000 1.484845 1.564751 3.766422 -3.220509 1.629217 3.895787 -1.558653 0.991902
Car -1 -1 -10 1166.000000 142.000000 1223.000000 185.000000 1.477203 1.606841 3.875137 25.190760 0.138041 29.250955 2.907984 0.103292
Cyclist -1 -1 -10 519.000000 154.000000 639.000000 271.000000 1.720019 0.553690 1.756646 -0.517954 1.381968 11.186117 -0.107379 0.999717
Cyclist -1 -1 -10 481.000000 151.000000 584.000000 288.000000 1.767134 0.844360 1.862289 -1.557103 1.429843 9.361301 3.019475 0.847255
Cyclist -1 -1 -10 36.000000 191.000000 186.000000 297.000000 1.644467 0.546080 1.606195 -8.619673 1.527017 12.204894 -1.156198 0.150607
Cyclist -1 -1 -10 824.000000 153.000000 840.000000 187.000000 1.711083 0.534823 1.620727 12.845827 0.149296 40.029790 1.417369 0.108310
Cyclist -1 -1 -10 64.000000 176.000000 141.000000 317.000000 1.689648 0.531720 1.602226 -8.544180 1.388307 12.237607 -1.127390 0.057197
Cyclist -1 -1 -10 -1.000000 195.000000 296.000000 362.000000 1.685851 0.688074 1.800237 -2.564953 1.640492 3.690230 1.663528 0.023976
Cyclist -1 -1 -10 490.000000 166.000000 527.000000 198.000000 1.708939 0.521205 1.662976 -5.514730 0.763800 38.673888 2.567121 0.016027
