Pedestrian -1 -1 -10 916.000000 151.000000 933.000000 196.000000 1.721772 0.533816 0.673048 5.507080 1.071707 12.766099 3.036410 0.015588
Pedestrian -1 -1 -10 928.000000 147.000000 951.000000 203.000000 1.719906 0.599706 0.641275 7.010758 0.640346 15.327206 -1.694735 0.010249
Car -1 -1 -10 780.000000 169.000000 872.000000 209.000000 1.555439 1.663222 3.880853 8.824520 1.461818 28.921297 0.076176 0.994478
Car -1 -1 -10 600.000000 334.000000 696.000000 373.000000 1.460102 1.541598 3.277147 0.610822 1.944689 11.441715 2.557908 0.014011
Cyclist -1 -1 -10 911.000000 151.000000 935.000000 205.000000 1.744652 0.621393 1.577435 6.975578 1.468866 16.297886 -1.798820 0.096414
Cyclist -1 -1 -10 922.000000 149.000000 947.000000 206.000000 1.740749 0.457602 1.427604 7.713140 1.573421 17.455363 -0.560124 0.038747
Cyclist -1 -1 -10 915.000000 170.000000 937.000000 213.000000 1.738283 0.626419 1.603270 7.050522 1.542086 16.256290 -1.791584 0.034928
Cyclist -1 -1 -10 903.000000 160.000000 927.000000 205.000000 1.744620 0.624348 1.509696 7.049146 1.459311 16.746994 -1.147623 0.029000
Cyclist -1 -1 -10 891.000000 152.000000 969.000000 205.000000 1.729311 0.584591 1.695878 6.550691 1.181760 15.183298 -1.751278 0.026774
Cyclist -1 -1 -10 931.000000 145.000000 957.000000 202.000000 1.671935 0.589706 1.606787 8.082339 1.362046 17.446540 -1.097459 0.014096
Cyclist -1 -1 -10 886.000000 162.000000 937.000000 199.000000 1.746161 0.587212 1.700011 6.251232 1.185800 15.342132 -1.779554 0.010700
