Pedestrian -1 -1 -10 746.000000 165.000000 795.000000 299.000000 1.666765 0.599205 0.701128 2.008254 1.479935 8.782998 -1.336779 0.998298
Pedestrian -1 -1 -10 676.000000 152.000000 739.000000 322.000000 1.759457 0.656632 0.855606 0.977279 1.459594 7.378330 -2.984451 0.995346
Pedestrian -1 -1 -10 542.000000 165.000000 573.000000 250.000000 1.722026 0.491566 0.943845 -0.988560 1.396239 15.042323 -2.741770 0.981472
Pedestrian -1 -1 -10 342.000000 165.000000 365.000000 235.000000 1.711927 0.689423 0.673665 -6.445511 1.250224 18.327759 -1.931739 0.905563
Pedestrian -1 -1 -10 605.000000 163.000000 635.000000 239.000000 1.776298 0.587237 0.859140 0.386385 1.284664 16.905028 -2.147897 0.882987
Pedestrian -1 -1 -10 633.000000 162.000000 664.000000 247.000000 1.710781 0.550261 0.955153 0.912003 1.361122 15.045651 -2.124233 0.872784
Pedestrian -1 -1 -10 556.000000 164.000000 589.000000 242.000000 1.734317 0.651196 0.787374 -0.651816 1.308337 16.793020 -1.747106 0.850633
Pedestrian -1 -1 -10 1143.000000 138.000000 1228.000000 297.000000 1.688947 0.637777 0.657710 6.011204 1.242655 7.425625 1.106467 0.705491
Pedestrian -1 -1 -10 628.000000 171.000000 649.000000 245.000000 1.733681 0.613570 0.641839 0.678844 1.439709 16.978659 -1.076502 0.208949
Pedestrian -1 -1 -10 711.000000 173.000000 740.000000 236.000000 1.696339 0.729878 0.618609 2.896606 1.549965 16.560920 0.329393 0.133138
Pedestrian -1 -1 -10 678.000000 162.000000 714.000000 237.000000 1.688907 0.571849 0.639010 2.357735 1.120661 17.773107 -0.967125 0.126924
Car -1 -1 -10 300.000000 157.000000 511.000000 301.000000 1.681348 1.662564 4.030865 -2.796011 1.421762 11.094381 1.664530 0.891440
Cyclist -1 -1 -10 630.000000 162.000000 662.000000 244.000000 1.744814 0.597330 1.670013 0.853446 1.379197 15.202859 0.517330 0.152945
Cyclist -1 -1 -10 340.000000 166.000000 365.000000 235.000000 1.699275 0.656303 1.632679 -6.673202 1.115956 18.707237 0.232317 0.057888
Cyclist -1 -1 -10 673.000000 165.000000 710.000000 232.000000 1.712978 0.531420 1.608745 1.988941 1.481864 17.598578 -1.443387 0.052662
Cyclist -1 -1 -10 607.000000 162.000000 639.000000 240.000000 1.738042 0.512638 1.671956 0.324953 1.302884 17.230813 -1.555772 0.050900
Cyclist -1 -1 -10 697.000000 174.000000 736.000000 238.000000 1.671447 0.555384 1.704986 2.854623 1.371409 17.182154 -1.922863 0.029592
Cyclist -1 -1 -10 678.000000 161.000000 727.000000 283.000000 1.670194 0.495401 1.570831 2.927910 1.625545 20.201401 -1.465732 0.014722
Cyclist -1 -1 -10 1140.000000 132.000000 1227.000000 306.000000 1.703111 0.538716 1.843964 5.965233 1.230801 7.368946 2.330577 0.014300
