Pedestrian -1 -1 -10 836.000000 164.000000 871.000000 261.000000 1.731525 0.694833 0.971106 4.456156 1.599834 13.313773 1.399393 0.993735
Pedestrian -1 -1 -10 396.000000 187.000000 410.000000 213.000000 1.675253 0.581913 0.524666 -5.729730 1.813504 19.573662 -2.542771 0.224482
Pedestrian -1 -1 -10 391.000000 185.000000 404.000000 212.000000 1.776276 0.635362 0.623721 -11.935394 2.276056 39.741727 -1.975206 0.133711
Pedestrian -1 -1 -10 384.000000 187.000000 413.000000 214.000000 1.775245 0.643724 0.644612 -11.925703 2.253797 39.717160 -1.985269 0.014923
Car -1 -1 -10 323.000000 189.000000 419.000000 266.000000 1.445745 1.647122 3.875065 -5.105770 1.767547 15.316970 1.278491 0.999460
Car -1 -1 -10 191.000000 180.000000 324.000000 227.000000 1.558046 1.669034 4.118750 -12.965938 1.888884 26.876488 0.000450 0.993168
Car -1 -1 -10 482.000000 176.000000 579.000000 211.000000 1.509189 1.676594 4.098529 -3.742791 1.788039 33.924377 -0.613518 0.978077
Car -1 -1 -10 624.000000 175.000000 717.000000 205.000000 1.556952 1.649762 4.293244 3.000617 1.740713 37.292831 2.736955 0.968258
Car -1 -1 -10 2.000000 216.000000 183.000000 374.000000 1.544448 1.585201 3.827577 -3.629570 1.796158 3.127672 1.522494 0.796795
Car -1 -1 -10 177.000000 181.000000 239.000000 214.000000 2.193984 1.736364 4.303575 -25.147868 2.725346 45.926851 -3.067478 0.117830
Cyclist -1 -1 -10 8.000000 195.000000 55.000000 251.000000 1.717204 0.410226 1.356683 -13.852429 1.870281 17.171098 -1.530215 0.174301
Cyclist -1 -1 -10 387.000000 187.000000 411.000000 213.000000 1.689190 0.596812 1.629141 -12.157410 1.985498 40.136592 1.825916 0.073405
