Car -1 -1 -10 644.000000 177.000000 676.000000 204.000000 1.539532 1.653589 3.976181 2.916852 1.842271 42.496694 1.638152 0.999446
Car -1 -1 -10 436.000000 173.000000 542.000000 252.000000 1.639936 1.684761 3.965224 -2.884896 1.698869 17.580214 1.573562 0.999386
Car -1 -1 -10 725.000000 190.000000 895.000000 319.000000 1.475708 1.582960 3.645998 2.602391 1.704787 10.058774 -1.483956 0.998959
Car -1 -1 -10 33.000000 172.000000 323.000000 276.000000 1.450200 1.603800 4.029113 -7.056935 1.480451 11.199178 -3.138040 0.996548
Car -1 -1 -10 804.000000 193.000000 1207.000000 375.000000 1.580348 1.571380 3.556218 2.521522 1.707965 5.407556 -1.508730 0.993825
Car -1 -1 -10 511.000000 177.000000 569.000000 226.000000 1.472842 1.600901 3.922082 -2.547782 1.710419 25.509170 -1.550557 0.948555
Car -1 -1 -10 533.000000 176.000000 583.000000 242.000000 1.516111 1.602448 3.754132 -2.668438 1.789458 25.337567 -1.538181 0.033687
Car -1 -1 -10 769.000000 193.000000 965.000000 352.000000 1.606970 1.653823 3.846657 2.591416 1.703872 4.992407 -1.529795 0.027074
Car -1 -1 -10 781.000000 191.000000 823.000000 225.000000 1.443422 1.443431 2.776227 6.234023 1.537076 23.883703 1.197255 0.024799
Cyclist -1 -1 -10 552.000000 171.000000 592.000000 256.000000 1.736499 0.551328 1.742580 -0.817023 1.655435 15.276435 1.664173 0.998432
Cyclist -1 -1 -10 533.000000 176.000000 583.000000 242.000000 1.712312 0.541503 1.756861 -2.301952 1.842312 23.885776 -1.652821 0.131376
Cyclist -1 -1 -10 511.000000 177.000000 566.000000 231.000000 1.711212 0.678783 1.800805 -2.453724 1.699032 23.938733 1.395405 0.011633
