Pedestrian -1 -1 -10 925.000000 152.000000 1010.000000 372.000000 1.714331 0.581623 0.797225 2.752869 1.517655 5.514990 1.377362 0.998225
Pedestrian -1 -1 -10 322.000000 165.000000 416.000000 365.000000 1.663960 0.634808 0.763412 -1.914820 1.496706 5.556565 0.665156 0.997870
Pedestrian -1 -1 -10 1048.000000 126.000000 1224.000000 369.000000 1.649120 0.616959 0.801554 2.669822 1.205863 3.568931 1.119810 0.997827
Pedestrian -1 -1 -10 545.000000 142.000000 591.000000 276.000000 1.803279 0.680197 0.756759 -0.510105 1.301947 9.739403 1.006258 0.996686
Pedestrian -1 -1 -10 655.000000 138.000000 759.000000 368.000000 1.645626 0.506932 0.680360 0.483344 1.305335 4.029175 0.667439 0.996222
Pedestrian -1 -1 -10 827.000000 144.000000 910.000000 369.000000 1.781527 0.639120 0.807055 2.127706 1.491189 5.789311 1.371376 0.994503
Pedestrian -1 -1 -10 729.000000 138.000000 812.000000 373.000000 1.802986 0.736017 0.919776 1.176181 1.490439 5.300969 1.207797 0.983911
Pedestrian -1 -1 -10 786.000000 169.000000 870.000000 370.000000 1.720119 0.570651 0.754276 1.701981 1.555662 5.533552 0.800536 0.973442
Pedestrian -1 -1 -10 647.000000 147.000000 691.000000 265.000000 1.796170 0.720407 0.716920 0.873569 1.256121 9.879201 1.389147 0.763284
Pedestrian -1 -1 -10 570.000000 142.000000 584.000000 186.000000 1.786567 0.575885 0.831374 -1.363471 0.057002 32.960848 2.642593 0.711510
Pedestrian -1 -1 -10 639.000000 143.000000 658.000000 197.000000 1.769930 0.600058 0.631417 1.379302 0.502990 22.148818 3.032753 0.653744
Pedestrian -1 -1 -10 547.000000 146.000000 567.000000 189.000000 1.799746 0.546636 0.539973 -2.599649 0.680028 35.794250 -1.642561 0.412060
Pedestrian -1 -1 -10 235.000000 120.000000 268.000000 279.000000 1.807644 0.606130 0.670223 -5.897932 1.327027 11.790040 2.106750 0.290438
Pedestrian -1 -1 -10 552.000000 144.000000 581.000000 189.000000 1.740863 0.586577 0.593759 -1.420765 0.819039 32.691887 -2.199903 0.232534
Pedestrian -1 -1 -10 244.000000 130.000000 281.000000 255.000000 1.792761 0.582479 0.949533 -5.713686 1.080568 11.700996 0.575879 0.210086
Pedestrian -1 -1 -10 673.000000 147.000000 713.000000 225.000000 1.687880 0.583497 0.595938 2.341956 0.849968 18.427956 -1.995212 0.102852
Cyclist -1 -1 -10 542.000000 147.000000 570.000000 190.000000 1.652013 0.510271 1.611980 -1.267229 1.346529 19.606254 -1.658492 0.688777
Cyclist -1 -1 -10 544.000000 146.000000 591.000000 224.000000 1.700120 0.379076 1.354587 -1.122000 1.447729 20.951879 -1.648393 0.430000
Cyclist -1 -1 -10 288.000000 146.000000 350.000000 216.000000 1.643151 0.523356 1.578276 -7.772045 1.536858 19.499874 -1.943710 0.364778
Cyclist -1 -1 -10 561.000000 143.000000 588.000000 189.000000 1.706303 0.526719 1.613247 -1.304234 0.401608 31.924759 -1.632161 0.291455
Cyclist -1 -1 -10 653.000000 144.000000 702.000000 271.000000 1.677591 0.666812 1.619550 1.013008 0.967220 9.802589 0.658899 0.186032
Cyclist -1 -1 -10 345.000000 149.000000 391.000000 206.000000 1.783648 0.543396 1.542054 -6.722577 0.924385 20.349524 -1.923929 0.140922
Cyclist -1 -1 -10 313.000000 148.000000 375.000000 208.000000 1.743469 0.580145 1.789109 -7.764739 0.633390 21.065826 2.300301 0.120953
Cyclist -1 -1 -10 355.000000 148.000000 377.000000 202.000000 1.724978 0.446886 1.425856 -5.614008 1.205467 16.934028 -1.170162 0.088841
Cyclist -1 -1 -10 547.000000 145.000000 559.000000 187.000000 1.756686 0.598475 1.685983 -2.742096 0.468443 37.455742 -1.606760 0.060009
Cyclist -1 -1 -10 571.000000 142.000000 583.000000 186.000000 1.684774 0.643714 1.785897 -1.358447 -0.140864 32.856100 0.980255 0.052122
Cyclist -1 -1 -10 339.000000 144.000000 365.000000 202.000000 1.704115 0.580684 1.659719 -7.835454 0.594096 21.226407 -2.760791 0.045207
Cyclist -1 -1 -10 248.000000 134.000000 289.000000 247.000000 1.826592 0.627852 1.786865 -5.729562 1.123404 11.827466 0.677326 0.034649
Cyclist -1 -1 -10 324.000000 162.000000 420.000000 367.000000 1.692949 0.555159 1.626738 -1.744543 1.510627 5.594171 0.537777 0.031322
Cyclist -1 -1 -10 568.000000 141.000000 578.000000 182.000000 1.746383 0.620157 1.817118 -1.404774 -0.050692 32.859493 1.473636 0.029252
Cyclist -1 -1 -10 673.000000 144.000000 714.000000 230.000000 1.652658 0.508055 1.581711 1.915030 1.365966 13.730406 -1.469721 0.014304
