Car -1 -1 -10 571.000000 180.000000 607.000000 212.000000 1.526610 1.661087 4.008906 -1.067832 1.377211 38.812434 -1.609780 0.999700
Car -1 -1 -10 224.000000 192.000000 448.000000 330.000000 1.483253 1.604511 3.986596 -3.425865 1.560234 9.741972 -1.563257 0.999576
Car -1 -1 -10 48.000000 193.000000 263.000000 291.000000 1.422062 1.602226 3.887311 -7.632382 1.635899 12.544719 -1.586246 0.998521
Car -1 -1 -10 426.000000 186.000000 497.000000 230.000000 1.478601 1.651258 4.026019 -5.127898 1.498760 25.396725 -1.600267 0.998477
Car -1 -1 -10 49.000000 195.000000 191.000000 254.000000 1.430846 1.610082 3.876035 -12.470751 1.626974 19.069896 -1.582266 0.937505
Car -1 -1 -10 193.000000 179.000000 304.000000 231.000000 1.552634 1.655311 3.990527 -12.952811 1.509412 26.161702 -1.601170 0.522081
Car -1 -1 -10 351.000000 191.000000 411.000000 228.000000 1.528541 1.559691 3.768728 -9.214816 1.549988 29.072666 -2.957129 0.432565
Car -1 -1 -10 277.000000 194.000000 365.000000 243.000000 1.556346 1.680747 3.971180 -7.992103 1.365512 21.340835 1.656362 0.043054
Car -1 -1 -10 144.000000 194.000000 238.000000 243.000000 1.509541 1.616533 3.850815 -16.939839 1.320506 26.731740 1.484579 0.019454
Car -1 -1 -10 425.000000 181.000000 466.000000 213.000000 1.568728 1.626098 3.798150 -8.882130 1.464021 38.767712 -1.206808 0.018819
Cyclist -1 -1 -10 283.000000 192.000000 348.000000 232.000000 1.665249 0.554215 1.653666 -8.318012 1.677067 19.623808 -2.073594 0.011486
