Pedestrian -1 -1 -10 872.000000 162.000000 928.000000 283.000000 1.663860 0.605272 0.888750 4.027608 1.375253 9.951368 -1.795700 0.991146
Pedestrian -1 -1 -10 -2.000000 155.000000 244.000000 379.000000 1.672591 0.744508 0.665733 -2.663284 1.555885 3.844391 1.495617 0.381992
Pedestrian -1 -1 -10 575.000000 162.000000 585.000000 196.000000 1.751406 0.595615 0.743568 -1.255082 0.481909 41.292990 1.540261 0.353555
Pedestrian -1 -1 -10 556.000000 161.000000 569.000000 196.000000 1.748810 0.617985 0.742194 -2.190664 0.560566 39.714848 -3.070358 0.170784
Pedestrian -1 -1 -10 636.000000 162.000000 645.000000 190.000000 1.838539 0.719595 0.792358 2.674465 0.444850 48.915344 -1.547064 0.090798
Pedestrian -1 -1 -10 746.000000 159.000000 767.000000 224.000000 1.766870 0.619278 0.546090 3.892746 1.141549 18.314257 -1.396175 0.066556
Pedestrian -1 -1 -10 1147.000000 252.000000 1190.000000 318.000000 1.702199 0.498253 0.632817 5.105685 1.910551 6.700261 0.771500 0.053808
Pedestrian -1 -1 -10 5.000000 176.000000 122.000000 371.000000 1.696037 0.651513 0.758649 -2.820592 1.548435 3.800242 -0.166739 0.030249
Pedestrian -1 -1 -10 865.000000 159.000000 899.000000 249.000000 1.676866 0.517216 0.574086 5.186033 0.957229 13.528322 1.002900 0.017088
Pedestrian -1 -1 -10 859.000000 153.000000 877.000000 214.000000 1.705883 0.497600 0.569989 4.947336 1.243927 13.857410 -1.834719 0.016080
Pedestrian -1 -1 -10 645.000000 163.000000 651.000000 190.000000 1.852564 0.681369 0.807667 3.247091 0.674397 48.760663 0.611262 0.015957
Pedestrian -1 -1 -10 864.000000 155.000000 885.000000 224.000000 1.750884 0.541759 0.558785 4.973942 1.740258 13.424338 3.323961 0.013922
Pedestrian -1 -1 -10 285.000000 167.000000 433.000000 362.000000 1.737640 0.780883 0.620425 -2.242850 1.543108 6.565790 1.765866 0.010225
Car -1 -1 -10 594.000000 170.000000 627.000000 197.000000 1.571549 1.662197 3.900515 0.521764 0.853126 39.049283 1.665631 0.998218
Cyclist -1 -1 -10 293.000000 163.000000 433.000000 373.000000 1.714000 0.528152 1.721033 -2.189187 1.560138 6.527500 1.604077 0.999094
Cyclist -1 -1 -10 -5.000000 155.000000 253.000000 373.000000 1.666212 0.442222 1.693925 -2.664432 1.478591 3.812783 1.662060 0.991771
Cyclist -1 -1 -10 3.000000 184.000000 119.000000 366.000000 1.619574 0.700691 1.650878 -2.624033 1.445831 3.689703 1.391157 0.049924
