Pedestrian -1 -1 -10 3.000000 191.000000 128.000000 379.000000 1.705254 0.676001 0.787473 -4.477579 2.144661 5.627093 -2.668208 0.013136
Car -1 -1 -10 681.000000 182.000000 774.000000 249.000000 1.449193 1.603542 3.775599 2.811509 1.713877 17.747112 -1.585546 0.998751
Car -1 -1 -10 169.000000 174.000000 418.000000 251.000000 1.548270 1.666182 4.107679 -6.525158 1.598369 16.214109 0.033745 0.988899
Car -1 -1 -10 -6.000000 167.000000 291.000000 320.000000 1.560984 1.632545 4.038422 -6.416337 1.534901 8.573428 -3.136104 0.988100
Car -1 -1 -10 804.000000 194.000000 1246.000000 374.000000 1.499505 1.606938 3.724846 2.882574 1.684607 5.645914 -1.588740 0.977133
Car -1 -1 -10 404.000000 175.000000 504.000000 217.000000 1.546971 1.606790 3.804168 -5.789480 1.547773 29.267771 -3.203730 0.927448
Car -1 -1 -10 654.000000 173.000000 707.000000 219.000000 1.645048 1.648394 3.915217 2.698397 1.757971 28.605627 -1.590373 0.920780
Car -1 -1 -10 278.000000 168.000000 469.000000 231.000000 1.643049 1.721378 4.102059 -6.417483 1.615014 21.023742 -3.156837 0.609347
Car -1 -1 -10 91.000000 181.000000 306.000000 279.000000 1.541409 1.631772 3.764939 -6.754462 1.673215 11.185056 -3.111838 0.409550
Car -1 -1 -10 0.000000 191.000000 142.000000 376.000000 1.513060 1.577147 3.901931 -6.344601 1.698190 6.053666 0.017418 0.369871
Car -1 -1 -10 439.000000 176.000000 536.000000 207.000000 1.701496 1.709797 4.210252 -5.991714 1.691369 38.315449 -2.916044 0.099638
Car -1 -1 -10 705.000000 184.000000 770.000000 224.000000 1.440083 1.582037 3.397473 3.955022 1.792203 22.916441 0.873870 0.032894
Car -1 -1 -10 641.000000 175.000000 681.000000 205.000000 1.639959 1.622892 3.798923 2.626304 1.809572 43.829813 -1.602860 0.026495
