Pedestrian -1 -1 -10 760.000000 176.000000 784.000000 215.000000 1.719906 0.599706 0.641275 7.432065 1.884601 32.986853 -1.902569 0.036924
Car -1 -1 -10 734.000000 177.000000 909.000000 284.000000 1.501534 1.629514 3.979717 3.284595 1.590278 12.444213 -1.584787 0.999189
Car -1 -1 -10 156.000000 195.000000 378.000000 300.000000 1.462820 1.647618 4.137769 -5.760784 1.959260 12.737170 1.613840 0.998946
Car -1 -1 -10 813.000000 184.000000 1219.000000 375.000000 1.459297 1.628729 3.949709 3.262508 1.677979 6.878230 -1.581870 0.998869
Car -1 -1 -10 689.000000 181.000000 753.000000 231.000000 1.477105 1.547487 3.714209 3.352200 1.736268 22.204611 1.519861 0.997806
Car -1 -1 -10 336.000000 190.000000 437.000000 256.000000 1.491042 1.530439 3.674465 -5.783830 1.969696 18.539508 1.593834 0.997777
Car -1 -1 -10 436.000000 185.000000 498.000000 227.000000 1.500360 1.620460 3.978956 -5.595636 2.022317 27.701061 1.694210 0.996476
Car -1 -1 -10 670.000000 181.000000 724.000000 219.000000 1.511835 1.624525 3.991153 3.331595 1.797640 28.055504 -1.603562 0.937792
Car -1 -1 -10 3.000000 214.000000 117.000000 372.000000 1.489194 1.624266 3.886375 -6.163014 1.938543 5.732947 1.568864 0.791910
Car -1 -1 -10 655.000000 178.000000 697.000000 209.000000 1.492689 1.565725 3.564582 3.183598 1.776642 36.539108 -1.590671 0.729030
Car -1 -1 -10 1066.000000 157.000000 1244.000000 310.000000 1.479781 1.619659 3.791228 3.649895 1.338871 6.681510 -1.617596 0.633411
Car -1 -1 -10 0.000000 187.000000 111.000000 247.000000 1.477596 1.524154 3.871471 -15.003287 1.830098 18.730804 0.232823 0.309709
Car -1 -1 -10 496.000000 179.000000 533.000000 206.000000 1.535041 1.635025 3.929711 -5.370879 1.938573 42.732483 1.607724 0.098442
Cyclist -1 -1 -10 760.000000 176.000000 784.000000 215.000000 1.701659 0.470615 1.654869 7.479102 1.750005 33.023722 -1.924620 0.109806
