Car -1 -1 -10 741.000000 178.000000 933.000000 295.000000 1.523475 1.631540 3.929849 3.241368 1.599199 11.238601 -1.579068 0.999373
Car -1 -1 -10 104.000000 196.000000 356.000000 314.000000 1.469462 1.648571 4.100447 -5.756263 1.941966 11.583588 1.606080 0.999195
Car -1 -1 -10 691.000000 180.000000 763.000000 233.000000 1.440819 1.544202 3.724241 3.355642 1.660488 21.076891 1.517988 0.998446
Car -1 -1 -10 309.000000 190.000000 427.000000 260.000000 1.500222 1.533453 3.686162 -5.743190 1.939522 17.453875 1.570534 0.998160
Car -1 -1 -10 426.000000 185.000000 495.000000 229.000000 1.507632 1.608177 3.870845 -5.651850 1.979102 26.514728 1.702070 0.997913
Car -1 -1 -10 831.000000 185.000000 1247.000000 375.000000 1.485306 1.607398 3.944929 3.297485 1.614626 5.768580 -1.587583 0.996278
Car -1 -1 -10 670.000000 180.000000 731.000000 220.000000 1.479356 1.610356 3.928778 3.344131 1.688554 26.897679 -1.603047 0.918374
Car -1 -1 -10 655.000000 178.000000 699.000000 209.000000 1.451747 1.584946 3.725053 3.177142 1.703972 35.443125 -1.579652 0.265588
Car -1 -1 -10 493.000000 178.000000 532.000000 206.000000 1.516537 1.619075 3.890271 -5.844939 1.984000 41.554076 1.523831 0.161963
Car -1 -1 -10 209.000000 186.000000 319.000000 225.000000 1.473480 1.545379 3.640518 -11.244355 1.642047 27.242182 -2.094323 0.068062
Car -1 -1 -10 -1.000000 186.000000 77.000000 253.000000 1.530570 1.557511 3.878559 -15.125031 1.855855 17.940797 0.273104 0.030855
