Pedestrian -1 -1 -10 1010.000000 146.000000 1102.000000 330.000000 1.725966 0.641130 0.887836 4.137180 1.361858 6.594273 -1.915095 0.995323
Pedestrian -1 -1 -10 554.000000 164.000000 567.000000 204.000000 1.772134 0.612713 0.749008 -1.890571 0.942252 33.519609 1.535515 0.842468
Pedestrian -1 -1 -10 628.000000 165.000000 637.000000 192.000000 1.807330 0.657596 0.789336 1.925925 0.759606 45.176951 2.025772 0.543620
Pedestrian -1 -1 -10 617.000000 164.000000 626.000000 190.000000 1.795796 0.644094 0.792917 1.575224 0.563973 55.667878 -1.559554 0.305060
Pedestrian -1 -1 -10 634.000000 165.000000 642.000000 192.000000 1.756437 0.606515 0.671132 2.285009 0.680314 46.482166 -1.837868 0.262682
Pedestrian -1 -1 -10 642.000000 164.000000 651.000000 192.000000 1.816926 0.534715 0.680224 2.907185 0.705182 45.677353 2.601236 0.155941
Pedestrian -1 -1 -10 603.000000 163.000000 613.000000 193.000000 1.719907 0.599707 0.641274 0.110854 0.456804 45.427196 -2.113550 0.140839
Pedestrian -1 -1 -10 551.000000 167.000000 562.000000 201.000000 1.686719 0.576540 0.645900 -2.242453 1.503846 36.018273 -1.118639 0.105472
Pedestrian -1 -1 -10 639.000000 164.000000 648.000000 192.000000 1.790151 0.605057 0.858670 2.708291 0.706913 46.733979 -1.066666 0.087229
Pedestrian -1 -1 -10 609.000000 164.000000 617.000000 192.000000 1.774565 0.687752 0.706533 0.844005 0.415905 55.508210 -1.101910 0.079111
Pedestrian -1 -1 -10 1031.000000 164.000000 1065.000000 210.000000 1.729904 0.544788 0.559264 7.839479 1.665015 12.837375 3.527021 0.050807
Pedestrian -1 -1 -10 1071.000000 135.000000 1101.000000 215.000000 1.745623 0.556171 0.532549 8.298529 0.961170 12.389004 1.171449 0.043515
Pedestrian -1 -1 -10 462.000000 171.000000 482.000000 220.000000 1.792421 0.692193 0.678352 -4.757794 1.553332 26.831300 -2.128151 0.041642
Pedestrian -1 -1 -10 626.000000 164.000000 633.000000 191.000000 1.796432 0.649058 0.673546 1.813233 0.703292 44.922789 0.585224 0.027780
Pedestrian -1 -1 -10 1003.000000 146.000000 1022.000000 192.000000 1.691716 0.498649 0.616552 7.216817 1.302491 13.007975 3.107011 0.027268
Pedestrian -1 -1 -10 594.000000 168.000000 615.000000 198.000000 1.795263 0.702828 0.606434 -0.050304 0.906917 45.338198 -1.552655 0.026122
Pedestrian -1 -1 -10 568.000000 170.000000 580.000000 202.000000 1.789748 0.696876 0.670921 -1.981301 0.852223 47.826268 -1.569896 0.014475
Pedestrian -1 -1 -10 1018.000000 157.000000 1066.000000 268.000000 1.734204 0.675338 0.674287 7.356905 0.937505 12.347014 0.535827 0.014069
Car -1 -1 -10 562.000000 172.000000 620.000000 221.000000 1.549875 1.696725 3.963179 -0.320823 1.224198 23.259845 1.652619 0.998811
Car -1 -1 -10 948.000000 159.000000 1039.000000 207.000000 1.501599 1.533112 3.451109 12.072605 1.729427 22.288669 1.511120 0.577533
Cyclist -1 -1 -10 1025.000000 155.000000 1062.000000 211.000000 1.754749 0.590570 1.689206 8.045280 1.063064 13.247407 -1.639204 0.029605
Cyclist -1 -1 -10 1003.000000 150.000000 1104.000000 328.000000 1.723607 0.472372 1.715920 4.106725 1.383674 6.653721 -1.895895 0.014618
