Car -1 -1 -10 574.000000 175.000000 611.000000 208.000000 1.491966 1.627607 3.754967 -0.868583 1.042273 37.574886 -1.593840 0.999272
Car -1 -1 -10 268.000000 184.000000 436.000000 286.000000 1.468010 1.561770 3.816238 -4.384084 1.492203 12.938692 -1.535528 0.999221
Car -1 -1 -10 473.000000 181.000000 520.000000 214.000000 1.434715 1.598178 3.734557 -4.765146 1.192535 32.009727 -1.572283 0.996904
Car -1 -1 -10 413.000000 181.000000 486.000000 231.000000 1.462327 1.612920 3.871643 -4.875407 1.356033 22.658651 -1.587435 0.995566
Car -1 -1 -10 258.000000 175.000000 357.000000 239.000000 1.575600 1.646290 3.820538 -8.466473 1.422473 21.072161 -1.566545 0.993844
Car -1 -1 -10 0.000000 199.000000 171.000000 312.000000 1.417880 1.644605 3.948415 -8.480268 1.674805 10.408699 -1.625405 0.284631
Car -1 -1 -10 360.000000 183.000000 420.000000 212.000000 1.485084 1.566944 3.804467 -8.868532 1.283900 29.499170 -1.669218 0.125965
Car -1 -1 -10 4.000000 162.000000 199.000000 249.000000 2.001671 1.757875 4.313827 -12.325414 1.597171 18.167241 -1.572594 0.033295
Car -1 -1 -10 898.000000 223.000000 1197.000000 369.000000 1.535051 1.600922 4.044816 6.243872 1.729361 9.045759 0.067622 0.023866
Car -1 -1 -10 0.000000 202.000000 111.000000 278.000000 1.527062 1.612716 3.757715 -12.674093 1.317509 17.494549 -1.812964 0.015064
Car -1 -1 -10 514.000000 167.000000 549.000000 201.000000 1.752411 1.633049 3.800433 -4.979277 0.613706 47.438472 -1.611001 0.012277
