Pedestrian -1 -1 -10 755.000000 157.000000 803.000000 263.000000 1.760924 0.740264 0.962003 2.685260 1.331885 11.294962 1.698990 0.939743
Pedestrian -1 -1 -10 1159.000000 231.000000 1236.000000 373.000000 1.659610 0.531611 0.533144 3.404188 1.933867 3.874135 3.281548 0.305970
Pedestrian -1 -1 -10 514.000000 165.000000 536.000000 222.000000 1.724296 0.558366 0.749173 -3.378902 1.081165 32.379034 -3.111226 0.208373
Pedestrian -1 -1 -10 422.000000 171.000000 440.000000 224.000000 1.738410 0.688697 0.695137 -5.592824 1.316311 23.112252 -1.747528 0.055414
Pedestrian -1 -1 -10 504.000000 168.000000 545.000000 232.000000 1.737045 0.559912 0.763383 -3.364160 1.116382 32.421505 -3.051226 0.023970
Pedestrian -1 -1 -10 580.000000 167.000000 592.000000 197.000000 1.776897 0.639812 0.756771 -1.023008 0.865173 41.988125 -1.686006 0.018227
Pedestrian -1 -1 -10 478.000000 166.000000 491.000000 223.000000 1.826883 0.655685 0.661446 -4.224918 1.264418 25.772627 1.411430 0.013837
Pedestrian -1 -1 -10 596.000000 167.000000 606.000000 197.000000 1.836721 0.676693 0.733579 -0.002862 0.930416 42.325788 -1.520704 0.011841
Car -1 -1 -10 375.000000 179.000000 555.000000 313.000000 1.544198 1.612107 3.840843 -1.680452 1.552244 9.883098 1.593709 0.998668
Cyclist -1 -1 -10 505.000000 170.000000 544.000000 232.000000 1.689589 0.552215 1.728400 -3.454915 0.995639 32.552311 0.303208 0.643508
Cyclist -1 -1 -10 480.000000 175.000000 537.000000 227.000000 1.704524 0.567040 1.528356 -4.494540 1.219469 35.560290 -2.301644 0.126540
Cyclist -1 -1 -10 514.000000 165.000000 536.000000 222.000000 1.690146 0.556931 1.714198 -3.481787 1.010864 32.572440 0.271328 0.096286
Cyclist -1 -1 -10 1162.000000 237.000000 1237.000000 372.000000 1.699405 0.646224 1.748944 3.354956 1.754903 3.717065 -0.923372 0.077554
Cyclist -1 -1 -10 418.000000 172.000000 442.000000 228.000000 1.738940 0.559758 1.573461 -5.736879 1.159036 23.741817 -2.438635 0.073683
Cyclist -1 -1 -10 478.000000 166.000000 491.000000 223.000000 1.698959 0.662090 1.657903 -4.256833 0.985993 26.004699 0.805577 0.037236
Cyclist -1 -1 -10 473.000000 172.000000 502.000000 221.000000 1.688812 0.742279 1.688268 -4.355802 1.041558 25.999400 2.045378 0.032777
Cyclist -1 -1 -10 428.000000 173.000000 447.000000 224.000000 1.712978 0.531420 1.608745 -5.558522 0.722838 23.005431 -1.792431 0.027036
Cyclist -1 -1 -10 380.000000 177.000000 551.000000 310.000000 1.694386 0.866412 1.874276 -1.724287 1.671351 8.673056 0.325562 0.019612
Cyclist -1 -1 -10 438.000000 178.000000 469.000000 218.000000 1.780712 0.566212 1.201260 -6.768024 1.363140 32.475310 -1.100137 0.015192
Cyclist -1 -1 -10 417.000000 178.000000 481.000000 226.000000 1.722051 0.762062 1.743565 -6.507902 1.433385 29.540798 2.514192 0.014347
