Pedestrian -1 -1 -10 1000.000000 146.000000 1126.000000 368.000000 1.670985 0.518727 0.620314 3.028446 1.386612 4.649503 1.582146 0.999236
Pedestrian -1 -1 -10 580.000000 139.000000 666.000000 372.000000 1.741949 0.577808 0.688496 0.062696 1.442997 5.204630 1.191959 0.997860
Pedestrian -1 -1 -10 880.000000 144.000000 992.000000 371.000000 1.644753 0.524671 0.742619 2.233270 1.366130 4.719817 1.357354 0.996831
Pedestrian -1 -1 -10 526.000000 140.000000 569.000000 260.000000 1.834514 0.769264 0.852966 -0.873272 1.221349 10.951483 1.375220 0.995703
Pedestrian -1 -1 -10 268.000000 157.000000 350.000000 344.000000 1.735426 0.646862 0.786062 -2.844178 1.487132 6.613614 0.597856 0.995380
Pedestrian -1 -1 -10 835.000000 153.000000 903.000000 339.000000 1.727941 0.601679 0.679856 2.419208 1.494669 6.683101 1.371191 0.989586
Pedestrian -1 -1 -10 747.000000 145.000000 817.000000 335.000000 1.765507 0.634076 0.758906 1.741481 1.431263 6.956712 1.212763 0.987663
Pedestrian -1 -1 -10 673.000000 144.000000 737.000000 364.000000 1.761868 0.612725 0.824008 0.868191 1.433840 6.403819 1.117128 0.970745
Pedestrian -1 -1 -10 713.000000 160.000000 778.000000 351.000000 1.779013 0.582118 0.850376 1.249783 1.500627 6.682910 0.866742 0.906469
Pedestrian -1 -1 -10 715.000000 137.000000 758.000000 236.000000 1.675995 0.555927 0.673890 2.070937 0.910486 11.461226 1.333969 0.783647
Pedestrian -1 -1 -10 626.000000 144.000000 686.000000 359.000000 1.798116 0.605120 0.864886 0.405375 1.634554 6.179412 0.559096 0.767440
Pedestrian -1 -1 -10 647.000000 137.000000 690.000000 259.000000 1.817300 0.710602 0.830985 0.955410 1.109033 11.270102 1.205434 0.663752
Pedestrian -1 -1 -10 249.000000 131.000000 290.000000 259.000000 1.833088 0.619553 0.965640 -5.587717 1.068134 11.872393 0.616439 0.662478
Pedestrian -1 -1 -10 755.000000 147.000000 779.000000 208.000000 1.750198 0.639372 0.801864 4.121273 0.823733 18.514163 -2.470391 0.418958
Pedestrian -1 -1 -10 859.000000 153.000000 939.000000 358.000000 1.719335 0.611949 0.990478 2.102654 1.479995 4.848771 0.927669 0.291827
Cyclist -1 -1 -10 309.000000 138.000000 345.000000 208.000000 1.719737 0.595727 1.723124 -8.013304 0.431799 20.763154 -1.906381 0.470709
Cyclist -1 -1 -10 313.000000 145.000000 384.000000 209.000000 1.696484 0.550576 1.711980 -6.716257 0.955881 18.644948 -1.413516 0.149444
Cyclist -1 -1 -10 534.000000 146.000000 565.000000 183.000000 1.646563 0.508847 1.604592 -1.477606 1.407193 20.233241 -1.660480 0.141764
Cyclist -1 -1 -10 704.000000 148.000000 784.000000 285.000000 1.658115 0.536087 1.745831 1.512112 1.430600 6.943799 -0.895319 0.091862
Cyclist -1 -1 -10 550.000000 145.000000 566.000000 191.000000 1.725418 0.513866 1.660463 -2.032580 0.492318 35.145058 -1.608477 0.083751
Cyclist -1 -1 -10 628.000000 140.000000 690.000000 303.000000 1.658548 0.606790 1.692009 0.961696 2.282578 8.390373 -0.860863 0.078901
Cyclist -1 -1 -10 527.000000 143.000000 565.000000 214.000000 1.650264 0.623562 1.614236 -0.888828 0.947691 11.126821 2.687081 0.057601
Cyclist -1 -1 -10 266.000000 148.000000 346.000000 340.000000 1.669463 0.586936 1.708457 -2.821396 1.397621 6.521285 0.548216 0.046694
Cyclist -1 -1 -10 248.000000 131.000000 290.000000 262.000000 1.770493 0.693404 1.804644 -5.509056 1.000404 11.818641 0.514270 0.031303
Cyclist -1 -1 -10 736.000000 144.000000 777.000000 224.000000 1.676634 0.711010 1.790394 4.048950 0.646191 18.590282 1.202402 0.029704
Cyclist -1 -1 -10 635.000000 144.000000 679.000000 232.000000 1.638032 0.383559 1.599538 0.816139 0.857195 11.494606 -1.595772 0.027525
Cyclist -1 -1 -10 594.000000 142.000000 682.000000 360.000000 1.761732 0.542677 1.780275 0.236854 1.445975 5.743072 -1.134196 0.017834
Cyclist -1 -1 -10 712.000000 138.000000 765.000000 240.000000 1.700075 0.629841 1.674538 2.139515 0.862997 11.666249 2.431833 0.017098
Cyclist -1 -1 -10 742.000000 153.000000 809.000000 279.000000 1.704333 0.532914 1.594128 2.416218 0.971443 11.661622 -1.294584 0.012218
