Pedestrian -1 -1 -10 711.000000 165.000000 764.000000 272.000000 1.695542 0.547388 0.759514 2.067905 1.449325 11.193469 -0.255166 0.987197
Pedestrian -1 -1 -10 882.000000 151.000000 899.000000 195.000000 1.730689 0.579683 0.748709 13.292357 0.457498 33.411942 1.423462 0.133757
Pedestrian -1 -1 -10 1002.000000 149.000000 1024.000000 212.000000 1.772906 0.619836 0.793919 10.431619 1.008567 18.229210 3.084338 0.089327
Pedestrian -1 -1 -10 21.000000 177.000000 49.000000 267.000000 1.837451 0.611179 0.953680 -17.745589 1.859724 22.147197 1.385401 0.081727
Pedestrian -1 -1 -10 726.000000 169.000000 750.000000 201.000000 1.721297 0.636841 0.475260 9.422602 1.620676 48.472583 -0.922843 0.045498
Pedestrian -1 -1 -10 730.000000 167.000000 743.000000 195.000000 1.714883 0.610426 0.513235 9.401892 1.625740 48.734581 -1.873290 0.025041
Car -1 -1 -10 447.000000 173.000000 480.000000 199.000000 1.567682 1.664597 3.960922 -8.527531 1.041566 43.134963 1.494895 0.998342
Car -1 -1 -10 0.000000 205.000000 294.000000 365.000000 1.531989 1.575284 3.873912 -3.249459 1.717915 3.409909 -1.562591 0.974388
Cyclist -1 -1 -10 727.000000 169.000000 748.000000 201.000000 1.706468 0.635351 1.595199 9.637433 1.452667 48.905690 -0.420170 0.023714
Cyclist -1 -1 -10 22.000000 197.000000 276.000000 359.000000 1.684462 0.654025 1.739217 -2.619618 1.656452 3.513063 -1.578604 0.023100
