Pedestrian -1 -1 -10 769.000000 171.000000 821.000000 283.000000 1.689545 0.629302 0.984328 2.872658 1.548272 10.740493 -1.403729 0.994296
Pedestrian -1 -1 -10 437.000000 178.000000 456.000000 244.000000 1.753659 0.589863 0.650953 -4.276002 1.657575 19.409498 1.531314 0.978398
Pedestrian -1 -1 -10 451.000000 182.000000 467.000000 236.000000 1.738644 0.646720 0.703524 -4.614060 1.666901 23.223836 -1.863516 0.632553
Pedestrian -1 -1 -10 259.000000 183.000000 288.000000 277.000000 1.670015 0.540450 0.780823 -5.708628 1.670840 12.480055 2.198907 0.516504
Pedestrian -1 -1 -10 1153.000000 146.000000 1236.000000 355.000000 1.703779 0.500676 0.604221 5.121592 1.183027 6.431975 3.291917 0.149106
Pedestrian -1 -1 -10 518.000000 180.000000 535.000000 220.000000 1.717197 0.628152 0.806575 -3.413212 1.706681 32.981943 0.478814 0.065147
Pedestrian -1 -1 -10 1199.000000 151.000000 1238.000000 364.000000 1.697158 0.563625 0.601406 3.707779 1.183378 4.210943 -0.325678 0.057620
Pedestrian -1 -1 -10 611.000000 179.000000 620.000000 210.000000 1.799741 0.629323 0.594946 0.742820 1.685512 42.384746 1.630523 0.020607
Pedestrian -1 -1 -10 597.000000 178.000000 607.000000 210.000000 1.833984 0.623301 0.736194 -0.017244 1.540082 42.364266 -1.620813 0.016988
Cyclist -1 -1 -10 1171.000000 156.000000 1237.000000 354.000000 1.716722 0.577866 1.656012 5.272569 1.147869 6.765962 -1.703389 0.088623
Cyclist -1 -1 -10 513.000000 181.000000 537.000000 219.000000 1.691936 0.670553 1.780164 -3.464563 1.701394 33.069921 -0.004468 0.016005
Cyclist -1 -1 -10 254.000000 182.000000 295.000000 281.000000 1.692321 0.561397 1.594441 -5.868761 1.664983 12.597607 1.904824 0.010875
