Car -1 -1 -10 630.000000 178.000000 682.000000 219.000000 1.423124 1.609288 3.997744 1.782582 1.737642 29.090323 -1.651195 0.998177
Car -1 -1 -10 -1.000000 158.000000 266.000000 313.000000 1.647792 1.673620 3.825863 -7.046232 1.675352 9.619047 -3.219551 0.997694
Car -1 -1 -10 982.000000 185.000000 1239.000000 351.000000 1.549899 1.603101 3.764384 6.082623 1.686546 7.888525 0.126101 0.993299
Car -1 -1 -10 311.000000 179.000000 456.000000 227.000000 1.488588 1.569401 3.913848 -6.815780 1.623118 23.251315 -0.056096 0.989154
Car -1 -1 -10 780.000000 174.000000 992.000000 271.000000 1.588299 1.605771 3.965733 5.471383 1.793996 13.914119 0.004842 0.975636
Car -1 -1 -10 822.000000 185.000000 1156.000000 296.000000 1.550924 1.618217 4.008473 5.964871 1.699034 10.744467 3.027488 0.975204
Car -1 -1 -10 615.000000 175.000000 649.000000 201.000000 1.547914 1.645437 3.833539 0.956815 1.743953 44.469849 -1.513351 0.334775
Car -1 -1 -10 477.000000 177.000000 514.000000 202.000000 1.517852 1.580474 3.607810 -7.370171 1.888455 47.316701 1.939198 0.250652
Car -1 -1 -10 375.000000 179.000000 480.000000 221.000000 1.615414 1.636919 4.144393 -7.073799 1.768663 28.040003 -2.447190 0.128023
Cyclist -1 -1 -10 474.000000 174.000000 507.000000 238.000000 1.718745 0.579229 1.729926 -3.361201 1.799316 20.018582 1.531673 0.992468
Cyclist -1 -1 -10 476.000000 179.000000 512.000000 208.000000 1.723130 0.568188 1.652302 -5.841660 1.647801 36.172456 -3.264670 0.624584
