Pedestrian -1 -1 -10 468.000000 176.000000 481.000000 204.000000 1.719907 0.599706 0.641275 -7.823460 1.312693 41.694905 -2.309090 0.187227
Car -1 -1 -10 758.000000 191.000000 1007.000000 350.000000 1.485639 1.569443 3.626102 2.821364 1.737776 8.420158 -1.573229 0.999070
Car -1 -1 -10 50.000000 194.000000 360.000000 364.000000 1.525632 1.594330 3.850288 -4.430186 1.887348 8.622478 1.568497 0.999021
Car -1 -1 -10 670.000000 181.000000 737.000000 241.000000 1.506848 1.591118 3.853630 2.575093 1.772328 20.334070 -1.579999 0.997418
Car -1 -1 -10 453.000000 182.000000 513.000000 227.000000 1.506901 1.617816 3.752970 -4.685489 1.933874 26.941698 1.539264 0.997148
Car -1 -1 -10 722.000000 184.000000 851.000000 289.000000 1.510541 1.563073 3.553251 3.067814 1.749255 12.822936 -1.565934 0.936906
Car -1 -1 -10 660.000000 182.000000 715.000000 226.000000 1.538660 1.584865 3.575412 2.727475 1.814230 26.487566 -1.593752 0.902427
Car -1 -1 -10 480.000000 177.000000 526.000000 219.000000 1.644400 1.606438 3.884588 -4.766298 1.919654 32.635167 1.547797 0.870436
Car -1 -1 -10 645.000000 179.000000 683.000000 213.000000 1.542594 1.601993 3.693510 2.829440 1.917675 35.067469 -1.605081 0.720678
Car -1 -1 -10 501.000000 178.000000 540.000000 211.000000 1.620789 1.564891 3.435122 -4.994398 1.848880 35.010193 1.605314 0.502907
Car -1 -1 -10 272.000000 186.000000 370.000000 234.000000 1.457278 1.543763 3.991386 -9.707963 1.856403 22.062025 0.041820 0.170661
