Car -1 -1 -10 625.000000 182.000000 724.000000 250.000000 1.484243 1.559654 3.511096 1.419418 1.689819 17.426407 -1.726822 0.998339
Car -1 -1 -10 557.000000 175.000000 644.000000 212.000000 1.521884 1.598614 3.874666 -0.336600 1.712413 32.975393 -0.706464 0.996900
Car -1 -1 -10 760.000000 166.000000 857.000000 204.000000 1.504953 1.646302 3.954322 9.041859 1.354038 32.005208 -0.708057 0.996109
Car -1 -1 -10 696.000000 170.000000 797.000000 209.000000 1.469307 1.592877 3.885354 5.542064 1.390531 29.064265 -0.665095 0.992418
Car -1 -1 -10 835.000000 168.000000 904.000000 199.000000 1.483491 1.626220 3.768514 12.525191 1.235798 34.834493 2.549087 0.972451
Car -1 -1 -10 938.000000 176.000000 1243.000000 374.000000 1.551471 1.627325 3.760924 2.866216 1.706625 2.747235 -1.603531 0.848426
Car -1 -1 -10 878.000000 160.000000 962.000000 195.000000 1.642873 1.694995 3.950830 16.131103 1.081578 37.541396 -0.672206 0.457586
Car -1 -1 -10 680.000000 172.000000 746.000000 203.000000 1.449339 1.579881 3.826662 5.398747 1.455354 29.001111 -0.650842 0.039908
Cyclist -1 -1 -10 650.000000 174.000000 676.000000 209.000000 1.728249 0.610275 1.681205 2.911718 1.665782 39.367398 2.615283 0.052034
Cyclist -1 -1 -10 656.000000 175.000000 695.000000 204.000000 1.702059 0.547034 1.619111 3.135688 1.384259 39.511483 -0.948152 0.035435
Cyclist -1 -1 -10 624.000000 180.000000 724.000000 252.000000 1.722766 0.933449 1.849234 1.469663 1.749525 16.357252 0.243933 0.028213
Cyclist -1 -1 -10 666.000000 174.000000 717.000000 203.000000 1.757919 0.555303 1.631275 4.500869 1.558945 36.110617 -0.788527 0.014626
Cyclist -1 -1 -10 665.000000 173.000000 682.000000 213.000000 1.726987 0.449907 1.425371 1.673241 1.250629 18.244297 -0.756324 0.012995
