Car -1 -1 -10 251.000000 194.000000 403.000000 278.000000 1.528947 1.606731 3.884578 -5.778906 1.989402 15.084676 1.582751 0.999696
Car -1 -1 -10 358.000000 189.000000 450.000000 247.000000 1.475388 1.570583 3.838114 -5.874441 1.993034 20.485935 1.592775 0.996779
Car -1 -1 -10 798.000000 153.000000 918.000000 197.000000 1.573837 1.681699 4.087114 9.196449 0.996719 27.333612 3.238104 0.994479
Car -1 -1 -10 404.000000 188.000000 481.000000 234.000000 1.462412 1.567386 3.801411 -5.761388 2.011083 25.366842 1.575674 0.986652
Car -1 -1 -10 443.000000 185.000000 506.000000 220.000000 1.466911 1.602990 3.903702 -5.700018 1.966301 31.385981 1.581001 0.955615
Car -1 -1 -10 488.000000 182.000000 529.000000 212.000000 1.561885 1.625582 3.976219 -5.469263 2.021743 38.996834 1.628704 0.923161
Car -1 -1 -10 664.000000 174.000000 708.000000 207.000000 1.520962 1.563188 3.762110 3.497651 1.619048 33.161062 -1.583937 0.893217
Car -1 -1 -10 1091.000000 135.000000 1241.000000 174.000000 1.556383 1.629735 3.788771 21.924239 0.077840 30.026326 1.735531 0.409692
Car -1 -1 -10 747.000000 160.000000 846.000000 194.000000 1.553156 1.612960 3.916775 8.651882 1.193113 35.118433 0.088463 0.211814
Car -1 -1 -10 1055.000000 141.000000 1153.000000 175.000000 1.566181 1.581120 3.741730 23.488142 0.042629 34.360722 0.022059 0.093317
