Car -1 -1 -10 711.000000 164.000000 913.000000 309.000000 1.724918 1.700634 4.140489 2.746529 1.663101 10.913333 -1.601639 0.999418
Car -1 -1 -10 -2.000000 187.000000 347.000000 295.000000 1.448065 1.592639 3.920234 -6.376732 1.765794 10.407080 -3.098289 0.997218
Car -1 -1 -10 186.000000 173.000000 412.000000 260.000000 1.608091 1.646868 3.975959 -6.651516 1.696552 15.136121 -3.189804 0.993766
Car -1 -1 -10 688.000000 181.000000 786.000000 254.000000 1.461020 1.585263 3.724881 2.773329 1.699175 16.489142 -1.585007 0.980872
Car -1 -1 -10 269.000000 169.000000 449.000000 243.000000 1.657215 1.608742 3.988576 -6.210749 1.584485 17.728519 0.052207 0.978867
Car -1 -1 -10 666.000000 176.000000 748.000000 232.000000 1.511021 1.609776 3.808378 2.777204 1.701205 21.810724 -1.577844 0.967798
Car -1 -1 -10 646.000000 175.000000 690.000000 208.000000 1.432615 1.590376 3.744084 2.583619 1.632553 33.916469 -1.584050 0.962750
Car -1 -1 -10 391.000000 172.000000 516.000000 210.000000 1.475864 1.616833 3.995991 -6.624369 1.618990 32.413521 0.215926 0.804584
Car -1 -1 -10 360.000000 170.000000 472.000000 223.000000 1.498831 1.605044 3.823427 -5.634060 1.414996 25.159562 -3.002324 0.680875
Car -1 -1 -10 2.000000 190.000000 98.000000 375.000000 1.574773 1.636233 3.881302 -6.580134 1.617520 6.250163 -2.875662 0.165510
