Pedestrian -1 -1 -10 686.000000 177.000000 756.000000 244.000000 1.783457 0.614250 0.869924 2.447968 1.828277 17.064344 0.622818 0.012372
Car -1 -1 -10 716.000000 184.000000 901.000000 304.000000 1.466794 1.642870 4.110963 2.813868 1.667963 11.082348 -1.605638 0.998248
Car -1 -1 -10 306.000000 198.000000 470.000000 309.000000 1.483728 1.573523 3.911948 -3.682609 1.909873 12.054032 1.594437 0.995001
Car -1 -1 -10 1.000000 207.000000 371.000000 375.000000 1.490501 1.625924 3.982767 -3.533355 1.882128 6.496004 1.553032 0.994153
Car -1 -1 -10 695.000000 177.000000 792.000000 251.000000 1.435463 1.614810 3.920258 3.011587 1.593637 17.198232 -1.606724 0.994137
Car -1 -1 -10 816.000000 178.000000 1254.000000 375.000000 1.492544 1.588364 3.692464 2.734611 1.580271 5.220513 -1.591744 0.993078
Car -1 -1 -10 407.000000 187.000000 490.000000 258.000000 1.507176 1.536488 3.704169 -3.886730 1.888233 17.735917 1.552696 0.980569
Car -1 -1 -10 677.000000 178.000000 744.000000 231.000000 1.498561 1.589294 3.681315 3.114382 1.688075 22.804205 -1.576564 0.961134
Car -1 -1 -10 451.000000 186.000000 526.000000 240.000000 1.457830 1.523770 3.748911 -3.668853 1.887294 22.248803 1.580664 0.951734
Car -1 -1 -10 635.000000 178.000000 677.000000 205.000000 1.577687 1.634644 3.932994 2.921074 1.909961 44.664634 -1.610786 0.756702
