Car -1 -1 -10 810.000000 185.000000 1085.000000 334.000000 1.505880 1.603737 3.654911 3.736756 1.663394 8.618573 -1.555624 0.999726
Car -1 -1 -10 501.000000 178.000000 545.000000 211.000000 1.533182 1.558362 3.498852 -4.206328 1.804918 34.888065 1.624939 0.999530
Car -1 -1 -10 271.000000 189.000000 435.000000 279.000000 1.505418 1.590324 3.839415 -4.730324 1.818981 13.628249 1.584494 0.999369
Car -1 -1 -10 375.000000 185.000000 481.000000 249.000000 1.441583 1.602153 3.992278 -4.714214 1.801318 19.020686 1.605287 0.999085
Car -1 -1 -10 0.000000 191.000000 329.000000 374.000000 1.548124 1.627505 3.802033 -4.734558 1.873262 7.911573 1.557647 0.998898
Car -1 -1 -10 740.000000 179.000000 885.000000 269.000000 1.471573 1.644828 4.076216 3.646055 1.645735 13.943117 -1.581166 0.997233
Car -1 -1 -10 712.000000 179.000000 800.000000 241.000000 1.482072 1.620615 3.782863 3.743561 1.679196 18.974533 -1.558355 0.994178
Car -1 -1 -10 700.000000 176.000000 761.000000 225.000000 1.491414 1.590481 3.709795 4.057197 1.689811 24.504325 -1.538621 0.975953
Car -1 -1 -10 1030.000000 185.000000 1239.000000 376.000000 1.519767 1.647510 3.896833 3.715153 1.775375 3.219138 -1.558891 0.955039
Car -1 -1 -10 522.000000 177.000000 559.000000 206.000000 1.525289 1.635310 3.996707 -3.870532 1.749875 39.534691 1.638425 0.909737
Car -1 -1 -10 687.000000 175.000000 730.000000 214.000000 1.494673 1.610639 3.935093 4.216526 1.690380 29.669508 1.592181 0.656553
Car -1 -1 -10 1085.000000 171.000000 1237.000000 224.000000 1.596342 1.649174 3.882665 18.823003 1.404945 24.222002 1.617842 0.378931
Cyclist -1 -1 -10 939.000000 176.000000 1032.000000 215.000000 1.727855 0.738584 1.691742 11.278263 1.431819 22.174002 -2.232803 0.016371
Cyclist -1 -1 -10 1029.000000 186.000000 1244.000000 376.000000 1.685131 0.611472 1.723862 3.126158 1.899844 3.679225 -1.599191 0.013820
