Car -1 -1 -10 699.000000 185.000000 919.000000 335.000000 1.628222 1.643764 4.124794 2.378448 1.817713 9.875676 -1.626934 0.999081
Car -1 -1 -10 32.000000 217.000000 435.000000 371.000000 1.463479 1.581408 3.807869 -2.759709 1.812947 6.135719 1.577339 0.994899
Car -1 -1 -10 630.000000 188.000000 662.000000 213.000000 1.571614 1.669887 4.118815 2.143006 2.397674 43.696416 -1.557660 0.970607
Car -1 -1 -10 61.000000 197.000000 403.000000 289.000000 1.490947 1.621720 4.141008 -6.527898 1.847537 12.937969 -3.169622 0.941835
Car -1 -1 -10 265.000000 191.000000 421.000000 252.000000 1.511141 1.589575 3.843702 -6.877103 1.980569 17.809130 -3.166075 0.831122
Car -1 -1 -10 382.000000 190.000000 500.000000 229.000000 1.514847 1.569025 3.949878 -6.356676 2.127999 27.618211 0.152900 0.727665
Car -1 -1 -10 435.000000 186.000000 513.000000 220.000000 1.522855 1.578728 3.896293 -6.629498 2.223964 33.094595 0.211027 0.175163
Car -1 -1 -10 352.000000 193.000000 468.000000 239.000000 1.506253 1.590804 3.753058 -6.152953 2.251100 24.700599 0.708637 0.048528
Car -1 -1 -10 722.000000 189.000000 777.000000 221.000000 1.436294 1.597226 3.452706 3.966232 1.472005 20.600120 0.873463 0.030660
Car -1 -1 -10 189.000000 201.000000 328.000000 261.000000 1.542712 1.574858 3.725558 -7.101646 1.557448 14.711290 1.497202 0.026039
