Pedestrian -1 -1 -10 300.000000 169.000000 368.000000 330.000000 1.769747 0.689615 0.900683 -3.119841 1.676768 8.261822 1.694071 0.997126
Pedestrian -1 -1 -10 777.000000 177.000000 839.000000 339.000000 1.775816 0.664470 0.788516 2.204471 1.650489 7.760931 -1.355624 0.996051
Pedestrian -1 -1 -10 975.000000 163.000000 1053.000000 349.000000 1.772759 0.662539 0.805375 4.065395 1.615096 7.184165 1.581470 0.995105
Pedestrian -1 -1 -10 634.000000 172.000000 667.000000 251.000000 1.782813 0.665115 1.123526 1.135602 1.652696 17.512402 -1.918175 0.994212
Pedestrian -1 -1 -10 1049.000000 159.000000 1152.000000 348.000000 1.726198 0.690596 0.722617 4.642366 1.583435 6.850519 3.093191 0.972231
Pedestrian -1 -1 -10 721.000000 177.000000 761.000000 297.000000 1.676313 0.532923 0.648855 1.947511 1.672431 10.442298 -1.568217 0.959509
Pedestrian -1 -1 -10 691.000000 182.000000 733.000000 285.000000 1.680232 0.638103 0.759394 1.823544 1.713983 11.918771 -1.431923 0.947605
Pedestrian -1 -1 -10 186.000000 172.000000 242.000000 321.000000 1.738506 0.620361 0.804565 -4.691796 1.625017 8.597090 1.093636 0.935626
Pedestrian -1 -1 -10 739.000000 180.000000 768.000000 287.000000 1.812505 0.634984 0.905248 2.459359 1.788367 11.953721 0.707687 0.253231
Pedestrian -1 -1 -10 777.000000 179.000000 812.000000 301.000000 1.654972 0.563674 0.685089 2.398972 1.459244 9.030147 0.659611 0.234675
Pedestrian -1 -1 -10 783.000000 180.000000 832.000000 259.000000 1.749981 0.714940 0.675395 4.485868 1.457572 15.697709 -1.653026 0.088745
Pedestrian -1 -1 -10 804.000000 178.000000 829.000000 227.000000 1.740826 0.545187 0.560237 2.968149 1.683801 10.279412 3.242389 0.072669
Pedestrian -1 -1 -10 783.000000 176.000000 807.000000 249.000000 1.715370 0.454840 0.664209 4.225413 1.710950 16.092524 3.292691 0.066781
Pedestrian -1 -1 -10 793.000000 180.000000 818.000000 237.000000 1.732774 0.547625 0.578080 3.884179 1.597912 14.331740 2.826630 0.047720
Car -1 -1 -10 545.000000 183.000000 597.000000 223.000000 1.502611 1.624245 3.988057 -1.260072 1.640228 29.913073 1.654056 0.999356
Cyclist -1 -1 -10 174.000000 176.000000 247.000000 324.000000 1.777064 0.620353 1.773106 -4.803814 1.678214 8.754529 1.078786 0.382483
Cyclist -1 -1 -10 636.000000 176.000000 673.000000 251.000000 1.790360 0.609257 1.751280 1.128999 1.635371 17.594808 -2.110914 0.374413
Cyclist -1 -1 -10 0.000000 212.000000 56.000000 331.000000 1.641880 0.528492 1.696395 -6.942810 1.802821 8.655656 -1.876356 0.082206
Cyclist -1 -1 -10 775.000000 180.000000 833.000000 329.000000 1.760449 0.538923 1.698874 2.382933 1.656549 8.085496 -1.237150 0.075112
Cyclist -1 -1 -10 650.000000 179.000000 691.000000 249.000000 1.709721 0.518699 1.778769 1.339765 1.693896 17.370858 0.739741 0.060724
Cyclist -1 -1 -10 780.000000 179.000000 814.000000 290.000000 1.784004 0.598528 1.530149 2.752626 1.247869 9.640751 -1.241960 0.027085
