Pedestrian -1 -1 -10 747.000000 172.000000 762.000000 220.000000 1.717310 0.528103 0.592993 3.886901 1.982241 19.575854 0.310240 0.034584
Car -1 -1 -10 489.000000 187.000000 548.000000 225.000000 1.589428 1.624658 3.801488 -3.658290 2.153595 30.055054 1.811540 0.999514
Car -1 -1 -10 763.000000 191.000000 896.000000 278.000000 1.468900 1.633063 3.948647 4.082900 1.846668 14.243140 -1.558397 0.996953
Car -1 -1 -10 726.000000 183.000000 822.000000 247.000000 1.473261 1.594654 3.723791 4.302390 1.798564 20.036610 -1.586364 0.990005
Car -1 -1 -10 711.000000 184.000000 769.000000 231.000000 1.472272 1.607519 3.958367 4.527603 1.941475 25.220146 -1.496801 0.973117
Car -1 -1 -10 698.000000 183.000000 740.000000 219.000000 1.489070 1.614217 3.598179 4.667941 1.968186 30.604063 -1.529968 0.926746
Car -1 -1 -10 1.000000 219.000000 160.000000 376.000000 1.490755 1.604996 3.924405 -4.795946 1.786285 3.735639 1.559326 0.624041
Car -1 -1 -10 522.000000 186.000000 562.000000 218.000000 1.533259 1.652962 3.974659 -3.347840 2.186081 36.235638 1.664110 0.621247
Car -1 -1 -10 688.000000 182.000000 725.000000 214.000000 1.581572 1.639132 4.112427 4.809721 2.008294 35.826608 -1.539319 0.406451
Car -1 -1 -10 823.000000 161.000000 1232.000000 375.000000 1.813730 1.725203 4.347144 3.950992 1.714383 7.972944 -1.550072 0.296774
