Car -1 -1 -10 522.000000 178.000000 561.000000 206.000000 1.534953 1.665157 4.012134 -3.759873 1.854633 40.118091 1.600485 0.999361
Car -1 -1 -10 209.000000 175.000000 382.000000 279.000000 1.626645 1.645484 3.964659 -6.251511 1.819404 14.572241 1.556557 0.998868
Car -1 -1 -10 332.000000 179.000000 436.000000 241.000000 1.592993 1.662426 4.057274 -6.428704 1.846465 21.305080 1.579047 0.995853
Car -1 -1 -10 845.000000 171.000000 1229.000000 375.000000 1.544690 1.628614 3.929444 2.922638 1.626131 4.341086 -1.603116 0.982520
Car -1 -1 -10 436.000000 182.000000 487.000000 215.000000 1.376637 1.623714 4.114522 -6.587483 1.885398 32.020240 1.567272 0.980727
Car -1 -1 -10 691.000000 165.000000 772.000000 192.000000 1.671859 1.764086 4.393897 8.058786 1.228335 46.580660 3.253606 0.934202
Car -1 -1 -10 -2.000000 219.000000 162.000000 370.000000 1.437101 1.626794 3.992773 -6.115590 1.931480 6.262190 1.610304 0.740497
Car -1 -1 -10 1012.000000 154.000000 1225.000000 212.000000 1.495381 1.623026 3.940240 15.355157 0.728797 21.349855 0.737425 0.073328
Car -1 -1 -10 994.000000 157.000000 1235.000000 292.000000 1.542739 1.610230 3.680370 13.865182 1.419422 19.380346 -0.950502 0.045741
Cyclist -1 -1 -10 -3.000000 218.000000 163.000000 371.000000 1.741598 0.503722 1.837323 -5.725991 2.001432 7.055660 1.535151 0.016614
