Pedestrian -1 -1 -10 505.000000 174.000000 524.000000 218.000000 1.679417 0.626748 0.680260 -3.610447 1.736193 27.071515 1.499531 0.169070
Pedestrian -1 -1 -10 707.000000 161.000000 725.000000 212.000000 1.823318 0.711985 0.898979 4.015345 1.431147 27.618414 -1.812708 0.070238
Pedestrian -1 -1 -10 389.000000 177.000000 421.000000 252.000000 1.703850 0.648998 0.730946 -3.664911 1.734296 12.961932 1.640806 0.064139
Pedestrian -1 -1 -10 426.000000 171.000000 472.000000 274.000000 1.713587 0.721101 0.588812 -2.939601 1.754493 13.362096 1.473053 0.018217
Car -1 -1 -10 638.000000 175.000000 671.000000 201.000000 1.553505 1.620978 3.775274 2.593939 1.650117 41.825980 -1.510845 0.902176
Car -1 -1 -10 1002.000000 200.000000 1235.000000 371.000000 1.528429 1.588963 3.710209 2.557348 1.458328 1.575725 -1.587156 0.898670
Car -1 -1 -10 0.000000 209.000000 181.000000 371.000000 1.546880 1.611185 3.844489 -4.962044 1.855605 5.068648 1.561703 0.824472
Car -1 -1 -10 376.000000 185.000000 450.000000 248.000000 1.545514 1.680676 3.932482 -5.325527 1.949633 20.697657 1.404641 0.245212
Car -1 -1 -10 498.000000 176.000000 530.000000 211.000000 1.536438 1.637137 3.827047 -5.204503 1.959547 39.584072 1.715674 0.066802
Cyclist -1 -1 -10 422.000000 172.000000 477.000000 279.000000 1.739256 0.669055 1.802729 -2.954466 1.756629 13.276682 1.537595 0.999605
Cyclist -1 -1 -10 506.000000 172.000000 524.000000 220.000000 1.737131 0.603523 1.787195 -3.640932 1.845792 27.075895 1.550624 0.999013
Cyclist -1 -1 -10 377.000000 177.000000 435.000000 284.000000 1.691511 0.527152 1.758639 -3.668961 1.848176 12.821043 1.593937 0.998718
Cyclist -1 -1 -10 707.000000 161.000000 726.000000 213.000000 1.831281 0.585901 1.789237 4.082747 1.437486 27.804286 -1.303910 0.759042
Cyclist -1 -1 -10 373.000000 187.000000 453.000000 245.000000 1.747235 0.872684 1.852719 -5.515167 1.999996 19.690693 0.248593 0.249252
Cyclist -1 -1 -10 997.000000 191.000000 1245.000000 377.000000 1.704659 0.627136 1.773653 2.132709 1.485013 2.085294 -1.587346 0.046411
Cyclist -1 -1 -10 389.000000 178.000000 420.000000 255.000000 1.781630 0.489383 1.647064 -3.879319 1.640722 13.371250 -1.279764 0.040790
