Pedestrian -1 -1 -10 1147.000000 161.000000 1195.000000 261.000000 1.787804 0.695531 0.804090 14.472296 1.235300 18.406955 0.489246 0.094866
Pedestrian -1 -1 -10 0.000000 179.000000 98.000000 370.000000 1.738182 0.655266 0.899532 -4.980882 1.894158 6.120737 -3.211196 0.012531
Car -1 -1 -10 630.000000 178.000000 681.000000 218.000000 1.416478 1.603876 3.969440 1.804283 1.760605 30.030007 -1.648371 0.998260
Car -1 -1 -10 0.000000 162.000000 290.000000 300.000000 1.557069 1.674875 3.879083 -6.982662 1.665962 10.428511 -3.268767 0.997011
Car -1 -1 -10 1008.000000 189.000000 1242.000000 376.000000 1.519745 1.589381 3.703146 5.961959 1.718058 6.661118 0.003014 0.993782
Car -1 -1 -10 802.000000 184.000000 1133.000000 286.000000 1.549447 1.621355 4.017656 5.913666 1.729037 11.781630 3.053030 0.978013
Car -1 -1 -10 324.000000 179.000000 466.000000 226.000000 1.489004 1.539424 3.840705 -7.138076 1.648288 24.472493 -3.177307 0.977249
Car -1 -1 -10 766.000000 171.000000 968.000000 262.000000 1.583406 1.604729 3.989894 5.487356 1.784976 14.857575 0.005476 0.974954
Car -1 -1 -10 940.000000 185.000000 1188.000000 317.000000 1.483023 1.611060 3.939351 6.420939 1.673767 9.148052 0.023951 0.832512
Car -1 -1 -10 4.000000 175.000000 95.000000 373.000000 1.502055 1.602608 3.943469 -6.584852 1.645771 5.678475 -3.084985 0.384289
Car -1 -1 -10 616.000000 175.000000 646.000000 201.000000 1.528282 1.644301 3.824259 1.048347 1.735246 45.301055 -1.544316 0.183521
Car -1 -1 -10 382.000000 179.000000 487.000000 219.000000 1.596994 1.625972 3.990628 -7.263973 1.795746 29.913776 -0.069255 0.127851
Cyclist -1 -1 -10 484.000000 174.000000 512.000000 234.000000 1.709335 0.539259 1.708037 -3.295795 1.793098 21.361836 1.611881 0.992016
Cyclist -1 -1 -10 485.000000 178.000000 516.000000 206.000000 1.799024 0.474119 1.626266 -5.744892 1.723127 37.082942 -0.104475 0.253261
Cyclist -1 -1 -10 1131.000000 169.000000 1211.000000 245.000000 1.691560 0.536551 1.670421 14.500521 1.215161 18.462785 1.050702 0.029804
