Car -1 -1 -10 774.000000 162.000000 1152.000000 377.000000 1.507490 1.584441 3.634903 2.739621 1.601316 6.525746 -1.594094 0.999639
Car -1 -1 -10 702.000000 174.000000 866.000000 277.000000 1.479691 1.635068 4.036571 2.739967 1.584383 12.488734 -1.627132 0.997980
Car -1 -1 -10 84.000000 196.000000 407.000000 376.000000 1.506486 1.626396 3.939992 -3.575711 1.842125 7.820310 1.551741 0.997522
Car -1 -1 -10 349.000000 190.000000 477.000000 284.000000 1.498644 1.573755 3.864752 -3.720347 1.817616 13.570001 1.588229 0.997363
Car -1 -1 -10 463.000000 179.000000 526.000000 228.000000 1.478234 1.587988 3.803388 -3.820703 1.731230 23.727769 1.599627 0.992074
Car -1 -1 -10 686.000000 171.000000 776.000000 237.000000 1.510357 1.630295 3.914199 2.974322 1.511604 18.640142 -1.591931 0.987445
Car -1 -1 -10 421.000000 180.000000 495.000000 245.000000 1.491207 1.536343 3.599539 -3.985624 1.750941 19.082406 1.559484 0.980097
Car -1 -1 -10 671.000000 169.000000 733.000000 220.000000 1.558431 1.572772 3.616907 3.015419 1.491465 24.371924 -1.570685 0.948260
Car -1 -1 -10 634.000000 170.000000 671.000000 196.000000 1.602106 1.640785 3.826657 2.462450 1.489785 46.069844 -2.082150 0.734704
Car -1 -1 -10 1054.000000 180.000000 1246.000000 372.000000 1.510527 1.578669 3.764819 2.834746 1.474964 1.537788 -1.519268 0.514616
Cyclist -1 -1 -10 1047.000000 175.000000 1245.000000 370.000000 1.672419 0.510747 1.695064 2.467336 1.551041 2.836072 -1.517114 0.011570
