Pedestrian -1 -1 -10 183.000000 162.000000 249.000000 319.000000 1.782128 0.696991 0.758210 -4.595144 1.550622 8.590588 2.118341 0.995548
Pedestrian -1 -1 -10 393.000000 197.000000 447.000000 303.000000 1.683885 0.741793 0.795297 -2.109517 1.827714 8.304812 -3.389266 0.616166
Pedestrian -1 -1 -10 426.000000 191.000000 455.000000 261.000000 1.695162 0.555682 0.561158 -2.749396 1.859216 12.167265 -2.453661 0.363068
Pedestrian -1 -1 -10 386.000000 198.000000 421.000000 274.000000 1.698335 0.532280 0.618189 -2.786506 1.879829 9.822249 -0.161503 0.278111
Pedestrian -1 -1 -10 345.000000 199.000000 402.000000 305.000000 1.678117 0.669823 0.893576 -2.684477 1.787070 8.399833 -2.982753 0.253641
Pedestrian -1 -1 -10 401.000000 199.000000 428.000000 266.000000 1.680889 0.554748 0.574054 -2.796906 1.808596 10.465330 -1.138231 0.105160
Pedestrian -1 -1 -10 412.000000 197.000000 446.000000 261.000000 1.699389 0.528990 0.577180 -2.289842 1.579822 8.833655 -1.244061 0.087040
Pedestrian -1 -1 -10 350.000000 201.000000 388.000000 270.000000 1.681455 0.577053 0.713565 -5.122118 1.921753 15.582834 -1.674253 0.085690
Car -1 -1 -10 830.000000 126.000000 1236.000000 374.000000 1.765566 1.661069 3.902188 3.167622 1.491227 5.519951 -1.587370 0.869344
Cyclist -1 -1 -10 512.000000 171.000000 558.000000 211.000000 1.737637 0.625491 1.757381 -2.798724 1.319204 30.026574 0.110105 0.065702
Cyclist -1 -1 -10 393.000000 197.000000 453.000000 301.000000 1.667434 0.502648 1.639730 -2.223533 1.711622 8.501858 -1.357443 0.019839
