Pedestrian -1 -1 -10 310.000000 159.000000 355.000000 281.000000 1.840880 0.718013 0.974630 -4.309331 1.449096 11.078392 1.199452 0.993093
Pedestrian -1 -1 -10 341.000000 158.000000 384.000000 276.000000 1.805745 0.636480 0.861673 -3.937645 1.430824 11.349372 0.735857 0.979008
Pedestrian -1 -1 -10 483.000000 166.000000 491.000000 194.000000 1.870426 0.571899 0.809035 -8.341350 0.966084 50.026698 -0.072257 0.507550
Pedestrian -1 -1 -10 362.000000 165.000000 381.000000 221.000000 1.713548 0.538903 0.601566 -7.689548 1.042246 22.917288 2.302427 0.054910
Pedestrian -1 -1 -10 336.000000 161.000000 363.000000 270.000000 1.706671 0.547248 0.484880 -4.136333 1.491089 11.314940 2.205467 0.049632
Pedestrian -1 -1 -10 356.000000 160.000000 389.000000 240.000000 1.719906 0.599706 0.641275 -5.677042 2.240128 17.708138 -2.440488 0.021413
Pedestrian -1 -1 -10 361.000000 164.000000 372.000000 202.000000 1.734387 0.581139 0.634816 -12.528048 0.502999 36.659846 -2.477924 0.020093
Pedestrian -1 -1 -10 365.000000 166.000000 377.000000 203.000000 1.713293 0.540722 0.598764 -7.692736 1.045100 22.902208 2.293911 0.016077
Car -1 -1 -10 537.000000 159.000000 583.000000 209.000000 1.710130 1.639291 3.794068 -1.999093 1.047918 29.559893 -1.712552 0.911663
Cyclist -1 -1 -10 483.000000 165.000000 491.000000 193.000000 1.732916 0.619617 1.831328 -8.414561 0.774078 50.295761 1.482785 0.079356
Cyclist -1 -1 -10 342.000000 161.000000 387.000000 273.000000 1.801595 0.600832 1.773043 -3.880834 1.423747 11.229418 1.790077 0.040960
Cyclist -1 -1 -10 356.000000 166.000000 387.000000 214.000000 1.703245 0.569019 1.663568 -9.827013 0.875413 30.961634 -1.776344 0.011505
