Pedestrian -1 -1 -10 1157.000000 133.000000 1236.000000 364.000000 1.703796 0.561790 0.704465 4.773992 1.348847 5.638104 0.705567 0.985529
Pedestrian -1 -1 -10 674.000000 173.000000 693.000000 226.000000 1.762809 0.652890 0.819146 2.631829 1.477524 23.341807 -1.593560 0.959994
Pedestrian -1 -1 -10 923.000000 231.000000 1010.000000 370.000000 1.756447 0.647993 0.724111 2.116678 1.878193 4.252006 2.940371 0.778308
Pedestrian -1 -1 -10 696.000000 171.000000 717.000000 227.000000 1.790693 0.679550 0.949210 3.421858 1.481815 23.433427 -1.548577 0.698477
Pedestrian -1 -1 -10 535.000000 170.000000 561.000000 229.000000 1.773944 0.699616 0.886498 -1.665998 1.400122 22.606924 -1.757113 0.439642
Pedestrian -1 -1 -10 981.000000 180.000000 1023.000000 266.000000 1.672169 0.783852 0.712341 6.039841 1.589588 10.906471 -1.522634 0.307288
Pedestrian -1 -1 -10 891.000000 225.000000 1093.000000 368.000000 1.676266 0.782810 0.582624 2.581440 1.654852 4.921463 2.064425 0.030926
Pedestrian -1 -1 -10 1207.000000 129.000000 1237.000000 337.000000 1.717140 0.540612 0.621291 4.767100 1.178260 5.519242 1.249980 0.012583
Pedestrian -1 -1 -10 609.000000 172.000000 622.000000 205.000000 1.826867 0.713248 0.714449 0.829621 1.222207 39.725477 -1.614809 0.011770
Car -1 -1 -10 16.000000 203.000000 341.000000 371.000000 1.507488 1.582891 3.744181 -2.708948 1.652969 2.811641 1.697896 0.989756
Car -1 -1 -10 913.000000 226.000000 1035.000000 367.000000 1.514654 1.506299 3.694331 2.633332 1.503936 4.793078 1.495734 0.011109
Cyclist -1 -1 -10 535.000000 171.000000 561.000000 230.000000 1.824034 0.666421 1.744908 -1.736121 1.434133 22.712647 -1.641421 0.871852
Cyclist -1 -1 -10 913.000000 226.000000 1035.000000 367.000000 1.568429 0.566828 1.615309 2.590937 1.678430 4.991697 2.600310 0.570769
Cyclist -1 -1 -10 561.000000 176.000000 582.000000 206.000000 1.717530 0.647284 1.376396 -1.569102 1.652435 34.214825 2.926558 0.041185
