Pedestrian -1 -1 -10 719.000000 163.000000 778.000000 345.000000 1.670385 0.565691 0.849611 1.460396 1.497070 7.217776 -0.786026 0.998462
Pedestrian -1 -1 -10 940.000000 130.000000 1006.000000 280.000000 1.820546 0.634805 0.908910 4.798406 1.255556 9.245857 3.580292 0.995586
Pedestrian -1 -1 -10 556.000000 169.000000 578.000000 233.000000 1.786790 0.655704 0.794433 -0.967346 1.398641 19.742468 -1.797807 0.995403
Pedestrian -1 -1 -10 493.000000 169.000000 515.000000 238.000000 1.760259 0.631448 0.673465 -2.642802 1.488944 18.847064 1.035697 0.975078
Pedestrian -1 -1 -10 467.000000 173.000000 492.000000 240.000000 1.770414 0.669231 0.852775 -3.201005 1.503766 18.908711 1.283795 0.973775
Pedestrian -1 -1 -10 1019.000000 140.000000 1072.000000 273.000000 1.784885 0.572416 0.977956 5.824825 1.192511 9.383957 -1.996828 0.830883
Pedestrian -1 -1 -10 595.000000 170.000000 612.000000 229.000000 1.786342 0.659593 0.718419 -0.077523 1.297815 20.598290 -0.577164 0.804490
Pedestrian -1 -1 -10 148.000000 213.000000 231.000000 360.000000 1.712630 0.596264 0.625120 -3.859710 1.623007 6.703610 -2.642595 0.714043
Pedestrian -1 -1 -10 603.000000 169.000000 620.000000 231.000000 1.784026 0.671543 0.855017 0.303584 1.432361 19.862324 1.504032 0.707455
Pedestrian -1 -1 -10 244.000000 216.000000 315.000000 351.000000 1.627847 0.669401 0.607269 -2.797598 1.903081 6.222642 -2.573267 0.513304
Pedestrian -1 -1 -10 271.000000 202.000000 320.000000 301.000000 1.702096 0.603470 0.602980 -4.110466 1.793841 9.977896 -1.907883 0.373908
Pedestrian -1 -1 -10 615.000000 170.000000 632.000000 226.000000 1.785780 0.654017 0.734405 0.655533 1.369785 21.422174 2.054007 0.337901
Pedestrian -1 -1 -10 584.000000 167.000000 601.000000 219.000000 1.714389 0.574044 0.699542 -0.448962 1.531927 27.539917 -1.003869 0.337094
Pedestrian -1 -1 -10 0.000000 168.000000 176.000000 373.000000 1.767624 0.719066 0.643326 -1.579309 1.604894 2.105141 1.064583 0.320838
Pedestrian -1 -1 -10 291.000000 203.000000 333.000000 296.000000 1.726266 0.637773 0.543890 -4.675374 1.875923 11.732703 -1.570329 0.269312
Pedestrian -1 -1 -10 348.000000 200.000000 379.000000 295.000000 1.726600 0.574080 0.721537 -3.640746 1.870003 11.128473 0.268582 0.118810
Pedestrian -1 -1 -10 317.000000 205.000000 381.000000 302.000000 1.740669 0.724103 0.819533 -3.621260 1.920801 10.931619 -3.021926 0.116218
Pedestrian -1 -1 -10 222.000000 202.000000 256.000000 277.000000 1.683403 0.626202 0.813489 -6.317839 1.944721 12.410608 -0.019620 0.061233
Pedestrian -1 -1 -10 277.000000 202.000000 351.000000 321.000000 1.675719 0.622987 0.665609 -4.113260 1.884792 10.139219 0.186426 0.058119
Pedestrian -1 -1 -10 856.000000 161.000000 882.000000 240.000000 1.710646 0.603020 0.789121 4.965683 1.766191 13.523228 2.857544 0.057463
Car -1 -1 -10 1072.000000 231.000000 1236.000000 364.000000 1.535996 1.581439 3.795263 6.420963 1.617883 6.218089 2.180898 0.047392
Cyclist -1 -1 -10 243.000000 218.000000 317.000000 343.000000 1.600362 0.638125 1.686571 -2.731720 1.874091 6.217246 2.245204 0.254277
Cyclist -1 -1 -10 641.000000 172.000000 695.000000 229.000000 1.713664 0.595179 1.561330 1.799097 1.338611 23.369466 3.137857 0.237934
Cyclist -1 -1 -10 257.000000 206.000000 325.000000 297.000000 1.710628 0.604455 1.657591 -3.979650 1.527332 9.302831 -1.349237 0.116945
Cyclist -1 -1 -10 0.000000 159.000000 174.000000 368.000000 1.659909 0.678895 1.722675 -1.702817 1.339269 1.995529 1.516485 0.106592
Cyclist -1 -1 -10 494.000000 170.000000 515.000000 238.000000 1.764066 0.612089 1.767866 -2.711662 1.496331 19.056181 1.421886 0.036271
Cyclist -1 -1 -10 225.000000 203.000000 263.000000 278.000000 1.648587 0.563716 1.821733 -6.300593 1.796951 12.595455 -1.992501 0.031491
Cyclist -1 -1 -10 644.000000 169.000000 669.000000 218.000000 1.714728 0.625573 1.668058 1.849645 1.092983 23.944712 -1.596213 0.028875
Cyclist -1 -1 -10 294.000000 203.000000 338.000000 297.000000 1.734421 0.531333 1.540383 -4.265736 1.660229 10.971951 -1.926121 0.027460
Cyclist -1 -1 -10 132.000000 207.000000 238.000000 366.000000 1.657327 0.573686 1.649421 -3.607420 1.656455 6.226205 2.551865 0.019689
Cyclist -1 -1 -10 273.000000 202.000000 303.000000 283.000000 1.734225 0.398924 1.195029 -6.465833 2.059279 14.909400 -1.988778 0.017846
Cyclist -1 -1 -10 667.000000 164.000000 689.000000 227.000000 1.654641 0.625352 1.686226 2.501576 0.995018 23.792773 0.530260 0.015807
Cyclist -1 -1 -10 317.000000 205.000000 381.000000 302.000000 1.623561 0.773820 1.759481 -3.782206 1.782588 10.997158 2.736571 0.012270
