Car -1 -1 -10 706.000000 186.000000 842.000000 279.000000 1.410580 1.609368 3.934900 2.797238 1.709331 13.029228 -1.564014 0.999706
Car -1 -1 -10 552.000000 177.000000 588.000000 205.000000 1.447508 1.625202 3.670802 -2.146284 1.680885 37.216194 1.523445 0.998448
Car -1 -1 -10 679.000000 179.000000 742.000000 229.000000 1.409747 1.589387 3.870873 3.087028 1.694876 22.238156 -1.566243 0.990524
Car -1 -1 -10 318.000000 177.000000 493.000000 237.000000 1.541694 1.590048 4.038848 -5.865944 1.777511 19.892735 -0.025376 0.982612
Car -1 -1 -10 191.000000 172.000000 421.000000 257.000000 1.505012 1.621182 4.099896 -5.937958 1.474100 14.310913 -0.011866 0.973790
Car -1 -1 -10 0.000000 181.000000 248.000000 372.000000 1.606653 1.606969 4.064399 -6.040777 1.708077 6.937023 -0.067390 0.954138
Car -1 -1 -10 652.000000 172.000000 687.000000 201.000000 1.590813 1.649311 3.755053 3.336791 1.562251 40.710137 -1.556213 0.922002
Car -1 -1 -10 390.000000 175.000000 509.000000 219.000000 1.515252 1.627466 3.972739 -5.875615 1.457991 28.551367 -3.239424 0.890927
Car -1 -1 -10 486.000000 175.000000 546.000000 200.000000 1.508711 1.637558 3.820006 -5.380236 1.635513 44.039723 -0.137960 0.621863
Cyclist -1 -1 -10 2.000000 169.000000 238.000000 369.000000 1.627700 0.955279 1.923161 -5.070623 1.770343 6.419353 -0.069825 0.029308
