Pedestrian -1 -1 -10 382.000000 175.000000 405.000000 244.000000 1.859278 0.735100 0.863653 -5.915055 1.971445 19.573979 1.524014 0.990485
Pedestrian -1 -1 -10 352.000000 182.000000 377.000000 242.000000 1.791145 0.704221 0.749420 -6.760532 1.905670 19.266002 1.283525 0.081686
Pedestrian -1 -1 -10 410.000000 197.000000 421.000000 227.000000 1.713721 0.596852 0.663141 -7.654007 2.256219 27.604526 0.363494 0.070098
Car -1 -1 -10 679.000000 179.000000 759.000000 243.000000 1.488608 1.569668 3.539599 2.550981 1.644792 18.010955 -1.566267 0.999375
Car -1 -1 -10 765.000000 181.000000 1050.000000 360.000000 1.502438 1.587022 3.644224 2.827248 1.620716 7.768526 -1.608851 0.998958
Car -1 -1 -10 314.000000 199.000000 450.000000 286.000000 1.462158 1.567310 3.565100 -4.350089 2.005653 13.862195 -1.588599 0.998807
Car -1 -1 -10 647.000000 176.000000 686.000000 211.000000 1.574086 1.645238 3.953083 2.673589 1.754150 33.933776 -1.523786 0.998050
Car -1 -1 -10 423.000000 180.000000 504.000000 241.000000 1.639712 1.682461 3.981432 -4.613013 1.961497 23.181404 -1.564948 0.997913
Car -1 -1 -10 491.000000 184.000000 531.000000 216.000000 1.490588 1.576238 3.728785 -5.023194 2.052681 36.996162 1.580630 0.991094
Car -1 -1 -10 803.000000 186.000000 916.000000 260.000000 1.549696 1.508038 3.308372 6.077674 1.781561 19.457541 1.378840 0.011195
Car -1 -1 -10 784.000000 182.000000 978.000000 287.000000 1.597779 1.586262 3.665221 2.758540 1.712303 7.173124 -1.568633 0.010341
Car -1 -1 -10 350.000000 189.000000 433.000000 246.000000 1.457971 1.543772 3.746278 -8.449040 1.556418 23.805066 1.764283 0.010191
Cyclist -1 -1 -10 349.000000 183.000000 379.000000 241.000000 1.773123 0.612250 1.593184 -7.230259 1.675106 20.498203 -0.264827 0.038149
Cyclist -1 -1 -10 373.000000 183.000000 402.000000 244.000000 1.716280 0.832925 1.801243 -5.888363 1.713740 19.610553 0.115540 0.021391
Cyclist -1 -1 -10 365.000000 185.000000 386.000000 243.000000 1.727738 0.687684 1.581055 -7.443452 1.619873 22.701252 2.378453 0.012587
Cyclist -1 -1 -10 407.000000 196.000000 422.000000 230.000000 1.679147 0.661730 1.638290 -7.533583 2.032152 27.371372 1.877284 0.010871
