Car -1 -1 -10 573.000000 175.000000 611.000000 210.000000 1.547921 1.621336 3.822896 -0.761172 1.105234 35.466294 -1.593160 0.999405
Car -1 -1 -10 214.000000 186.000000 407.000000 293.000000 1.489527 1.614635 3.989529 -4.721501 1.520866 11.925316 -1.580250 0.999358
Car -1 -1 -10 408.000000 183.000000 487.000000 237.000000 1.467103 1.597571 3.708001 -4.646131 1.439429 21.185922 -1.585191 0.999006
Car -1 -1 -10 90.000000 177.000000 232.000000 242.000000 1.543281 1.651746 3.836274 -12.175995 1.445782 20.096201 -1.589567 0.997786
Car -1 -1 -10 216.000000 186.000000 315.000000 248.000000 1.527299 1.618335 3.746692 -8.468162 1.598369 18.994574 -1.390236 0.959233
Car -1 -1 -10 445.000000 180.000000 500.000000 220.000000 1.525798 1.597619 3.791725 -5.521731 1.317108 29.190144 -1.595321 0.589269
Car -1 -1 -10 0.000000 178.000000 161.000000 315.000000 1.555918 1.664141 3.890695 -8.458750 1.554286 10.170171 -1.605937 0.517789
Car -1 -1 -10 344.000000 179.000000 418.000000 217.000000 1.484108 1.572681 3.729428 -9.147131 1.285435 29.078706 -1.566024 0.451724
Car -1 -1 -10 412.000000 173.000000 462.000000 205.000000 1.533273 1.576411 3.522851 -9.245137 0.269292 39.515963 1.844092 0.079427
Car -1 -1 -10 509.000000 172.000000 545.000000 205.000000 1.730523 1.678841 3.934022 -4.583466 0.890696 36.787711 -1.608287 0.016162
