Pedestrian -1 -1 -10 645.000000 152.000000 678.000000 237.000000 1.759001 0.670731 0.835772 1.189686 1.121338 15.011519 1.275805 0.988833
Pedestrian -1 -1 -10 339.000000 168.000000 362.000000 222.000000 1.697052 0.640107 0.990451 -8.242759 1.202912 23.551432 -1.924396 0.981043
Pedestrian -1 -1 -10 37.000000 175.000000 97.000000 303.000000 1.830309 0.669258 0.783693 -8.399995 1.585502 11.222227 -0.117709 0.936225
Pedestrian -1 -1 -10 0.000000 174.000000 36.000000 333.000000 1.723136 0.535950 0.597817 -5.992947 1.888404 7.222350 -0.584318 0.729880
Pedestrian -1 -1 -10 431.000000 168.000000 442.000000 199.000000 1.755015 0.627247 0.743688 -9.652368 1.065300 41.714925 -2.204146 0.201113
Pedestrian -1 -1 -10 468.000000 168.000000 490.000000 216.000000 1.754285 0.708136 0.833506 -4.497104 1.133994 26.067660 -2.131392 0.097909
Pedestrian -1 -1 -10 486.000000 170.000000 502.000000 215.000000 1.762811 0.628113 0.799259 -4.003700 1.219693 26.184577 -1.797940 0.074306
Pedestrian -1 -1 -10 213.000000 154.000000 329.000000 357.000000 1.692544 0.736404 0.612103 -2.978563 1.479150 6.478729 1.583812 0.056475
Pedestrian -1 -1 -10 477.000000 170.000000 497.000000 216.000000 1.779381 0.645488 0.910520 -4.127402 1.139408 26.086186 -1.770085 0.032406
Pedestrian -1 -1 -10 18.000000 185.000000 138.000000 329.000000 1.728228 0.656265 0.705803 -6.491501 1.620469 8.615643 -2.091617 0.013129
Car -1 -1 -10 19.000000 180.000000 286.000000 368.000000 1.607813 1.651269 3.966282 -5.032817 1.617754 8.329837 1.494485 0.996386
Car -1 -1 -10 18.000000 185.000000 138.000000 329.000000 1.561402 1.574667 3.807996 -5.884028 1.552733 6.794821 -0.044491 0.036114
Car -1 -1 -10 186.000000 163.000000 336.000000 364.000000 1.534113 1.523065 3.624128 -3.694553 1.520550 7.962401 -2.081015 0.024039
Cyclist -1 -1 -10 206.000000 148.000000 333.000000 371.000000 1.730742 0.642421 1.704853 -2.954085 1.489717 6.406996 1.377746 0.997424
Cyclist -1 -1 -10 13.000000 177.000000 296.000000 372.000000 1.695779 0.726399 1.814705 -4.464403 1.834008 7.416797 2.029208 0.214134
Cyclist -1 -1 -10 468.000000 167.000000 489.000000 216.000000 1.752245 0.646931 1.745683 -4.465336 1.116148 26.033237 1.381763 0.194204
Cyclist -1 -1 -10 1.000000 170.000000 49.000000 330.000000 1.746577 0.695658 1.337449 -8.424741 1.721017 10.783553 1.951545 0.082917
Cyclist -1 -1 -10 27.000000 174.000000 102.000000 307.000000 1.738903 0.591757 1.678907 -7.915908 1.933466 10.350840 -3.068348 0.062391
Cyclist -1 -1 -10 1.000000 162.000000 20.000000 359.000000 1.691956 0.553790 1.646463 -4.061316 1.378240 4.909342 -2.235504 0.010913
