Car -1 -1 -10 640.000000 176.000000 715.000000 231.000000 1.456041 1.623447 4.040624 1.875492 1.595951 21.324338 -1.640450 0.999305
Car -1 -1 -10 619.000000 171.000000 658.000000 204.000000 1.570530 1.611631 3.640254 1.404381 1.564527 36.320367 -1.623757 0.981150
Car -1 -1 -10 132.000000 184.000000 432.000000 250.000000 1.440146 1.608667 4.215878 -7.174014 1.589344 15.623489 -3.144700 0.933055
Car -1 -1 -10 421.000000 177.000000 493.000000 211.000000 1.510886 1.651307 3.847185 -6.843331 1.867737 33.382868 -1.776938 0.924239
Car -1 -1 -10 947.000000 156.000000 1235.000000 367.000000 1.574089 1.626847 4.053319 5.023946 1.511160 6.916626 1.687518 0.889856
Car -1 -1 -10 271.000000 179.000000 433.000000 239.000000 1.486445 1.596480 4.138700 -6.807096 1.743745 18.340691 -3.100173 0.283583
Car -1 -1 -10 459.000000 174.000000 517.000000 199.000000 1.556444 1.633256 4.016640 -7.484124 1.551763 47.126547 -3.218125 0.202089
Car -1 -1 -10 290.000000 181.000000 403.000000 287.000000 1.526506 1.585998 3.931139 -6.742068 1.667177 16.143317 0.529369 0.149812
Car -1 -1 -10 384.000000 178.000000 471.000000 216.000000 1.630312 1.605324 3.978191 -8.151061 1.669946 29.284844 -3.240733 0.037430
Car -1 -1 -10 1084.000000 189.000000 1244.000000 371.000000 1.456530 1.568578 3.926530 5.402520 1.632038 5.419559 0.118055 0.018780
Car -1 -1 -10 233.000000 184.000000 363.000000 243.000000 1.512949 1.534194 3.377263 -7.845974 1.468029 19.666240 1.713268 0.016920
Car -1 -1 -10 1031.000000 162.000000 1235.000000 295.000000 1.509963 1.554906 3.755971 5.790065 1.391828 7.355176 1.579310 0.013604
Cyclist -1 -1 -10 306.000000 177.000000 401.000000 327.000000 1.692274 0.576369 1.721758 -3.195872 1.763790 9.025436 1.459253 0.999526
Cyclist -1 -1 -10 266.000000 183.000000 410.000000 265.000000 1.753800 0.750235 1.695968 -5.703970 1.758023 15.261186 2.653501 0.317929
