Pedestrian -1 -1 -10 766.000000 154.000000 840.000000 351.000000 1.737607 0.656106 0.982350 1.821067 1.478380 6.591297 -0.823326 0.997163
Pedestrian -1 -1 -10 561.000000 166.000000 587.000000 232.000000 1.719564 0.738828 0.792273 -0.772616 1.233419 19.171717 -1.983232 0.996223
Pedestrian -1 -1 -10 960.000000 121.000000 1030.000000 289.000000 1.825030 0.609605 0.879160 4.637377 1.228905 8.492687 -2.625199 0.995942
Pedestrian -1 -1 -10 501.000000 167.000000 524.000000 242.000000 1.779472 0.640077 0.943267 -2.234681 1.436273 17.399665 -2.189337 0.975492
Pedestrian -1 -1 -10 473.000000 169.000000 500.000000 243.000000 1.763244 0.621516 0.836032 -2.889292 1.398402 17.370727 1.262443 0.957189
Pedestrian -1 -1 -10 604.000000 167.000000 624.000000 228.000000 1.766912 0.645193 0.695090 0.232643 1.288612 20.244438 -1.583096 0.914902
Pedestrian -1 -1 -10 588.000000 164.000000 607.000000 216.000000 1.790884 0.649957 0.946352 -0.175615 1.141021 27.073311 -1.620073 0.907237
Pedestrian -1 -1 -10 79.000000 221.000000 174.000000 353.000000 1.767685 0.694895 0.764960 -3.210624 2.088840 4.720768 -0.040510 0.848352
Pedestrian -1 -1 -10 613.000000 166.000000 632.000000 229.000000 1.734329 0.579572 0.704427 0.565456 1.326129 19.008441 -1.643441 0.787984
Pedestrian -1 -1 -10 193.000000 215.000000 308.000000 369.000000 1.614667 0.734972 0.738286 -2.689810 1.951403 5.291730 -1.995917 0.570726
Pedestrian -1 -1 -10 1098.000000 131.000000 1154.000000 285.000000 1.747069 0.526035 0.836315 6.018671 1.210020 8.205571 -1.998632 0.555575
Pedestrian -1 -1 -10 251.000000 207.000000 321.000000 366.000000 1.706896 0.640731 0.676547 -2.829790 2.599517 5.942966 -1.430447 0.518358
Pedestrian -1 -1 -10 627.000000 168.000000 648.000000 225.000000 1.748992 0.700994 0.874344 1.110952 1.335092 21.027966 2.118458 0.433243
Pedestrian -1 -1 -10 245.000000 200.000000 295.000000 330.000000 1.725092 0.619802 0.623586 -4.048351 1.816053 9.051511 -1.836363 0.354084
Pedestrian -1 -1 -10 201.000000 202.000000 238.000000 293.000000 1.658690 0.653497 0.725955 -6.110825 1.922921 11.391637 -0.098698 0.320557
Pedestrian -1 -1 -10 674.000000 158.000000 699.000000 227.000000 1.688350 0.671379 1.056973 2.712198 1.012364 23.080865 -0.990776 0.223450
Pedestrian -1 -1 -10 2.000000 215.000000 119.000000 368.000000 1.762853 0.774721 0.597495 -3.434752 2.325908 4.528075 -1.889577 0.140296
Pedestrian -1 -1 -10 279.000000 215.000000 338.000000 361.000000 1.756328 0.618345 0.611119 -2.478582 2.519405 6.157966 0.114515 0.139401
Car -1 -1 -10 1172.000000 222.000000 1239.000000 368.000000 1.554031 1.613658 3.813904 6.266224 1.480192 6.188155 -1.949935 0.058890
Cyclist -1 -1 -10 181.000000 224.000000 285.000000 369.000000 1.648768 0.620636 1.683449 -2.734822 1.899614 5.209820 1.095644 0.631261
Cyclist -1 -1 -10 668.000000 161.000000 701.000000 230.000000 1.721874 0.665106 1.567098 2.437375 1.171774 22.522193 -1.416525 0.234179
Cyclist -1 -1 -10 0.000000 216.000000 100.000000 357.000000 1.707562 0.604690 1.523825 -6.078397 1.767163 8.097757 -2.198106 0.089767
Cyclist -1 -1 -10 634.000000 168.000000 681.000000 225.000000 1.722101 0.532830 1.598000 1.847871 1.068593 23.070829 1.051823 0.066051
Cyclist -1 -1 -10 197.000000 203.000000 241.000000 294.000000 1.660954 0.542446 1.750331 -6.233909 1.866697 11.618062 -2.135949 0.065068
Cyclist -1 -1 -10 229.000000 210.000000 314.000000 365.000000 1.646274 0.449010 1.671933 -2.487708 1.689807 5.427197 -1.569247 0.061846
Cyclist -1 -1 -10 207.000000 203.000000 287.000000 309.000000 1.736245 0.642727 1.664069 -3.055372 1.812091 5.759304 -2.052307 0.031510
Cyclist -1 -1 -10 253.000000 203.000000 308.000000 312.000000 1.762618 0.612917 1.528036 -4.037721 1.545749 9.844031 -2.005426 0.029956
Cyclist -1 -1 -10 76.000000 221.000000 177.000000 362.000000 1.706366 0.657382 1.534370 -3.336194 1.865401 4.820972 1.986926 0.026587
Cyclist -1 -1 -10 266.000000 206.000000 329.000000 288.000000 1.649773 0.507071 1.584578 -7.043469 1.709232 17.064443 -1.974377 0.010059
