Car -1 -1 -10 424.000000 180.000000 494.000000 229.000000 1.496470 1.544339 3.493180 -4.802274 1.766192 23.552190 1.602542 0.999375
Car -1 -1 -10 799.000000 187.000000 1123.000000 364.000000 1.515435 1.622063 3.717569 3.369270 1.725054 7.808907 -1.572216 0.999349
Car -1 -1 -10 713.000000 180.000000 803.000000 243.000000 1.443541 1.648489 4.082265 3.672473 1.620296 18.987523 -1.600268 0.994748
Car -1 -1 -10 466.000000 179.000000 521.000000 219.000000 1.489033 1.571005 3.758865 -4.658091 1.702774 28.187885 1.637834 0.993272
Car -1 -1 -10 6.000000 201.000000 319.000000 374.000000 1.412149 1.609163 4.036389 -4.964615 1.792442 7.726008 1.578477 0.992762
Car -1 -1 -10 745.000000 180.000000 894.000000 278.000000 1.506355 1.618391 3.751919 3.636466 1.686205 13.309882 -1.572370 0.992744
Car -1 -1 -10 1002.000000 195.000000 1244.000000 374.000000 1.539607 1.647921 3.835791 3.354329 1.860092 3.000963 -1.529376 0.974473
Car -1 -1 -10 700.000000 178.000000 764.000000 225.000000 1.497499 1.559821 3.576807 4.027933 1.680094 24.328327 -1.550966 0.963749
Car -1 -1 -10 1051.000000 172.000000 1165.000000 222.000000 1.503187 1.611298 4.094762 16.584519 1.090663 23.122454 1.576077 0.726099
Car -1 -1 -10 1166.000000 166.000000 1241.000000 231.000000 1.579274 1.622522 3.682190 13.268852 1.273218 15.960189 -1.953152 0.300143
Car -1 -1 -10 0.000000 187.000000 68.000000 226.000000 1.512873 1.671913 4.252982 -24.291892 1.733079 34.851603 0.279721 0.217795
