Pedestrian -1 -1 -10 996.000000 148.000000 1080.000000 336.000000 1.701923 0.537883 0.736870 4.154913 1.368105 6.967663 -1.959544 0.967495
Pedestrian -1 -1 -10 566.000000 165.000000 579.000000 202.000000 1.777464 0.705925 0.787714 -1.351193 0.891133 34.382739 1.607350 0.879963
Pedestrian -1 -1 -10 638.000000 165.000000 648.000000 193.000000 1.754406 0.653945 0.782628 2.688926 0.668250 46.116629 -1.556642 0.688234
Pedestrian -1 -1 -10 626.000000 165.000000 635.000000 191.000000 1.789779 0.666045 0.899262 2.303355 0.529735 55.991878 -1.461057 0.418344
Pedestrian -1 -1 -10 563.000000 166.000000 573.000000 200.000000 1.731135 0.591960 0.625482 -1.729125 1.106659 36.061062 -1.292699 0.275837
Pedestrian -1 -1 -10 643.000000 164.000000 654.000000 192.000000 1.791007 0.629951 0.784220 3.024600 0.642776 47.004795 -1.585184 0.241343
Pedestrian -1 -1 -10 653.000000 164.000000 661.000000 192.000000 1.835546 0.624914 0.731113 3.610032 0.630014 45.731505 -3.002194 0.163735
Pedestrian -1 -1 -10 794.000000 157.000000 821.000000 235.000000 1.733449 0.681512 0.576574 4.245276 1.158785 14.846688 -1.443607 0.162259
Pedestrian -1 -1 -10 620.000000 164.000000 632.000000 192.000000 1.845654 0.753266 0.786339 1.794261 0.632860 55.908959 -1.813768 0.133364
Pedestrian -1 -1 -10 616.000000 165.000000 625.000000 192.000000 1.816294 0.476225 0.679219 0.271292 1.089624 4.779496 0.039994 0.097334
Pedestrian -1 -1 -10 650.000000 164.000000 657.000000 191.000000 1.834781 0.616891 0.829111 3.196155 0.747972 46.452006 2.688863 0.080610
Pedestrian -1 -1 -10 1008.000000 146.000000 1026.000000 198.000000 1.693708 0.556859 0.575539 7.584037 0.585423 13.010759 -1.534804 0.049111
Pedestrian -1 -1 -10 635.000000 164.000000 642.000000 189.000000 1.741871 0.603480 0.663418 2.429136 0.787896 45.331604 -1.421110 0.043927
Pedestrian -1 -1 -10 610.000000 167.000000 627.000000 196.000000 1.816921 0.475998 0.678852 0.262385 1.085732 4.679269 0.037652 0.039107
Pedestrian -1 -1 -10 1032.000000 156.000000 1085.000000 310.000000 1.739186 0.585759 0.675736 4.325628 1.329786 7.028798 1.100627 0.029462
Pedestrian -1 -1 -10 1023.000000 159.000000 1044.000000 210.000000 1.729870 0.538539 0.565461 8.857102 1.676279 15.012927 3.524877 0.013892
Pedestrian -1 -1 -10 1007.000000 155.000000 1061.000000 219.000000 1.815408 0.676755 0.835676 7.767201 0.928607 12.989824 -1.285308 0.011512
Pedestrian -1 -1 -10 572.000000 166.000000 590.000000 203.000000 1.776378 0.579417 0.604449 -1.294955 0.876210 34.193055 1.580827 0.011162
Car -1 -1 -10 576.000000 172.000000 630.000000 217.000000 1.507748 1.614152 4.149107 0.113262 1.157755 25.498604 1.653349 0.998399
Car -1 -1 -10 938.000000 162.000000 1023.000000 204.000000 1.546483 1.511442 3.429069 10.884173 1.469129 20.746780 2.079748 0.271821
Cyclist -1 -1 -10 989.000000 150.000000 1088.000000 333.000000 1.685447 0.516374 1.624885 4.292268 1.302002 7.037802 1.362818 0.015752
Cyclist -1 -1 -10 624.000000 164.000000 636.000000 192.000000 1.829629 0.587369 1.756442 2.210775 0.455391 56.299817 -1.446838 0.014243
Cyclist -1 -1 -10 500.000000 157.000000 521.000000 195.000000 1.670472 0.575804 1.613778 -3.525588 1.265870 26.900702 1.421023 0.010836
