Pedestrian -1 -1 -10 689.000000 172.000000 712.000000 229.000000 1.766700 0.582639 0.600840 2.505229 1.324516 18.520044 0.722358 0.957741
Pedestrian -1 -1 -10 3.000000 164.000000 103.000000 370.000000 1.701069 0.549968 0.537946 -2.085990 1.348696 2.445159 1.875729 0.901319
Pedestrian -1 -1 -10 103.000000 184.000000 158.000000 321.000000 1.780947 0.553310 0.741923 -5.901348 1.585983 8.905144 1.928118 0.832593
Pedestrian -1 -1 -10 767.000000 168.000000 787.000000 226.000000 1.747849 0.668751 0.895368 5.085399 1.289562 21.009714 -1.483152 0.744948
Pedestrian -1 -1 -10 36.000000 187.000000 140.000000 367.000000 1.701525 0.590425 0.628545 -2.022350 1.645249 2.529168 -1.674570 0.247987
Pedestrian -1 -1 -10 512.000000 173.000000 524.000000 209.000000 1.805197 0.630617 0.796449 -4.676230 1.408709 40.216195 3.010457 0.221222
Pedestrian -1 -1 -10 550.000000 181.000000 562.000000 209.000000 1.716317 0.657293 0.802514 -2.486433 1.758896 38.607513 -1.098729 0.170368
Pedestrian -1 -1 -10 538.000000 180.000000 552.000000 209.000000 1.687085 0.676569 0.764389 -3.044272 1.698893 38.678884 -1.221276 0.140135
Pedestrian -1 -1 -10 75.000000 189.000000 186.000000 347.000000 1.753107 0.690099 0.608609 -5.918728 1.895880 8.481426 2.511187 0.114479
Pedestrian -1 -1 -10 506.000000 174.000000 519.000000 209.000000 1.856860 0.712029 0.740303 -4.875641 1.400136 38.894714 -2.142411 0.114173
Pedestrian -1 -1 -10 502.000000 173.000000 513.000000 209.000000 1.874970 0.638007 0.944521 -5.086116 1.512128 39.050396 2.420352 0.036205
Pedestrian -1 -1 -10 22.000000 166.000000 241.000000 366.000000 1.750122 0.740029 0.790281 -2.880789 1.780944 4.671890 -3.713969 0.018421
Car -1 -1 -10 60.000000 140.000000 465.000000 376.000000 1.828784 1.688176 4.110742 -2.744380 1.595451 6.735601 1.567130 0.849702
Car -1 -1 -10 641.000000 172.000000 687.000000 211.000000 1.740595 1.675117 3.971938 3.007307 1.329537 35.884696 -1.569084 0.353729
Car -1 -1 -10 18.000000 165.000000 255.000000 366.000000 1.511239 1.587703 3.986029 -3.950755 1.463973 4.707719 -3.560742 0.077959
Car -1 -1 -10 75.000000 189.000000 186.000000 347.000000 1.497143 1.562391 3.894617 -2.916653 1.575677 6.385835 1.890877 0.011968
Cyclist -1 -1 -10 643.000000 171.000000 687.000000 212.000000 1.655795 0.667057 1.691744 2.987482 1.252220 33.688805 3.045804 0.011816
Cyclist -1 -1 -10 0.000000 177.000000 116.000000 369.000000 1.725630 0.599315 1.672345 -2.224576 1.273160 2.639305 1.507300 0.011722
