Car -1 -1 -10 256.000000 182.000000 443.000000 305.000000 1.515121 1.603176 3.849385 -3.800127 1.559058 11.071172 -1.557084 0.999686
Car -1 -1 -10 701.000000 188.000000 814.000000 268.000000 1.430043 1.573633 3.684071 2.861182 1.469316 14.765326 -1.585701 0.999630
Car -1 -1 -10 650.000000 181.000000 706.000000 222.000000 1.470692 1.614086 3.972912 2.686708 1.342961 28.337332 -1.589301 0.999320
Car -1 -1 -10 -1.000000 178.000000 223.000000 293.000000 1.564988 1.618184 3.729794 -8.141387 1.528886 11.697431 -1.601674 0.998622
Car -1 -1 -10 435.000000 182.000000 513.000000 237.000000 1.553158 1.622251 3.551044 -3.914499 1.417569 21.452879 -1.572950 0.998228
Car -1 -1 -10 483.000000 183.000000 532.000000 221.000000 1.539070 1.632575 3.969342 -4.177782 1.431801 29.652937 -1.543311 0.867225
Car -1 -1 -10 381.000000 181.000000 442.000000 225.000000 1.496500 1.612997 3.798228 -8.518805 1.412163 31.065988 -1.549944 0.547545
Car -1 -1 -10 274.000000 183.000000 363.000000 244.000000 1.534117 1.601973 3.802706 -8.083937 1.512380 20.111022 1.586634 0.193912
Car -1 -1 -10 503.000000 183.000000 540.000000 209.000000 1.476435 1.559829 3.534912 -4.811224 1.209657 40.385125 -1.606773 0.114681
Car -1 -1 -10 434.000000 180.000000 483.000000 217.000000 1.522793 1.495857 3.154727 -4.509385 1.201504 20.823387 0.822596 0.035119
