Pedestrian -1 -1 -10 880.000000 149.000000 975.000000 338.000000 1.736766 0.560819 1.049519 3.007118 1.448392 6.786326 -2.636732 0.997737
Pedestrian -1 -1 -10 672.000000 157.000000 714.000000 264.000000 1.742503 0.695519 0.934808 1.494568 1.334162 12.261780 -1.590445 0.996943
Pedestrian -1 -1 -10 607.000000 163.000000 645.000000 265.000000 1.697015 0.561689 0.687153 0.349680 1.375431 12.081243 1.128449 0.995827
Pedestrian -1 -1 -10 1025.000000 152.000000 1125.000000 324.000000 1.665384 0.541515 0.718719 4.527665 1.433414 7.099613 -1.979175 0.994545
Pedestrian -1 -1 -10 270.000000 169.000000 305.000000 255.000000 1.743689 0.667419 0.978272 -6.498884 1.474636 14.744226 1.329649 0.992167
Pedestrian -1 -1 -10 649.000000 165.000000 680.000000 258.000000 1.777680 0.547894 0.950030 1.153635 1.402516 13.222476 -2.486313 0.982162
Pedestrian -1 -1 -10 86.000000 171.000000 189.000000 371.000000 1.707153 0.732844 0.621056 -3.970151 1.633737 6.130202 1.519649 0.981505
Pedestrian -1 -1 -10 786.000000 147.000000 818.000000 260.000000 1.746587 0.503463 0.809049 3.207887 1.246163 11.576632 -2.277805 0.980518
Pedestrian -1 -1 -10 29.000000 167.000000 155.000000 375.000000 1.732916 0.704427 0.799102 -4.079738 1.608954 5.910986 2.124432 0.810713
Pedestrian -1 -1 -10 1140.000000 136.000000 1228.000000 308.000000 1.687153 0.631264 0.678696 5.984271 1.217111 7.422605 1.067679 0.551887
Pedestrian -1 -1 -10 360.000000 161.000000 375.000000 213.000000 1.813811 0.660020 0.783645 -8.463137 0.705128 26.212803 -3.361857 0.139021
Pedestrian -1 -1 -10 228.000000 163.000000 249.000000 224.000000 1.710823 0.570257 0.629773 -8.586329 1.006415 16.827360 0.101966 0.137035
Pedestrian -1 -1 -10 807.000000 151.000000 824.000000 223.000000 1.768385 0.650593 0.744194 4.950316 1.155473 16.360095 -0.878261 0.025407
Pedestrian -1 -1 -10 623.000000 165.000000 668.000000 250.000000 1.720256 0.542805 0.641363 0.721159 1.695734 14.096512 2.612861 0.022091
Car -1 -1 -10 466.000000 163.000000 558.000000 242.000000 1.732442 1.647044 3.875502 -2.160362 1.288603 17.950894 1.590460 0.999069
Car -1 -1 -10 375.000000 155.000000 473.000000 231.000000 1.851974 1.772028 4.155289 -5.191933 1.199830 21.025300 1.512846 0.974354
Car -1 -1 -10 428.000000 159.000000 498.000000 214.000000 1.609791 1.627638 3.841435 -5.211492 0.854138 27.657904 1.724663 0.024812
Cyclist -1 -1 -10 7.000000 172.000000 153.000000 373.000000 1.708025 0.592401 1.877953 -4.070753 1.568243 5.933041 1.932933 0.361971
Cyclist -1 -1 -10 89.000000 167.000000 189.000000 373.000000 1.692556 0.533903 1.768841 -3.894659 1.611777 6.008118 1.383244 0.333872
Cyclist -1 -1 -10 1140.000000 134.000000 1230.000000 308.000000 1.682918 0.534996 1.792256 6.009050 1.201946 7.358138 2.364823 0.014144
Cyclist -1 -1 -10 607.000000 163.000000 644.000000 264.000000 1.747851 0.563638 1.749720 0.336197 1.444560 12.110153 1.489379 0.012868
