Pedestrian -1 -1 -10 509.000000 166.000000 522.000000 206.000000 1.748999 0.677742 0.654423 -2.807614 1.298701 21.107464 -1.715311 0.105889
Pedestrian -1 -1 -10 478.000000 172.000000 500.000000 209.000000 1.766476 0.688052 0.820922 -3.619392 1.212741 20.230979 0.394335 0.010430
Car -1 -1 -10 451.000000 174.000000 574.000000 267.000000 1.540745 1.601682 4.047749 -1.674897 1.528762 13.496066 -1.535655 0.999579
Car -1 -1 -10 756.000000 167.000000 938.000000 311.000000 1.615821 1.619814 3.687498 3.147559 1.596913 10.243036 -1.469133 0.998452
Car -1 -1 -10 514.000000 175.000000 609.000000 241.000000 1.485822 1.669509 4.168841 -1.189620 1.628972 18.727280 -1.435292 0.995693
Car -1 -1 -10 613.000000 171.000000 643.000000 199.000000 1.517819 1.631968 3.883873 1.199295 1.474815 45.644150 -1.571220 0.992734
Car -1 -1 -10 710.000000 175.000000 755.000000 210.000000 1.504929 1.613048 3.905963 5.321952 1.585137 31.576875 -1.516701 0.991768
Car -1 -1 -10 738.000000 175.000000 834.000000 255.000000 1.417608 1.558011 3.743951 3.804909 1.587622 16.020738 -1.482287 0.983815
Car -1 -1 -10 700.000000 174.000000 734.000000 201.000000 1.539942 1.571062 3.558485 6.495496 1.627600 43.714194 -1.525682 0.146435
Cyclist -1 -1 -10 480.000000 170.000000 498.000000 213.000000 1.700033 0.781063 1.529161 -3.742419 0.969980 21.014915 2.894841 0.012022
