Car -1 -1 -10 648.000000 178.000000 696.000000 217.000000 1.429825 1.616462 3.803207 2.427829 1.685445 29.600519 -1.605572 0.999037
Car -1 -1 -10 350.000000 189.000000 480.000000 271.000000 1.478103 1.569375 3.702817 -4.051166 1.891848 15.353123 1.595494 0.997167
Car -1 -1 -10 48.000000 199.000000 400.000000 375.000000 1.476168 1.653870 4.141352 -3.698116 1.799812 7.864399 1.546714 0.995975
Car -1 -1 -10 782.000000 162.000000 935.000000 218.000000 1.523034 1.661198 4.109891 7.991751 1.371443 22.553518 3.148912 0.977232
Car -1 -1 -10 3.000000 212.000000 194.000000 362.000000 1.475697 1.540846 3.705144 -6.544632 1.966042 8.014924 1.520537 0.976651
Car -1 -1 -10 484.000000 182.000000 518.000000 207.000000 1.597946 1.657139 4.033432 -6.603346 2.157341 45.331549 1.524033 0.912455
Car -1 -1 -10 437.000000 182.000000 492.000000 220.000000 1.607201 1.684457 4.075400 -6.710324 2.005509 33.522478 1.616511 0.901028
Car -1 -1 -10 849.000000 167.000000 948.000000 208.000000 1.570988 1.650059 3.919256 8.976636 1.197452 23.204012 -2.257186 0.125629
Car -1 -1 -10 744.000000 164.000000 844.000000 202.000000 1.589059 1.625766 3.980061 7.701986 1.251016 32.056430 3.245330 0.101953
Car -1 -1 -10 360.000000 190.000000 445.000000 230.000000 1.483981 1.592166 3.829653 -6.682133 1.998416 22.821428 1.651128 0.054574
Car -1 -1 -10 947.000000 151.000000 1023.000000 182.000000 1.497018 1.602674 3.726447 21.458377 0.543281 41.918917 -0.071510 0.026632
