Car -1 -1 -10 572.000000 180.000000 604.000000 209.000000 1.512676 1.613213 3.802063 -1.226944 1.181928 41.480128 -1.616936 0.999451
Car -1 -1 -10 130.000000 182.000000 305.000000 265.000000 1.524815 1.622114 3.822730 -8.087890 1.580296 15.435813 -1.606994 0.995511
Car -1 -1 -10 262.000000 187.000000 361.000000 240.000000 1.533807 1.602075 3.786475 -8.413742 1.567525 21.207129 -1.616417 0.973454
Car -1 -1 -10 3.000000 208.000000 257.000000 375.000000 1.452122 1.654969 3.953900 -4.798981 1.655172 6.305343 -1.595794 0.890425
Car -1 -1 -10 463.000000 185.000000 522.000000 224.000000 1.466126 1.620519 3.915097 -4.597925 1.502302 30.517266 -1.594247 0.874356
Car -1 -1 -10 30.000000 182.000000 181.000000 262.000000 1.516316 1.648122 3.967392 -11.383169 1.441423 17.561794 -1.597213 0.812822
Car -1 -1 -10 494.000000 183.000000 532.000000 210.000000 1.493855 1.617352 3.643315 -6.110163 1.325217 41.713360 -1.654305 0.103617
Car -1 -1 -10 307.000000 187.000000 384.000000 234.000000 1.454671 1.593874 3.851691 -8.456458 1.506050 21.120823 -1.604613 0.093091
Car -1 -1 -10 85.000000 184.000000 200.000000 243.000000 1.500126 1.648840 4.108113 -11.610967 1.427296 17.462656 -1.672552 0.067019
Car -1 -1 -10 331.000000 186.000000 434.000000 229.000000 1.515940 1.593237 3.590223 -4.965318 1.734015 16.501593 0.765133 0.012892
Car -1 -1 -10 247.000000 183.000000 328.000000 227.000000 1.675720 1.544503 3.741294 -8.616629 1.764751 20.513361 -1.956732 0.012710
