Car -1 -1 -10 10.000000 191.000000 358.000000 299.000000 1.469657 1.635038 3.987097 -6.297233 1.776250 10.735564 -3.124802 0.998144
Car -1 -1 -10 660.000000 179.000000 700.000000 209.000000 1.498170 1.647887 4.007399 3.534584 1.758463 36.253520 -1.545384 0.997579
Car -1 -1 -10 302.000000 183.000000 501.000000 238.000000 1.512565 1.580147 3.989168 -5.603951 1.739078 20.712661 0.028394 0.993252
Car -1 -1 -10 383.000000 178.000000 509.000000 226.000000 1.527079 1.580650 3.833867 -5.467248 1.867793 25.563143 -3.103383 0.945436
Car -1 -1 -10 899.000000 185.000000 1246.000000 374.000000 1.509291 1.607020 3.865282 2.680255 1.529710 2.628117 -1.606151 0.931384
Car -1 -1 -10 173.000000 185.000000 360.000000 267.000000 1.476866 1.613607 3.936612 -6.948976 1.744833 13.168738 -3.230826 0.926347
Car -1 -1 -10 429.000000 176.000000 532.000000 215.000000 1.600696 1.619514 3.929939 -5.549599 1.795427 30.974782 0.149244 0.605081
Car -1 -1 -10 1.000000 199.000000 142.000000 377.000000 1.479856 1.630899 4.069945 -6.619791 1.672340 5.824776 -3.195834 0.182910
Car -1 -1 -10 476.000000 176.000000 558.000000 206.000000 1.599273 1.609803 3.741001 -4.140558 1.883607 45.268534 1.576492 0.031290
Car -1 -1 -10 288.000000 184.000000 416.000000 226.000000 1.533922 1.581277 3.556424 -6.370393 1.485686 21.985080 1.733071 0.024355
