Car -1 -1 -10 294.000000 198.000000 424.000000 296.000000 1.534042 1.539126 3.592471 -4.497684 2.020918 13.118316 1.474694 0.999143
Car -1 -1 -10 791.000000 198.000000 1246.000000 373.000000 1.462491 1.611196 3.798947 3.081457 1.726471 6.282449 -1.625821 0.999091
Car -1 -1 -10 647.000000 177.000000 765.000000 264.000000 1.589524 1.619739 3.694321 1.811335 1.760586 16.300314 -1.647644 0.996467
Car -1 -1 -10 711.000000 193.000000 914.000000 312.000000 1.467838 1.600943 3.843435 2.707973 1.786387 11.113623 -1.646663 0.994794
Car -1 -1 -10 418.000000 176.000000 491.000000 237.000000 1.785772 1.681471 4.240744 -5.351610 1.969122 24.750493 -1.676655 0.990848
Car -1 -1 -10 4.000000 208.000000 338.000000 376.000000 1.495882 1.628836 4.084084 -3.895043 1.902750 6.430848 1.446002 0.989661
Car -1 -1 -10 603.000000 181.000000 653.000000 224.000000 1.467443 1.610535 3.966542 0.670812 1.946184 28.984128 -1.643750 0.988009
Car -1 -1 -10 483.000000 183.000000 512.000000 208.000000 1.577492 1.646455 4.056585 -7.242688 2.215758 46.184969 1.497453 0.984074
Car -1 -1 -10 623.000000 180.000000 696.000000 239.000000 1.541567 1.495839 3.257316 0.878427 1.906530 19.986833 -1.485302 0.928383
Car -1 -1 -10 596.000000 182.000000 628.000000 211.000000 1.578242 1.609726 3.834866 0.400959 2.086145 40.506777 -0.554096 0.316135
