Pedestrian -1 -1 -10 848.000000 152.000000 897.000000 279.000000 1.768489 0.673800 0.854606 3.834746 1.377519 10.277847 1.356431 0.995832
Pedestrian -1 -1 -10 75.000000 194.000000 130.000000 323.000000 1.776041 0.737066 0.693286 -6.543929 1.665129 9.352664 0.830324 0.896398
Pedestrian -1 -1 -10 606.000000 177.000000 624.000000 226.000000 1.712283 0.570155 0.730171 0.398977 1.568571 25.250798 -1.754938 0.195223
Pedestrian -1 -1 -10 624.000000 177.000000 644.000000 227.000000 1.788980 0.697658 0.938425 1.094058 1.508130 25.318119 1.619902 0.149362
Pedestrian -1 -1 -10 9.000000 200.000000 48.000000 302.000000 1.690006 0.647419 0.687650 -9.324915 2.637384 11.596117 0.314029 0.099072
Pedestrian -1 -1 -10 821.000000 170.000000 853.000000 243.000000 1.641117 0.686908 0.926902 4.961614 1.491690 14.988331 -1.746580 0.048831
Pedestrian -1 -1 -10 22.000000 199.000000 146.000000 325.000000 1.776371 0.581442 0.840418 -7.613787 1.868873 10.145479 -0.411381 0.032767
Pedestrian -1 -1 -10 836.000000 163.000000 877.000000 258.000000 1.718947 0.546589 0.608479 4.518686 1.081237 12.819862 2.908915 0.018213
Pedestrian -1 -1 -10 4.000000 215.000000 76.000000 351.000000 1.727908 0.603914 0.711469 -8.027180 2.269488 10.241512 -0.554535 0.016569
Car -1 -1 -10 1.000000 199.000000 407.000000 373.000000 1.533405 1.655598 4.017158 -3.282706 1.783238 5.829749 1.645602 0.993416
Cyclist -1 -1 -10 -5.000000 197.000000 389.000000 372.000000 1.717904 0.628369 1.911210 -2.682324 1.866798 5.513668 1.610779 0.023710
Cyclist -1 -1 -10 60.000000 195.000000 138.000000 314.000000 1.688897 0.580185 1.704654 -6.762093 1.592039 9.611220 0.486776 0.021607
