Car -1 -1 -10 397.000000 189.000000 477.000000 237.000000 1.456916 1.632071 3.949931 -5.930929 2.115217 25.133361 1.620475 0.998779
Car -1 -1 -10 124.000000 204.000000 325.000000 322.000000 1.485424 1.571087 3.769342 -5.983445 2.050171 11.692497 1.576547 0.998509
Car -1 -1 -10 298.000000 195.000000 418.000000 263.000000 1.474270 1.636432 3.986201 -6.050230 2.057001 17.560334 1.552780 0.998342
Car -1 -1 -10 693.000000 176.000000 774.000000 235.000000 1.476839 1.613392 3.879379 3.175839 1.570950 19.370747 -1.574663 0.997941
Car -1 -1 -10 949.000000 136.000000 1235.000000 226.000000 1.554766 1.655590 3.978324 9.091182 0.975294 13.520720 3.183608 0.988232
Car -1 -1 -10 676.000000 175.000000 741.000000 224.000000 1.541733 1.612670 3.816488 3.126272 1.622003 24.930186 -1.570718 0.987520
Car -1 -1 -10 656.000000 178.000000 704.000000 209.000000 1.475748 1.560090 3.730469 3.216205 1.681843 34.868812 1.512922 0.907876
Car -1 -1 -10 0.000000 226.000000 189.000000 373.000000 1.441591 1.612987 3.853867 -5.953289 2.003471 6.909997 1.559529 0.887508
Car -1 -1 -10 445.000000 186.000000 500.000000 225.000000 1.498372 1.572860 3.757380 -5.898565 2.095892 30.975907 1.548201 0.863036
Car -1 -1 -10 812.000000 155.000000 977.000000 211.000000 1.533669 1.683948 4.142681 8.512478 1.079683 21.127665 2.684592 0.860267
Car -1 -1 -10 882.000000 149.000000 1040.000000 214.000000 1.524146 1.552012 3.792824 8.923688 1.071710 18.344974 2.692315 0.730385
Car -1 -1 -10 645.000000 178.000000 685.000000 204.000000 1.592778 1.626069 4.004674 3.135682 1.792256 40.606432 1.513834 0.262686
Car -1 -1 -10 485.000000 184.000000 529.000000 212.000000 1.597358 1.627336 3.990513 -5.708735 2.024659 40.293607 1.696390 0.256171
