Car -1 -1 -10 192.000000 184.000000 328.000000 256.000000 1.495079 1.586304 3.655176 -8.174660 1.501820 17.236811 -1.581627 0.999637
Car -1 -1 -10 578.000000 173.000000 648.000000 237.000000 1.504529 1.681166 3.836780 0.090534 1.254649 20.172723 -1.563577 0.999503
Car -1 -1 -10 331.000000 177.000000 476.000000 275.000000 1.613884 1.629780 3.851120 -3.930081 1.456609 14.103738 -1.562773 0.999026
Car -1 -1 -10 444.000000 178.000000 509.000000 226.000000 1.609324 1.579999 3.627252 -4.452988 1.399349 25.725069 -1.602641 0.993759
Car -1 -1 -10 506.000000 179.000000 544.000000 204.000000 1.501398 1.654415 3.780477 -4.561478 1.645841 44.757835 -1.680595 0.786251
Car -1 -1 -10 486.000000 180.000000 526.000000 211.000000 1.472611 1.558655 3.644077 -5.109926 1.240288 37.007713 -1.582155 0.376266
Car -1 -1 -10 325.000000 184.000000 394.000000 226.000000 1.462477 1.603267 3.781128 -8.561568 1.373363 26.132096 -1.270418 0.328612
Car -1 -1 -10 0.000000 95.000000 189.000000 372.000000 1.781600 1.686133 3.967242 -4.362809 1.412000 3.986317 -1.606817 0.065760
Car -1 -1 -10 293.000000 183.000000 356.000000 212.000000 1.538901 1.656886 3.942033 -12.851145 1.293972 32.913503 1.506533 0.059601
Car -1 -1 -10 26.000000 191.000000 180.000000 283.000000 1.503125 1.644536 3.801656 -16.402502 1.726569 24.236990 1.607781 0.026725
