Pedestrian -1 -1 -10 4.000000 210.000000 70.000000 377.000000 1.717214 0.573436 0.751327 -4.735338 2.110166 5.746020 -0.026404 0.049496
Car -1 -1 -10 728.000000 187.000000 965.000000 327.000000 1.465090 1.641111 4.105823 2.765219 1.629100 9.644914 -1.606931 0.999542
Car -1 -1 -10 150.000000 186.000000 436.000000 270.000000 1.454701 1.644998 4.173226 -5.829609 1.764677 13.556133 0.060586 0.999436
Car -1 -1 -10 683.000000 179.000000 766.000000 233.000000 1.415715 1.603246 3.984213 3.216228 1.651678 20.485201 -1.595304 0.998162
Car -1 -1 -10 654.000000 170.000000 694.000000 203.000000 1.689540 1.659084 3.873837 3.686055 1.596047 39.640891 -1.527684 0.978318
Car -1 -1 -10 449.000000 175.000000 533.000000 209.000000 1.562362 1.548405 3.874551 -5.190343 1.617918 33.084422 2.122425 0.949955
Car -1 -1 -10 0.000000 182.000000 218.000000 353.000000 1.601293 1.579253 3.977288 -6.562166 1.693546 7.808270 -0.021522 0.867849
Car -1 -1 -10 284.000000 170.000000 429.000000 235.000000 1.636915 1.630526 3.802931 -6.093780 1.492779 18.574811 -3.142005 0.846057
Car -1 -1 -10 481.000000 173.000000 548.000000 204.000000 1.493389 1.666179 3.926689 -4.716990 1.520504 36.110959 -1.304844 0.390989
Car -1 -1 -10 390.000000 178.000000 523.000000 221.000000 1.487765 1.589894 3.804737 -5.046458 1.852704 26.442096 -1.629709 0.100412
Car -1 -1 -10 0.000000 190.000000 106.000000 372.000000 1.525897 1.621223 3.902107 -6.516802 1.699650 5.521831 -3.228044 0.041756
