Pedestrian -1 -1 -10 739.000000 171.000000 784.000000 277.000000 1.699464 0.677034 0.928564 2.382415 1.537505 10.894318 -1.767803 0.960465
Pedestrian -1 -1 -10 425.000000 175.000000 447.000000 237.000000 1.776246 0.631184 0.828694 -4.821078 1.648656 20.842929 1.821892 0.889867
Pedestrian -1 -1 -10 1150.000000 150.000000 1238.000000 375.000000 1.722189 0.666918 0.550076 3.441355 1.546128 4.119480 -0.479427 0.809739
Pedestrian -1 -1 -10 268.000000 179.000000 297.000000 282.000000 1.665554 0.542111 0.650904 -6.176970 1.693772 13.867353 2.129987 0.732340
Pedestrian -1 -1 -10 484.000000 178.000000 504.000000 218.000000 1.755650 0.705013 1.120175 -4.978633 1.679091 33.358137 -2.231494 0.294799
Pedestrian -1 -1 -10 522.000000 177.000000 536.000000 217.000000 1.757779 0.602742 0.862235 -3.225303 1.595137 32.047843 -1.695889 0.119091
Pedestrian -1 -1 -10 379.000000 177.000000 392.000000 219.000000 1.704534 0.662848 0.814993 -7.118420 1.445726 23.347934 -2.462248 0.112039
Pedestrian -1 -1 -10 419.000000 177.000000 437.000000 234.000000 1.734639 0.562369 0.707027 -4.992985 1.563516 21.187435 1.881813 0.038741
Pedestrian -1 -1 -10 570.000000 177.000000 581.000000 208.000000 1.783354 0.547452 0.589126 -1.565984 1.533080 42.235419 1.499035 0.024440
Cyclist -1 -1 -10 480.000000 179.000000 505.000000 218.000000 1.789101 0.616422 1.680293 -5.108346 1.668222 33.378617 -2.518628 0.102838
Cyclist -1 -1 -10 1139.000000 142.000000 1235.000000 377.000000 1.708649 0.552145 1.465017 3.359821 1.376317 4.138534 1.261522 0.072689
