Car -1 -1 -10 805.000000 184.000000 1001.000000 250.000000 1.481437 1.584556 3.735140 6.654256 1.718064 16.763089 -0.031617 0.999467
Car -1 -1 -10 48.000000 181.000000 372.000000 278.000000 1.467821 1.642663 4.082944 -6.349976 1.577832 11.540866 -3.180561 0.998480
Car -1 -1 -10 884.000000 186.000000 1266.000000 318.000000 1.521075 1.640612 4.012630 6.016771 1.723676 9.167431 3.186909 0.997269
Car -1 -1 -10 287.000000 177.000000 477.000000 241.000000 1.560952 1.582601 3.919026 -5.743376 1.638988 18.739051 0.104894 0.997218
Car -1 -1 -10 710.000000 179.000000 801.000000 218.000000 1.577056 1.663800 3.923081 6.057599 1.834857 28.705283 0.000271 0.996375
Car -1 -1 -10 218.000000 180.000000 434.000000 259.000000 1.474728 1.588745 4.177692 -6.131138 1.625313 13.994259 -3.157346 0.989151
Car -1 -1 -10 786.000000 179.000000 918.000000 241.000000 1.522550 1.587247 3.967846 7.246515 1.677487 21.929312 3.328888 0.988082
Car -1 -1 -10 448.000000 175.000000 531.000000 207.000000 1.590098 1.630430 3.988519 -6.032486 1.760942 36.978258 -0.014687 0.848234
Car -1 -1 -10 359.000000 173.000000 492.000000 224.000000 1.479684 1.636040 4.088923 -6.272945 1.311538 23.619878 -3.203588 0.758043
Car -1 -1 -10 0.000000 199.000000 87.000000 374.000000 1.491158 1.619492 4.097273 -5.573397 1.441115 4.278016 -3.364330 0.393268
Car -1 -1 -10 406.000000 175.000000 515.000000 215.000000 1.493299 1.588853 4.039492 -6.142480 1.704946 28.587157 -3.102282 0.273667
