Pedestrian -1 -1 -10 811.000000 175.000000 836.000000 214.000000 1.709691 0.561928 0.620563 11.899954 1.509333 38.421196 0.925835 0.032690
Car -1 -1 -10 827.000000 183.000000 1119.000000 352.000000 1.567660 1.577994 3.569026 3.872447 1.737479 8.477495 -1.602393 0.999443
Car -1 -1 -10 379.000000 184.000000 486.000000 249.000000 1.511081 1.625896 3.717839 -4.511901 1.873949 18.464994 1.585026 0.999335
Car -1 -1 -10 758.000000 184.000000 905.000000 275.000000 1.469416 1.624775 3.842940 3.989201 1.704102 13.665261 -1.543705 0.997661
Car -1 -1 -10 442.000000 181.000000 519.000000 230.000000 1.504839 1.582718 3.816878 -4.229582 1.809700 24.294489 1.621224 0.997433
Car -1 -1 -10 724.000000 180.000000 816.000000 242.000000 1.490638 1.615590 3.755488 4.032557 1.685350 19.153045 -1.520423 0.994237
Car -1 -1 -10 700.000000 179.000000 764.000000 226.000000 1.510926 1.612631 4.071303 4.074995 1.732385 24.404973 -1.550274 0.992241
Car -1 -1 -10 486.000000 181.000000 537.000000 219.000000 1.462577 1.603762 3.953418 -4.049628 1.827029 29.375254 1.619316 0.987733
Car -1 -1 -10 692.000000 178.000000 737.000000 215.000000 1.578901 1.653117 3.952301 5.027865 1.819149 34.734314 -0.800516 0.836224
Car -1 -1 -10 1047.000000 192.000000 1241.000000 367.000000 1.497533 1.653242 3.907842 3.910962 1.878504 3.011633 -1.594897 0.194489
Car -1 -1 -10 686.000000 177.000000 721.000000 206.000000 1.487275 1.581013 3.646615 4.693430 1.640962 34.766864 1.554264 0.105908
Cyclist -1 -1 -10 919.000000 181.000000 1000.000000 221.000000 1.754110 0.521661 1.704835 11.950822 1.534709 23.877678 -1.759151 0.060762
Cyclist -1 -1 -10 810.000000 175.000000 836.000000 213.000000 1.699350 0.505134 1.564202 12.098847 1.490550 39.079825 -1.258280 0.012692
