Car -1 -1 -10 681.000000 201.000000 899.000000 322.000000 1.405990 1.592924 3.883493 2.205477 1.809851 10.218403 -1.748726 0.999576
Car -1 -1 -10 385.000000 192.000000 428.000000 223.000000 1.595659 1.635848 3.830284 -11.140901 2.667823 39.415710 1.430647 0.999241
Car -1 -1 -10 564.000000 189.000000 628.000000 234.000000 1.433118 1.612158 3.883539 -0.583096 2.075213 25.282156 -1.717551 0.998606
Car -1 -1 -10 -4.000000 212.000000 255.000000 363.000000 1.516121 1.615046 3.784391 -6.290579 2.128991 9.675773 1.359825 0.992839
Car -1 -1 -10 554.000000 188.000000 606.000000 224.000000 1.498249 1.612501 3.983934 -1.554784 2.107068 31.147416 -1.722849 0.992314
Car -1 -1 -10 765.000000 172.000000 887.000000 222.000000 1.506096 1.642977 3.903898 7.624026 1.501800 25.641346 -2.664308 0.975282
Car -1 -1 -10 969.000000 180.000000 1245.000000 372.000000 1.533527 1.601651 3.778950 3.424409 1.472040 3.035234 -1.617732 0.829213
Car -1 -1 -10 0.000000 226.000000 118.000000 371.000000 1.510971 1.644854 4.049857 -5.283647 2.089867 4.930531 1.337045 0.785417
Car -1 -1 -10 405.000000 190.000000 439.000000 217.000000 1.482511 1.589110 3.677120 -11.935668 2.724933 44.353730 -1.778011 0.759769
Car -1 -1 -10 1067.000000 173.000000 1207.000000 251.000000 1.545916 1.610343 3.737835 10.181499 1.467792 14.128978 2.209564 0.712754
Car -1 -1 -10 705.000000 180.000000 810.000000 212.000000 1.526381 1.659670 4.154611 6.151052 1.774588 31.946838 -2.642225 0.507997
Car -1 -1 -10 184.000000 196.000000 256.000000 222.000000 1.508624 1.513419 3.422846 -23.127597 3.000780 42.970255 1.057403 0.361573
