Car -1 -1 -10 743.000000 175.000000 1009.000000 345.000000 1.569954 1.620056 3.833504 2.938495 1.624033 8.947166 -1.617826 0.999522
Car -1 -1 -10 706.000000 175.000000 780.000000 208.000000 1.493045 1.557248 3.633629 6.210210 1.662612 34.128906 -2.097767 0.989964
Car -1 -1 -10 252.000000 178.000000 444.000000 258.000000 1.552345 1.578823 4.039232 -5.832887 1.741813 16.081732 0.108171 0.981182
Car -1 -1 -10 60.000000 175.000000 366.000000 285.000000 1.518556 1.595364 3.975034 -6.385803 1.503856 11.467721 1.693276 0.963011
Car -1 -1 -10 350.000000 176.000000 471.000000 225.000000 1.554938 1.597570 3.788555 -7.176099 1.559499 25.385986 -3.135154 0.943862
Car -1 -1 -10 395.000000 173.000000 500.000000 216.000000 1.544396 1.670583 4.220920 -6.544461 1.646309 29.101812 -2.846439 0.530740
Car -1 -1 -10 30.000000 176.000000 261.000000 255.000000 1.531640 1.626967 3.767516 -7.208690 1.290682 12.047048 0.379643 0.192586
Car -1 -1 -10 456.000000 176.000000 521.000000 203.000000 1.566982 1.637626 3.977663 -6.542710 1.666804 42.751332 1.363516 0.016974
Car -1 -1 -10 3.000000 202.000000 104.000000 289.000000 1.512043 1.533186 3.689714 -7.178572 1.738860 10.911533 0.362888 0.016041
Car -1 -1 -10 772.000000 179.000000 899.000000 262.000000 1.464698 1.504311 3.623373 6.337494 1.118770 15.880521 1.399827 0.011948
