Pedestrian -1 -1 -10 277.000000 182.000000 292.000000 217.000000 1.745608 0.717382 0.634018 -21.176456 2.177827 46.758142 -1.684729 0.192903
Pedestrian -1 -1 -10 298.000000 182.000000 313.000000 214.000000 1.778360 0.470249 0.669447 -5.569454 1.563039 13.326186 -0.332471 0.125855
Pedestrian -1 -1 -10 274.000000 182.000000 303.000000 223.000000 1.792133 0.471346 0.678713 -4.253927 1.438089 9.797127 -0.370998 0.031928
Car -1 -1 -10 597.000000 173.000000 631.000000 204.000000 1.567885 1.660178 4.162314 0.271292 1.870220 43.227432 -1.570760 0.999546
Car -1 -1 -10 210.000000 191.000000 299.000000 238.000000 1.506530 1.583362 3.693057 -12.754263 2.253370 26.225535 1.566652 0.999267
Car -1 -1 -10 262.000000 188.000000 317.000000 221.000000 1.559985 1.651615 3.927155 -16.213973 2.377727 37.164946 1.655528 0.831394
Car -1 -1 -10 275.000000 182.000000 301.000000 223.000000 1.427797 1.568895 3.312154 -9.975290 1.748608 21.827755 2.130447 0.027257
Car -1 -1 -10 288.000000 186.000000 316.000000 217.000000 1.533273 1.576411 3.522850 -16.059217 2.385834 36.875533 1.673992 0.010230
Cyclist -1 -1 -10 266.000000 186.000000 314.000000 221.000000 1.712978 0.531420 1.608745 -15.630863 2.335235 35.981826 -1.986017 0.164513
Cyclist -1 -1 -10 294.000000 181.000000 317.000000 216.000000 1.727653 0.463414 1.429712 -6.701925 1.356261 16.225454 -1.247503 0.061118
Cyclist -1 -1 -10 275.000000 181.000000 297.000000 222.000000 1.712978 0.531420 1.608745 -12.445795 1.902635 26.996613 -1.990632 0.018555
Cyclist -1 -1 -10 63.000000 206.000000 121.000000 251.000000 1.739430 0.583694 1.648353 -16.963799 2.741431 23.523512 -1.367918 0.016835
Cyclist -1 -1 -10 298.000000 183.000000 310.000000 208.000000 1.712979 0.531422 1.608745 -19.047532 2.229945 44.940966 -1.969717 0.016093
Cyclist -1 -1 -10 274.000000 184.000000 291.000000 210.000000 1.694185 0.512092 1.580528 -20.329269 2.150050 45.019527 -2.011559 0.010509
