Pedestrian -1 -1 -10 398.000000 183.000000 408.000000 215.000000 1.844498 0.704778 0.834869 -12.101332 2.330451 42.046578 -1.932573 0.317228
Pedestrian -1 -1 -10 407.000000 179.000000 419.000000 212.000000 1.837062 0.664305 0.603285 -11.605207 2.322149 42.289809 1.288357 0.234271
Pedestrian -1 -1 -10 406.000000 183.000000 439.000000 218.000000 1.712207 0.623373 0.693199 -8.679828 2.582721 31.985673 -1.747868 0.083716
Pedestrian -1 -1 -10 403.000000 180.000000 412.000000 215.000000 1.778145 0.684604 0.695337 -11.857407 2.263274 42.287871 1.309151 0.065664
Pedestrian -1 -1 -10 334.000000 185.000000 392.000000 272.000000 1.802737 0.684937 0.634059 -3.939330 1.808779 11.338590 2.416165 0.018824
Pedestrian -1 -1 -10 344.000000 183.000000 380.000000 234.000000 1.797467 0.595754 0.589567 -10.690254 1.927199 30.331495 -1.479155 0.017726
Car -1 -1 -10 720.000000 182.000000 926.000000 320.000000 1.510022 1.569911 3.557703 2.524692 1.692520 9.667417 -1.684635 0.999520
Car -1 -1 -10 213.000000 201.000000 363.000000 302.000000 1.443686 1.585997 3.740738 -5.329806 1.971256 12.542303 -1.828785 0.998082
Car -1 -1 -10 578.000000 182.000000 631.000000 224.000000 1.496356 1.582559 3.618083 -0.347169 1.943966 28.618949 -1.738616 0.997297
Car -1 -1 -10 555.000000 183.000000 589.000000 211.000000 1.505605 1.618373 3.750062 -2.094863 2.042855 38.803789 -1.685443 0.512256
Car -1 -1 -10 409.000000 186.000000 450.000000 221.000000 1.529236 1.619944 3.861883 -8.745272 2.323245 33.812611 -1.777907 0.401237
Car -1 -1 -10 304.000000 188.000000 401.000000 260.000000 1.497380 1.542307 3.878321 -6.144268 1.977366 17.984227 1.480388 0.381815
Car -1 -1 -10 426.000000 185.000000 455.000000 213.000000 1.542864 1.624447 3.935947 -10.085672 2.361106 42.471198 -1.778219 0.024589
Car -1 -1 -10 329.000000 184.000000 387.000000 242.000000 1.555751 1.535856 3.736784 -6.405316 1.994333 18.099173 1.269612 0.017125
Cyclist -1 -1 -10 393.000000 182.000000 450.000000 281.000000 1.727508 0.534360 1.769073 -3.498984 1.897125 13.380538 1.585540 0.999759
Cyclist -1 -1 -10 328.000000 180.000000 396.000000 303.000000 1.694238 0.511728 1.694561 -3.923743 1.841566 11.135631 1.377510 0.999320
Cyclist -1 -1 -10 409.000000 185.000000 448.000000 225.000000 1.656922 0.766446 1.841861 -8.173409 2.392588 32.195355 2.819371 0.476239
Cyclist -1 -1 -10 255.000000 193.000000 387.000000 298.000000 1.718565 0.814779 1.789745 -4.464319 1.965235 11.089445 2.262163 0.139732
Cyclist -1 -1 -10 309.000000 190.000000 404.000000 254.000000 1.774909 0.627567 1.802305 -5.889994 2.035561 17.917391 -3.090817 0.090973
Cyclist -1 -1 -10 406.000000 179.000000 427.000000 219.000000 1.714445 0.676327 1.673517 -11.494684 2.398669 42.404755 -1.771998 0.044143
Cyclist -1 -1 -10 334.000000 184.000000 387.000000 242.000000 1.739425 0.615293 1.714483 -6.375442 1.912620 18.036293 1.187680 0.018779
Cyclist -1 -1 -10 398.000000 181.000000 409.000000 216.000000 1.780451 0.593264 1.804009 -12.158654 2.265445 42.354270 -1.731381 0.010404
