Pedestrian -1 -1 -10 1064.000000 129.000000 1190.000000 334.000000 1.786789 0.645726 1.046562 4.813407 1.320904 6.544027 -2.016959 0.995885
Pedestrian -1 -1 -10 646.000000 166.000000 698.000000 290.000000 1.645577 0.598513 0.852693 0.853772 1.466295 9.651945 -2.595936 0.994576
Pedestrian -1 -1 -10 582.000000 158.000000 663.000000 319.000000 1.729034 0.675610 0.959112 0.163801 1.499247 7.693738 -2.633765 0.994235
Pedestrian -1 -1 -10 1118.000000 137.000000 1226.000000 315.000000 1.728573 0.637595 0.689003 5.803154 1.567612 7.260808 1.770691 0.916802
Pedestrian -1 -1 -10 563.000000 161.000000 587.000000 232.000000 1.774685 0.593486 0.843474 -0.745442 1.263059 18.746714 -1.801223 0.647888
Pedestrian -1 -1 -10 716.000000 173.000000 740.000000 227.000000 1.706944 0.582410 0.763150 3.018121 1.449526 17.531652 -0.881063 0.392279
Pedestrian -1 -1 -10 588.000000 160.000000 625.000000 293.000000 1.699576 0.587085 0.712038 0.026744 1.360334 7.591522 3.109860 0.281379
Pedestrian -1 -1 -10 453.000000 159.000000 492.000000 237.000000 1.727476 0.545425 0.730298 -2.810655 1.448203 15.902900 0.293602 0.167342
Pedestrian -1 -1 -10 687.000000 174.000000 718.000000 233.000000 1.727630 0.573909 0.700155 2.468611 1.409224 18.170352 -1.892233 0.157379
Pedestrian -1 -1 -10 589.000000 164.000000 611.000000 241.000000 1.848113 0.685447 0.913100 -0.087440 1.271135 17.070350 1.102040 0.147869
Pedestrian -1 -1 -10 668.000000 171.000000 686.000000 221.000000 1.739574 0.804455 0.462984 2.188179 1.374835 21.348101 -1.925158 0.095942
Pedestrian -1 -1 -10 660.000000 174.000000 701.000000 245.000000 1.714283 0.591961 0.637868 2.278380 1.559059 17.536243 0.217517 0.075257
Pedestrian -1 -1 -10 599.000000 168.000000 620.000000 242.000000 1.808084 0.716635 0.840702 0.071620 1.340702 18.743039 -1.312741 0.073000
Pedestrian -1 -1 -10 800.000000 170.000000 816.000000 221.000000 1.775091 0.572146 0.567653 5.609031 1.280344 19.037622 0.938937 0.042918
Car -1 -1 -10 191.000000 155.000000 479.000000 353.000000 1.700317 1.650747 4.048581 -2.843470 1.492588 8.597063 1.624177 0.989910
Car -1 -1 -10 388.000000 158.000000 497.000000 245.000000 2.035633 1.608584 3.428638 -5.728162 1.501985 26.158390 -3.300147 0.097128
Car -1 -1 -10 439.000000 161.000000 509.000000 211.000000 1.775591 1.692139 3.915531 -4.996915 1.040205 28.253046 -2.301381 0.085998
Cyclist -1 -1 -10 687.000000 174.000000 718.000000 233.000000 1.718038 0.630971 1.658106 2.437332 1.285210 17.894984 -1.522371 0.073573
Cyclist -1 -1 -10 667.000000 172.000000 691.000000 229.000000 1.740978 0.574074 1.546777 2.208646 1.237511 21.413971 0.269423 0.041258
Cyclist -1 -1 -10 1129.000000 138.000000 1230.000000 310.000000 1.677848 0.504543 1.820127 5.973978 1.225316 7.365186 2.290875 0.020824
Cyclist -1 -1 -10 450.000000 160.000000 493.000000 242.000000 1.710926 0.609502 1.767423 -2.997378 1.443144 16.073958 0.336676 0.020713
Cyclist -1 -1 -10 660.000000 174.000000 701.000000 245.000000 1.728016 0.716878 1.750635 2.135247 1.666313 17.734014 0.141290 0.019495
Cyclist -1 -1 -10 585.000000 163.000000 619.000000 245.000000 1.825983 0.549148 1.614090 -0.136475 1.238460 17.573857 -1.132675 0.015422
Cyclist -1 -1 -10 645.000000 169.000000 697.000000 287.000000 1.693515 0.482536 1.678077 0.832057 1.491227 9.809393 -1.965896 0.014633
Cyclist -1 -1 -10 709.000000 172.000000 735.000000 231.000000 1.665354 0.598494 1.641820 2.843330 1.426991 16.822497 2.811806 0.010588
Cyclist -1 -1 -10 1057.000000 133.000000 1207.000000 330.000000 1.761583 0.555236 1.795267 4.893008 1.332203 6.723503 -0.515914 0.010533
