Pedestrian -1 -1 -10 1180.000000 127.000000 1234.000000 243.000000 1.742419 0.552220 0.610336 11.733829 1.637537 13.594388 3.142098 0.011685
Car -1 -1 -10 724.000000 191.000000 895.000000 302.000000 1.407698 1.605665 3.903733 2.833835 1.706018 11.130962 -1.588347 0.999395
Car -1 -1 -10 551.000000 178.000000 589.000000 207.000000 1.424787 1.580166 3.775514 -1.910200 1.612998 35.182018 1.598432 0.999066
Car -1 -1 -10 688.000000 181.000000 759.000000 235.000000 1.382009 1.591863 3.881850 3.177716 1.656873 20.314455 -1.551602 0.997027
Car -1 -1 -10 303.000000 178.000000 481.000000 242.000000 1.544083 1.598314 3.964031 -5.838200 1.827594 17.892598 -0.024724 0.992067
Car -1 -1 -10 656.000000 173.000000 693.000000 203.000000 1.568963 1.577126 3.709632 3.404411 1.697283 38.623352 1.501325 0.965357
Car -1 -1 -10 61.000000 172.000000 397.000000 274.000000 1.605377 1.636846 4.191460 -6.184193 1.517096 12.247286 0.018204 0.956716
Car -1 -1 -10 382.000000 175.000000 498.000000 225.000000 1.574352 1.592598 3.928076 -6.063005 1.482769 24.281378 0.158768 0.948497
Car -1 -1 -10 481.000000 176.000000 547.000000 201.000000 1.495412 1.623875 3.790163 -5.328929 1.632556 42.136787 -3.198841 0.879172
Car -1 -1 -10 2.000000 218.000000 113.000000 380.000000 1.459646 1.592091 4.041122 -5.862053 1.738134 4.973965 0.047704 0.633243
Car -1 -1 -10 211.000000 178.000000 436.000000 250.000000 1.528417 1.609189 3.852477 -6.298486 1.647475 17.529233 0.438700 0.222568
