Pedestrian -1 -1 -10 400.000000 175.000000 422.000000 239.000000 1.825666 0.670376 0.750488 -5.980935 1.945813 21.590397 1.802731 0.985706
Pedestrian -1 -1 -10 380.000000 183.000000 402.000000 237.000000 1.779478 0.670567 0.621488 -6.919176 1.869287 22.433470 -1.550824 0.010963
Car -1 -1 -10 738.000000 180.000000 951.000000 321.000000 1.495006 1.582630 3.699732 2.807108 1.628674 9.549834 -1.601024 0.999519
Car -1 -1 -10 672.000000 180.000000 743.000000 238.000000 1.499977 1.559922 3.542630 2.522495 1.709051 19.781916 -1.571114 0.998506
Car -1 -1 -10 352.000000 195.000000 464.000000 272.000000 1.432509 1.577366 3.516944 -4.350935 1.981901 15.611483 -1.606791 0.998309
Car -1 -1 -10 433.000000 180.000000 506.000000 235.000000 1.639759 1.680586 3.937340 -4.665180 1.935697 24.937593 -1.567384 0.995411
Car -1 -1 -10 643.000000 176.000000 679.000000 210.000000 1.541245 1.566557 3.643248 2.512535 1.752251 35.437072 -1.595049 0.993668
Car -1 -1 -10 496.000000 182.000000 532.000000 214.000000 1.642900 1.620691 3.912954 -5.131859 2.104857 38.978286 1.558461 0.961005
Car -1 -1 -10 761.000000 183.000000 831.000000 242.000000 1.560434 1.637922 3.842939 7.910711 1.811595 31.119210 -1.314247 0.167814
Cyclist -1 -1 -10 395.000000 177.000000 421.000000 237.000000 1.699749 0.750954 1.686172 -6.081905 1.568961 21.608658 0.775981 0.010112
