Car -1 -1 -10 753.000000 197.000000 1048.000000 374.000000 1.453957 1.583749 3.759621 2.751525 1.708790 7.599409 -1.598208 0.999728
Car -1 -1 -10 672.000000 177.000000 760.000000 251.000000 1.615250 1.652038 3.907988 2.583699 1.838444 18.573442 -1.567212 0.998802
Car -1 -1 -10 263.000000 184.000000 452.000000 249.000000 1.528419 1.634941 4.099869 -6.510832 1.779739 18.569010 -3.201050 0.981724
Car -1 -1 -10 9.000000 162.000000 353.000000 296.000000 1.760305 1.691248 4.055354 -6.392371 1.692208 11.065869 -3.146805 0.980193
Car -1 -1 -10 656.000000 183.000000 713.000000 230.000000 1.440949 1.610586 4.015269 2.569100 1.875331 24.791125 -1.597975 0.938693
Car -1 -1 -10 204.000000 186.000000 406.000000 270.000000 1.506804 1.576945 4.081256 -6.519595 1.788314 15.787889 -3.297747 0.686812
Car -1 -1 -10 645.000000 178.000000 686.000000 216.000000 1.550273 1.592796 3.698290 2.459939 1.890708 33.721818 -1.642494 0.589314
Car -1 -1 -10 0.000000 207.000000 142.000000 378.000000 1.456127 1.570612 3.975763 -6.458259 1.842829 6.338200 -3.181363 0.425653
Car -1 -1 -10 478.000000 180.000000 541.000000 207.000000 1.615084 1.618425 3.986421 -6.215088 2.108702 44.206110 0.315351 0.270914
Car -1 -1 -10 398.000000 183.000000 513.000000 221.000000 1.644231 1.657189 4.113253 -6.215312 1.838197 27.993563 -0.096902 0.206027
Car -1 -1 -10 441.000000 181.000000 525.000000 213.000000 1.527288 1.612509 3.977916 -6.355557 1.892843 36.044950 0.872948 0.202363
