Pedestrian -1 -1 -10 803.000000 175.000000 818.000000 221.000000 1.696581 0.520438 0.528037 12.402276 1.641306 43.495037 1.170563 0.050749
Pedestrian -1 -1 -10 751.000000 167.000000 765.000000 213.000000 1.810130 0.476458 0.686625 1.374566 1.245744 5.988189 0.215261 0.012204
Car -1 -1 -10 443.000000 185.000000 519.000000 235.000000 1.511482 1.608586 3.623236 -4.294489 1.985586 23.679517 1.621064 0.999541
Car -1 -1 -10 762.000000 180.000000 910.000000 277.000000 1.507975 1.597153 3.699988 4.043457 1.692305 13.803821 -1.608635 0.998010
Car -1 -1 -10 839.000000 195.000000 1181.000000 373.000000 1.473338 1.610036 3.808692 3.926947 1.769173 7.937934 -1.552754 0.997338
Car -1 -1 -10 708.000000 180.000000 773.000000 228.000000 1.497246 1.608702 3.698360 4.304461 1.789941 24.444510 -1.498462 0.994430
Car -1 -1 -10 729.000000 183.000000 819.000000 246.000000 1.460127 1.618549 3.884109 4.213633 1.758598 18.992878 -1.520083 0.992741
Car -1 -1 -10 488.000000 184.000000 542.000000 221.000000 1.497297 1.576647 3.794195 -3.798169 1.989914 29.791504 1.630104 0.992149
Car -1 -1 -10 691.000000 178.000000 742.000000 218.000000 1.523641 1.614923 3.931490 4.505550 1.831244 29.774761 -1.545368 0.952768
Car -1 -1 -10 514.000000 183.000000 556.000000 214.000000 1.502445 1.605508 3.893544 -3.694368 2.016086 34.822544 1.619529 0.503439
Car -1 -1 -10 1144.000000 174.000000 1239.000000 225.000000 1.597610 1.653956 3.843745 18.084538 1.477126 21.321590 -1.609832 0.339755
Car -1 -1 -10 1117.000000 205.000000 1237.000000 373.000000 1.540171 1.627698 3.973449 3.853829 1.534967 2.354888 1.602861 0.132632
