Pedestrian -1 -1 -10 752.000000 154.000000 770.000000 222.000000 1.721210 0.618618 0.636628 5.641060 1.432946 27.166748 -0.842821 0.516693
Pedestrian -1 -1 -10 737.000000 157.000000 750.000000 210.000000 1.781028 0.691020 0.769824 5.104891 1.150289 27.781036 -1.439098 0.306541
Pedestrian -1 -1 -10 735.000000 161.000000 760.000000 214.000000 1.789024 0.622515 0.709915 5.360911 1.449415 27.363633 -0.828412 0.052545
Pedestrian -1 -1 -10 693.000000 174.000000 775.000000 231.000000 1.786664 0.678441 0.941726 2.674942 1.760541 18.096555 -0.265715 0.017737
Car -1 -1 -10 353.000000 183.000000 447.000000 245.000000 1.549933 1.590104 3.668371 -5.804744 1.853780 20.043896 1.595146 0.999280
Car -1 -1 -10 715.000000 174.000000 845.000000 264.000000 1.458023 1.620556 3.844138 3.056295 1.524155 13.993766 -1.613538 0.998604
Car -1 -1 -10 846.000000 182.000000 1242.000000 375.000000 1.475885 1.634158 4.003635 3.240699 1.586151 5.346822 -1.631458 0.992190
Car -1 -1 -10 687.000000 176.000000 772.000000 230.000000 1.497723 1.552139 3.542800 3.143893 1.532111 19.345111 -1.631925 0.966921
Car -1 -1 -10 410.000000 183.000000 480.000000 228.000000 1.464496 1.513939 3.649190 -5.618018 1.843673 25.071975 1.548581 0.951329
Car -1 -1 -10 3.000000 223.000000 152.000000 373.000000 1.472328 1.593872 3.830007 -5.618886 1.967021 5.612748 1.644337 0.716745
Car -1 -1 -10 682.000000 176.000000 742.000000 216.000000 1.518635 1.613219 3.678116 3.626236 1.653628 24.417364 -1.587779 0.412898
Car -1 -1 -10 818.000000 163.000000 901.000000 207.000000 1.546424 1.589192 3.888494 11.355664 1.410746 33.620817 0.207983 0.027920
Cyclist -1 -1 -10 751.000000 157.000000 771.000000 216.000000 1.674846 0.767798 1.705809 5.755342 0.956541 27.566371 2.971635 0.020332
