Pedestrian -1 -1 -10 665.000000 172.000000 686.000000 231.000000 1.746296 0.626063 0.843439 2.294617 1.526844 22.393918 1.714316 0.924742
Pedestrian -1 -1 -10 1029.000000 185.000000 1086.000000 320.000000 1.672237 0.690608 0.772104 5.780161 1.664757 9.116761 -1.419141 0.804504
Pedestrian -1 -1 -10 522.000000 170.000000 540.000000 232.000000 1.712315 0.592162 0.923425 -2.137489 1.419018 21.667560 -1.683731 0.640651
Pedestrian -1 -1 -10 689.000000 172.000000 712.000000 232.000000 1.809392 0.703278 1.004321 3.052249 1.541322 22.468569 -1.594321 0.540091
Pedestrian -1 -1 -10 544.000000 176.000000 552.000000 204.000000 1.724612 0.455803 0.671514 -1.269298 1.616089 16.076509 0.047327 0.129138
Pedestrian -1 -1 -10 487.000000 176.000000 497.000000 208.000000 1.681151 0.551033 0.548212 -5.045251 1.459908 33.465458 0.495092 0.126623
Pedestrian -1 -1 -10 1074.000000 272.000000 1187.000000 369.000000 1.686430 0.499842 0.664138 2.719447 1.555889 3.869156 0.774281 0.123816
Pedestrian -1 -1 -10 979.000000 184.000000 1115.000000 340.000000 1.726352 0.576321 0.587971 2.336755 1.660832 3.508138 1.095034 0.044142
Pedestrian -1 -1 -10 951.000000 192.000000 1215.000000 370.000000 1.797337 0.633802 0.817476 2.389684 1.728559 3.281401 1.755168 0.022464
Pedestrian -1 -1 -10 995.000000 183.000000 1073.000000 301.000000 1.744017 0.654180 0.850780 5.824241 1.834671 9.772278 -0.495052 0.013427
Pedestrian -1 -1 -10 606.000000 175.000000 616.000000 205.000000 1.764060 0.590300 0.871198 0.596714 1.345918 46.136620 2.603409 0.010984
Car -1 -1 -10 955.000000 223.000000 1228.000000 366.000000 1.578856 1.591207 3.815677 3.529340 1.517307 4.124918 -1.105208 0.039623
Car -1 -1 -10 1060.000000 263.000000 1215.000000 372.000000 1.480418 1.551287 3.410368 4.309397 1.510990 5.397464 -0.965034 0.013700
Cyclist -1 -1 -10 953.000000 203.000000 1207.000000 363.000000 1.714684 0.750960 1.790163 2.521862 1.600812 3.449709 0.765474 0.406896
Cyclist -1 -1 -10 1003.000000 178.000000 1095.000000 349.000000 1.702149 0.625811 1.668775 2.312333 1.469130 3.445224 2.745239 0.159668
Cyclist -1 -1 -10 665.000000 172.000000 687.000000 231.000000 1.803551 0.605551 1.772920 2.306038 1.575998 22.664457 1.767204 0.014509
