Car -1 -1 -10 686.000000 209.000000 985.000000 375.000000 1.497024 1.646836 3.884480 2.111116 1.912441 8.232717 -1.744099 0.999330
Car -1 -1 -10 226.000000 214.000000 357.000000 308.000000 1.466770 1.516893 3.629741 -6.086977 2.258530 14.010352 1.358741 0.997169
Car -1 -1 -10 564.000000 190.000000 656.000000 267.000000 1.527115 1.624504 3.730591 -0.232289 2.041218 17.986004 -1.741853 0.996233
Car -1 -1 -10 621.000000 202.000000 777.000000 303.000000 1.436281 1.595777 3.802663 1.231923 2.001416 12.899220 -1.754436 0.995729
Car -1 -1 -10 -1.000000 224.000000 289.000000 374.000000 1.456372 1.611269 4.042677 -4.789227 2.044296 7.432032 1.338838 0.988753
Car -1 -1 -10 521.000000 197.000000 570.000000 237.000000 1.443286 1.608214 4.017620 -2.854238 2.507127 30.490428 -1.766120 0.988401
Car -1 -1 -10 841.000000 209.000000 1244.000000 378.000000 1.507898 1.602839 3.837517 2.881956 1.703734 3.821878 -1.652392 0.970312
Car -1 -1 -10 538.000000 195.000000 605.000000 248.000000 1.511770 1.618843 3.746814 -0.811878 2.059260 25.566357 -1.023465 0.884777
Car -1 -1 -10 400.000000 199.000000 433.000000 224.000000 1.526723 1.644259 3.771513 -12.681904 3.179776 46.210121 1.274956 0.823064
Car -1 -1 -10 338.000000 194.000000 412.000000 252.000000 1.828541 1.682611 4.094678 -8.367607 2.646724 25.531107 -1.792453 0.731281
Car -1 -1 -10 513.000000 196.000000 551.000000 228.000000 1.496332 1.442788 3.103728 -3.836251 2.741514 37.744085 -1.730323 0.208649
