Pedestrian -1 -1 -10 434.000000 167.000000 469.000000 253.000000 1.733361 0.638427 0.979571 -3.118220 1.411058 14.721349 -1.360410 0.983357
Pedestrian -1 -1 -10 696.000000 161.000000 730.000000 246.000000 1.774699 0.721703 0.925937 2.396017 1.365999 15.191691 -1.557598 0.981946
Pedestrian -1 -1 -10 667.000000 160.000000 696.000000 248.000000 1.650624 0.565438 0.752302 1.629306 1.322481 15.042558 -1.656756 0.971601
Pedestrian -1 -1 -10 1056.000000 222.000000 1165.000000 372.000000 1.704319 0.689922 0.585072 2.753847 1.854159 4.226565 0.648442 0.195484
Pedestrian -1 -1 -10 755.000000 151.000000 772.000000 201.000000 1.885237 0.659426 0.896187 5.769374 0.611586 26.058492 2.308882 0.051991
Pedestrian -1 -1 -10 745.000000 161.000000 756.000000 201.000000 1.756998 0.598354 0.612400 5.967556 0.930023 28.519985 2.281344 0.037230
Pedestrian -1 -1 -10 728.000000 161.000000 745.000000 203.000000 1.811275 0.716445 0.955753 5.802044 0.895027 30.161195 0.195429 0.022206
Pedestrian -1 -1 -10 684.000000 163.000000 717.000000 241.000000 1.735820 0.609539 0.923688 2.150737 1.227521 15.203233 0.030830 0.021927
Pedestrian -1 -1 -10 528.000000 169.000000 546.000000 209.000000 1.767073 0.691562 0.916996 -2.718527 1.164253 30.743053 -2.056481 0.014583
Pedestrian -1 -1 -10 741.000000 164.000000 752.000000 201.000000 1.713555 0.556799 0.675933 5.930566 0.885353 29.079460 2.692200 0.012536
Cyclist -1 -1 -10 588.000000 163.000000 619.000000 215.000000 1.772389 0.638179 1.828375 -0.066288 1.190618 26.206339 1.777626 0.998663
Cyclist -1 -1 -10 561.000000 166.000000 586.000000 208.000000 1.770078 0.514793 1.813296 -1.379876 1.200144 33.402436 1.130460 0.982999
Cyclist -1 -1 -10 526.000000 169.000000 547.000000 208.000000 1.756859 0.517863 1.724653 -2.836365 1.148693 31.230096 -1.629768 0.860609
Cyclist -1 -1 -10 696.000000 163.000000 729.000000 245.000000 1.808948 0.596964 1.818364 2.338380 1.379929 15.182081 1.919793 0.503858
Cyclist -1 -1 -10 430.000000 169.000000 472.000000 246.000000 1.800218 0.617504 1.736423 -3.173725 1.424166 14.864849 -1.272925 0.438577
Cyclist -1 -1 -10 569.000000 166.000000 609.000000 200.000000 1.715911 0.426367 1.407413 -0.409282 1.467519 20.486180 -0.876028 0.061249
Cyclist -1 -1 -10 515.000000 172.000000 539.000000 206.000000 1.755986 0.636091 1.734073 -3.511434 1.120409 33.585099 -1.122568 0.038104
Cyclist -1 -1 -10 712.000000 165.000000 747.000000 218.000000 1.701464 0.482164 1.620635 5.018360 0.983044 27.454348 -1.310005 0.033189
Cyclist -1 -1 -10 667.000000 160.000000 696.000000 247.000000 1.738998 0.565971 1.721144 1.667999 1.382514 15.047666 -1.577842 0.015051
Cyclist -1 -1 -10 472.000000 172.000000 496.000000 202.000000 1.722363 0.571681 1.677169 -7.727073 1.710837 46.980222 -2.351195 0.014954
Cyclist -1 -1 -10 447.000000 174.000000 491.000000 232.000000 1.709595 0.495520 1.667034 -3.843355 1.402148 20.561555 -2.260457 0.013001
Cyclist -1 -1 -10 996.000000 210.000000 1225.000000 370.000000 1.661715 0.732464 1.778254 2.455991 1.623570 3.893200 0.681874 0.012775
