Pedestrian -1 -1 -10 858.000000 158.000000 930.000000 308.000000 1.665288 0.631494 0.817730 3.181853 1.384907 8.066858 3.456541 0.998593
Pedestrian -1 -1 -10 753.000000 150.000000 842.000000 331.000000 1.756135 0.635998 1.033538 1.895513 1.491616 7.066033 -2.462295 0.997500
Pedestrian -1 -1 -10 646.000000 158.000000 677.000000 247.000000 1.786538 0.691231 0.876482 1.178451 1.312233 14.778781 -2.007197 0.996603
Pedestrian -1 -1 -10 566.000000 164.000000 601.000000 253.000000 1.749320 0.576332 0.947399 -0.359316 1.455609 14.712085 -1.620384 0.991127
Pedestrian -1 -1 -10 611.000000 166.000000 642.000000 251.000000 1.732924 0.461083 0.906641 0.480060 1.478603 14.326259 -2.600889 0.988128
Pedestrian -1 -1 -10 316.000000 165.000000 348.000000 243.000000 1.765088 0.698214 1.020900 -6.357439 1.381789 16.840905 -1.440547 0.973831
Pedestrian -1 -1 -10 693.000000 158.000000 724.000000 251.000000 1.761744 0.597921 0.840556 1.926022 1.349435 13.405522 -2.383801 0.772051
Pedestrian -1 -1 -10 1140.000000 136.000000 1227.000000 309.000000 1.687647 0.629890 0.653155 5.998649 1.245231 7.418459 1.051343 0.737892
Pedestrian -1 -1 -10 958.000000 127.000000 997.000000 228.000000 1.779410 0.595389 0.773986 7.427651 0.788745 14.231496 1.544901 0.579309
Pedestrian -1 -1 -10 803.000000 152.000000 824.000000 225.000000 1.779417 0.673123 0.760873 4.755172 1.101687 16.412816 3.204860 0.245545
Pedestrian -1 -1 -10 228.000000 160.000000 251.000000 232.000000 1.819780 0.634609 0.761924 -8.590521 1.126279 16.746435 -2.164817 0.123815
Pedestrian -1 -1 -10 758.000000 161.000000 804.000000 301.000000 1.628803 0.591564 0.658832 1.857096 1.918312 7.257044 -0.810100 0.088764
Pedestrian -1 -1 -10 765.000000 171.000000 804.000000 235.000000 1.716766 0.623345 0.602876 4.284434 1.201867 16.012555 2.816202 0.028039
Pedestrian -1 -1 -10 762.000000 169.000000 781.000000 247.000000 1.681107 0.606887 0.601216 3.523852 1.727080 15.531974 2.718835 0.026947
Pedestrian -1 -1 -10 1204.000000 127.000000 1229.000000 183.000000 1.730180 0.656145 0.640469 9.650208 0.535013 11.289032 -1.287952 0.025378
Pedestrian -1 -1 -10 621.000000 161.000000 661.000000 244.000000 1.722435 0.619027 0.610403 0.994677 1.693642 17.706573 -1.195871 0.011445
Car -1 -1 -10 388.000000 161.000000 539.000000 267.000000 1.683819 1.677549 4.071323 -2.533014 1.350709 13.922539 1.666465 0.998541
Car -1 -1 -10 373.000000 157.000000 469.000000 233.000000 1.852586 1.691412 4.023582 -5.423057 1.166973 20.902365 1.408424 0.662955
Cyclist -1 -1 -10 692.000000 158.000000 725.000000 248.000000 1.776866 0.555222 1.744001 1.967064 1.330613 13.665468 -0.930488 0.712748
Cyclist -1 -1 -10 686.000000 169.000000 708.000000 233.000000 1.742346 0.583148 1.809551 2.459163 1.244132 17.803474 -1.410428 0.030713
Cyclist -1 -1 -10 799.000000 158.000000 820.000000 226.000000 1.675540 0.669868 1.804347 4.591918 1.118431 16.309866 1.394980 0.019906
Cyclist -1 -1 -10 566.000000 163.000000 600.000000 256.000000 1.803841 0.520823 1.730716 -0.449550 1.516778 14.767585 -1.638494 0.013851
Cyclist -1 -1 -10 647.000000 160.000000 677.000000 245.000000 1.784226 0.553840 1.663054 1.138161 1.327261 14.979018 -1.444168 0.010058
