Pedestrian -1 -1 -10 403.000000 179.000000 416.000000 216.000000 1.765682 0.662857 0.776675 -9.170765 2.072046 32.788828 -1.989811 0.862794
Pedestrian -1 -1 -10 418.000000 176.000000 430.000000 213.000000 1.804337 0.646750 0.525435 -8.502161 2.112464 32.954752 -1.924827 0.648727
Pedestrian -1 -1 -10 406.000000 178.000000 422.000000 219.000000 1.775822 0.602526 0.773543 -8.997768 1.980959 32.778349 -0.342847 0.012794
Car -1 -1 -10 628.000000 177.000000 707.000000 239.000000 1.507502 1.569051 3.608942 1.405240 1.674788 19.985998 -1.689931 0.999006
Car -1 -1 -10 406.000000 189.000000 462.000000 233.000000 1.436439 1.588596 3.691771 -6.185736 2.025304 25.702400 -1.701705 0.998437
Car -1 -1 -10 32.000000 194.000000 336.000000 356.000000 1.478762 1.645981 4.005316 -5.276837 1.894768 9.524953 1.509058 0.994169
Car -1 -1 -10 600.000000 178.000000 643.000000 215.000000 1.501150 1.571981 3.553940 0.442596 1.703691 30.201432 -1.654820 0.984177
Car -1 -1 -10 434.000000 180.000000 480.000000 218.000000 1.635516 1.608148 3.776560 -7.274422 2.107512 34.583303 -1.684939 0.940002
Car -1 -1 -10 582.000000 178.000000 612.000000 203.000000 1.518739 1.619336 3.832825 -0.736874 1.854595 46.101335 -1.625470 0.552151
Car -1 -1 -10 0.000000 200.000000 153.000000 370.000000 1.561382 1.625203 3.819592 -4.802371 2.009584 4.335535 -1.651387 0.486545
Car -1 -1 -10 749.000000 193.000000 1023.000000 347.000000 1.524668 1.603802 3.663202 2.704523 1.557464 8.003510 -1.676250 0.038501
Car -1 -1 -10 458.000000 182.000000 497.000000 207.000000 1.515952 1.612092 3.890713 -8.774240 2.042896 48.693412 1.429825 0.021834
