Pedestrian -1 -1 -10 575.000000 157.000000 611.000000 231.000000 1.789174 0.689524 0.864438 -0.324743 1.220608 18.201457 0.551458 0.996091
Pedestrian -1 -1 -10 169.000000 171.000000 207.000000 249.000000 1.845848 0.564892 1.146782 -9.999525 1.634711 16.932333 -3.163346 0.969402
Pedestrian -1 -1 -10 208.000000 174.000000 236.000000 246.000000 1.729972 0.586290 0.729790 -10.140051 1.632668 18.789433 -3.172040 0.750599
Pedestrian -1 -1 -10 405.000000 160.000000 426.000000 224.000000 1.742338 0.580880 0.753563 -4.342695 1.104843 15.804080 0.317970 0.648971
Pedestrian -1 -1 -10 190.000000 174.000000 223.000000 247.000000 1.727820 0.589477 0.693158 -10.302996 1.522366 18.829163 1.116260 0.262862
Pedestrian -1 -1 -10 330.000000 167.000000 346.000000 220.000000 1.786244 0.583932 0.987048 -17.963728 1.173810 47.677887 0.684026 0.259288
Pedestrian -1 -1 -10 321.000000 166.000000 353.000000 228.000000 1.741572 0.623259 0.680833 -6.802221 1.218497 17.161036 -1.496287 0.082819
Pedestrian -1 -1 -10 1066.000000 135.000000 1109.000000 205.000000 1.763811 0.660427 0.853546 13.166703 0.527378 19.319870 -1.464971 0.071061
Pedestrian -1 -1 -10 315.000000 166.000000 340.000000 223.000000 1.769248 0.650394 0.829491 -6.792266 1.295650 16.916758 1.620152 0.044287
Pedestrian -1 -1 -10 293.000000 164.000000 335.000000 229.000000 1.725962 0.635455 0.808316 -6.936966 1.350939 16.686296 0.759945 0.038286
Pedestrian -1 -1 -10 872.000000 149.000000 903.000000 199.000000 1.707454 0.621785 0.826164 10.409330 0.556800 26.147179 -1.632468 0.034843
Pedestrian -1 -1 -10 1162.000000 127.000000 1224.000000 215.000000 1.714504 0.642843 0.739892 11.550184 0.728280 13.837382 0.784137 0.019701
Pedestrian -1 -1 -10 330.000000 170.000000 371.000000 231.000000 1.710900 0.607489 0.741161 -6.369366 1.166998 17.794528 2.177939 0.012061
Pedestrian -1 -1 -10 823.000000 154.000000 869.000000 195.000000 1.793983 0.662199 0.925452 10.118258 0.567423 29.673953 0.350567 0.010542
Car -1 -1 -10 299.000000 179.000000 472.000000 293.000000 1.486690 1.574080 3.741113 -3.311131 1.457671 11.253727 -1.559919 0.998795
Car -1 -1 -10 1065.000000 153.000000 1185.000000 189.000000 1.634553 1.705305 3.911187 21.379623 0.375794 28.787697 -1.492895 0.038259
Car -1 -1 -10 319.000000 178.000000 396.000000 227.000000 1.443093 1.504499 3.769711 -6.799948 1.373600 17.850959 0.563901 0.017402
Cyclist -1 -1 -10 284.000000 162.000000 342.000000 242.000000 1.794350 0.657120 1.749096 -6.798978 1.342306 16.225224 -1.429512 0.989920
Cyclist -1 -1 -10 1155.000000 129.000000 1225.000000 217.000000 1.743317 0.617781 1.763462 11.609190 0.746232 13.781982 2.754858 0.979859
Cyclist -1 -1 -10 873.000000 149.000000 903.000000 199.000000 1.800678 0.663013 1.821231 10.512631 0.691227 26.148356 -1.107411 0.974532
Cyclist -1 -1 -10 822.000000 155.000000 870.000000 195.000000 1.770520 0.633788 1.804873 10.138947 0.542412 29.558963 -0.193251 0.963512
Cyclist -1 -1 -10 1066.000000 136.000000 1109.000000 204.000000 1.754633 0.407905 1.659518 13.205597 0.498619 19.283142 -0.400768 0.172516
Cyclist -1 -1 -10 322.000000 168.000000 345.000000 227.000000 1.697633 0.428118 1.493323 -9.029900 1.202678 22.998932 -1.907865 0.152458
Cyclist -1 -1 -10 330.000000 170.000000 371.000000 231.000000 1.687324 0.589800 1.669126 -6.237876 1.003182 17.762721 1.675296 0.109208
Cyclist -1 -1 -10 402.000000 158.000000 429.000000 227.000000 1.686988 0.544559 1.606951 -4.211916 0.896795 15.699318 -1.757074 0.098069
Cyclist -1 -1 -10 1052.000000 151.000000 1138.000000 198.000000 1.699791 0.520646 1.638631 17.328256 0.419860 25.141393 1.623973 0.084280
Cyclist -1 -1 -10 299.000000 167.000000 335.000000 222.000000 1.812284 0.592194 1.619547 -7.790441 1.220118 19.123738 -1.906956 0.053119
Cyclist -1 -1 -10 310.000000 178.000000 396.000000 226.000000 1.715181 0.615321 1.730742 -6.604888 1.311465 17.822893 -2.539341 0.028281
Cyclist -1 -1 -10 168.000000 171.000000 210.000000 249.000000 1.835574 0.599787 1.722538 -10.176273 1.619777 16.908643 -3.093477 0.023205
Cyclist -1 -1 -10 297.000000 178.000000 472.000000 296.000000 1.742909 0.737255 1.830003 -3.084604 1.646620 9.951686 2.803839 0.021778
Cyclist -1 -1 -10 382.000000 172.000000 441.000000 225.000000 1.669851 0.507420 1.576006 -5.765593 1.545351 21.201242 -1.865093 0.019330
