Car -1 -1 -10 573.000000 175.000000 613.000000 211.000000 1.539564 1.653038 3.964351 -0.765393 1.108264 34.538512 -1.599743 0.999651
Car -1 -1 -10 333.000000 187.000000 459.000000 263.000000 1.456577 1.592937 3.774750 -4.543934 1.531338 15.757327 -1.552111 0.999250
Car -1 -1 -10 1.000000 199.000000 282.000000 376.000000 1.424981 1.651333 4.178787 -4.673657 1.602785 6.581991 -1.590489 0.992218
Car -1 -1 -10 404.000000 179.000000 482.000000 230.000000 1.526675 1.632510 3.875470 -5.371982 1.402389 23.886774 -1.583217 0.986800
Car -1 -1 -10 289.000000 180.000000 368.000000 229.000000 1.446590 1.589583 3.808769 -9.059864 1.366101 23.692981 -1.592216 0.962636
Car -1 -1 -10 41.000000 190.000000 255.000000 265.000000 1.544487 1.610979 3.952368 -8.395315 1.625771 13.905513 -1.577512 0.725141
Car -1 -1 -10 0.000000 177.000000 105.000000 246.000000 1.465185 1.577570 3.761271 -17.295721 1.109884 22.297886 -3.334803 0.478084
Car -1 -1 -10 395.000000 173.000000 441.000000 206.000000 1.561493 1.627947 3.858212 -8.751955 0.787131 33.762150 -1.377958 0.122155
Car -1 -1 -10 534.000000 166.000000 562.000000 193.000000 1.533977 1.618842 3.842485 -5.721163 1.003054 50.769335 -1.631073 0.042490
Car -1 -1 -10 0.000000 180.000000 150.000000 287.000000 1.430674 1.597484 3.998978 -12.173293 1.228607 13.577358 1.583192 0.023838
