Pedestrian -1 -1 -10 826.000000 175.000000 846.000000 231.000000 1.801154 0.623761 1.039523 10.415820 1.857495 32.978145 2.707283 0.030834
Car -1 -1 -10 787.000000 187.000000 1075.000000 340.000000 1.480793 1.647938 4.076903 3.492917 1.690863 8.771550 -1.580568 0.999367
Car -1 -1 -10 472.000000 182.000000 526.000000 220.000000 1.468536 1.548487 3.538585 -4.490353 1.841972 29.749290 1.637533 0.999283
Car -1 -1 -10 269.000000 191.000000 430.000000 281.000000 1.448600 1.617061 4.058145 -4.913780 1.854166 13.775444 1.574752 0.999078
Car -1 -1 -10 -3.000000 192.000000 335.000000 369.000000 1.527582 1.610717 3.704979 -4.783530 1.873365 8.383418 1.577392 0.998679
Car -1 -1 -10 737.000000 184.000000 871.000000 272.000000 1.508704 1.612569 3.695702 3.519453 1.748216 13.767157 -1.589680 0.996189
Car -1 -1 -10 500.000000 180.000000 544.000000 212.000000 1.518034 1.587670 3.821583 -4.296131 1.834496 34.394964 1.630376 0.980234
Car -1 -1 -10 714.000000 181.000000 798.000000 246.000000 1.489179 1.601713 3.705876 3.848819 1.795006 19.377485 -1.530363 0.969776
Car -1 -1 -10 691.000000 180.000000 755.000000 227.000000 1.535148 1.624899 3.906685 3.900868 1.844329 24.757867 -1.571143 0.961012
Car -1 -1 -10 988.000000 204.000000 1244.000000 377.000000 1.486229 1.649790 3.833377 3.635404 1.769770 3.383854 -1.549052 0.957883
Car -1 -1 -10 970.000000 176.000000 1073.000000 216.000000 1.519640 1.668747 4.021186 13.819553 1.435935 23.854711 -0.478476 0.271303
Car -1 -1 -10 1051.000000 175.000000 1184.000000 231.000000 1.618130 1.659985 3.996601 13.796550 1.420472 19.587365 -1.805047 0.081881
Car -1 -1 -10 1176.000000 173.000000 1241.000000 233.000000 1.664906 1.586315 3.529693 15.629613 1.417848 20.164581 -2.304717 0.045694
Cyclist -1 -1 -10 938.000000 178.000000 995.000000 224.000000 1.735366 0.643309 1.800456 11.223466 1.521150 22.913225 0.567392 0.305441
Cyclist -1 -1 -10 958.000000 178.000000 982.000000 227.000000 1.735459 0.543006 1.679233 11.080363 1.398424 21.576446 -1.082079 0.223809
Cyclist -1 -1 -10 905.000000 186.000000 1021.000000 231.000000 1.697185 0.823364 1.891331 11.503421 1.704329 22.893805 -0.095293 0.178870
Cyclist -1 -1 -10 989.000000 203.000000 1243.000000 364.000000 1.664869 0.595641 1.812252 2.998652 2.000873 3.965931 -1.553385 0.010033
