Car -1 -1 -10 747.000000 189.000000 973.000000 335.000000 1.461341 1.566683 3.542471 2.895470 1.710371 9.250673 -1.623101 0.999048
Car -1 -1 -10 176.000000 172.000000 382.000000 265.000000 1.541582 1.688668 3.893459 -6.739536 1.605151 13.767597 -3.233677 0.995555
Car -1 -1 -10 0.000000 163.000000 274.000000 330.000000 1.636040 1.670032 4.104241 -6.196639 1.659992 7.717673 0.451422 0.991125
Car -1 -1 -10 412.000000 173.000000 506.000000 208.000000 1.550023 1.705107 4.044786 -7.070385 1.541856 32.661413 -3.162949 0.967090
Car -1 -1 -10 793.000000 181.000000 987.000000 270.000000 1.475960 1.541133 3.725810 6.220377 1.716438 16.830478 3.453765 0.905898
Car -1 -1 -10 714.000000 170.000000 841.000000 223.000000 1.782978 1.655980 3.919112 5.994857 1.712058 27.070044 3.084590 0.870249
Car -1 -1 -10 292.000000 170.000000 464.000000 236.000000 1.434487 1.553058 4.068373 -5.168107 1.906945 17.938404 1.318283 0.581711
Car -1 -1 -10 766.000000 176.000000 917.000000 245.000000 1.477879 1.599530 3.877787 6.353408 1.755857 19.224506 0.114668 0.387076
Car -1 -1 -10 444.000000 172.000000 534.000000 203.000000 1.672474 1.722797 4.252963 -6.676882 1.472402 37.797413 -3.231414 0.300361
Car -1 -1 -10 366.000000 175.000000 480.000000 219.000000 1.511594 1.666808 4.001373 -6.746165 1.504399 24.241051 1.897259 0.214562
