Pedestrian -1 -1 -10 674.000000 163.000000 701.000000 235.000000 1.754187 0.650769 0.954889 2.128714 1.333325 17.950927 -1.450718 0.998036
Pedestrian -1 -1 -10 651.000000 165.000000 674.000000 236.000000 1.660576 0.598092 0.756570 1.515618 1.263369 17.782611 -1.576064 0.993049
Pedestrian -1 -1 -10 452.000000 164.000000 481.000000 241.000000 1.724427 0.625757 0.877236 -3.293887 1.289919 17.204238 1.377823 0.986024
Pedestrian -1 -1 -10 538.000000 170.000000 549.000000 205.000000 1.757506 0.591109 0.773253 -2.715022 1.114282 33.638711 -2.087833 0.246690
Pedestrian -1 -1 -10 560.000000 168.000000 573.000000 202.000000 1.692099 0.622675 0.867001 -1.757064 1.032354 38.402297 -0.084544 0.087587
Pedestrian -1 -1 -10 955.000000 188.000000 1015.000000 342.000000 1.741917 0.577453 0.574716 3.807975 1.684036 7.136016 1.003457 0.078689
Pedestrian -1 -1 -10 556.000000 169.000000 569.000000 199.000000 1.749272 0.623145 0.763447 -1.926219 1.218205 38.655060 -1.095256 0.034529
Pedestrian -1 -1 -10 847.000000 195.000000 1220.000000 369.000000 1.708036 0.654850 0.846443 2.142636 1.678270 3.615521 -1.465733 0.029309
Pedestrian -1 -1 -10 724.000000 164.000000 735.000000 203.000000 1.841852 0.666605 0.830950 5.789143 1.057722 32.514524 2.287941 0.027876
Pedestrian -1 -1 -10 1155.000000 223.000000 1235.000000 376.000000 1.686095 0.556100 0.607059 2.190235 1.592329 2.817910 1.305757 0.023547
Pedestrian -1 -1 -10 714.000000 162.000000 744.000000 204.000000 1.772950 0.639515 0.778869 5.280305 0.890799 30.143213 1.219772 0.014484
Car -1 -1 -10 566.000000 167.000000 603.000000 193.000000 1.557610 1.694135 4.047956 -0.884754 0.709120 57.460450 -1.487756 0.062264
Cyclist -1 -1 -10 609.000000 166.000000 633.000000 204.000000 1.716907 0.611951 1.786509 0.769833 1.059477 32.939813 1.922189 0.971825
Cyclist -1 -1 -10 560.000000 168.000000 580.000000 203.000000 1.710395 0.630157 1.787967 -1.678374 1.014770 38.292755 0.871637 0.457757
Cyclist -1 -1 -10 451.000000 166.000000 481.000000 241.000000 1.794170 0.595469 1.768007 -3.227685 1.355346 17.282865 1.452316 0.343660
Cyclist -1 -1 -10 674.000000 165.000000 702.000000 234.000000 1.797302 0.568979 1.784320 2.131381 1.334016 17.920067 -1.270605 0.317987
Cyclist -1 -1 -10 685.000000 165.000000 736.000000 211.000000 1.743341 0.568698 1.708462 5.494144 1.056291 34.322058 0.641994 0.059366
Cyclist -1 -1 -10 563.000000 167.000000 604.000000 193.000000 1.723281 0.438899 1.420808 -0.502835 1.454472 19.870176 -0.876548 0.056768
Cyclist -1 -1 -10 558.000000 168.000000 570.000000 201.000000 1.663093 0.603270 1.798870 -1.761343 1.096210 38.422534 0.973023 0.037751
Cyclist -1 -1 -10 707.000000 164.000000 737.000000 202.000000 1.731165 0.565252 1.571146 5.125423 0.827606 30.866336 2.331277 0.031349
Cyclist -1 -1 -10 682.000000 167.000000 709.000000 218.000000 1.755755 0.599344 1.564555 3.510826 1.547892 24.917114 2.777873 0.025060
Cyclist -1 -1 -10 459.000000 172.000000 498.000000 225.000000 1.688768 0.505165 1.620899 -3.703388 1.329266 22.191518 -1.186032 0.019990
Cyclist -1 -1 -10 712.000000 161.000000 767.000000 212.000000 1.708172 0.467732 1.663454 5.518974 1.012961 29.771653 -1.960654 0.018900
Cyclist -1 -1 -10 722.000000 164.000000 733.000000 203.000000 1.766196 0.560499 1.438750 5.480529 0.878505 32.306043 2.294841 0.018379
Cyclist -1 -1 -10 691.000000 167.000000 717.000000 204.000000 1.686276 0.540851 1.778441 5.034404 0.994744 35.132756 -2.264849 0.015370
Cyclist -1 -1 -10 535.000000 170.000000 550.000000 203.000000 1.722925 0.487224 1.705151 -2.798026 1.095261 33.843282 -1.687690 0.012394
