Car -1 -1 -10 729.000000 196.000000 941.000000 351.000000 1.488557 1.601330 3.710167 2.649910 1.819942 9.504941 -1.607539 0.998945
Car -1 -1 -10 243.000000 213.000000 446.000000 343.000000 1.466324 1.605987 3.926457 -3.703407 2.124704 10.530715 1.546405 0.998166
Car -1 -1 -10 855.000000 202.000000 1225.000000 371.000000 1.525770 1.576694 3.578312 2.980728 1.768605 4.737972 -1.607936 0.995074
Car -1 -1 -10 679.000000 198.000000 798.000000 276.000000 1.451949 1.620740 3.947638 2.621442 2.040355 15.320958 -1.611808 0.994105
Car -1 -1 -10 392.000000 209.000000 491.000000 286.000000 1.445792 1.580773 3.884909 -3.820834 2.282278 16.271263 1.591737 0.987585
Car -1 -1 -10 473.000000 203.000000 529.000000 246.000000 1.460449 1.604537 3.785580 -4.079426 2.598630 26.787668 -1.579162 0.972246
Car -1 -1 -10 667.000000 196.000000 741.000000 251.000000 1.463770 1.604185 3.863864 2.778675 2.146718 21.431890 -1.593814 0.969722
Car -1 -1 -10 441.000000 203.000000 500.000000 260.000000 1.482756 1.559325 3.683308 -4.220598 2.438021 22.035300 1.501418 0.864221
Car -1 -1 -10 659.000000 195.000000 711.000000 239.000000 1.472058 1.563453 3.632540 2.717772 2.309830 27.292470 -1.601806 0.384044
Cyclist -1 -1 -10 821.000000 191.000000 1238.000000 376.000000 1.735478 0.649103 1.770018 2.358619 1.780753 4.074400 -1.699291 0.035796
