Pedestrian -1 -1 -10 702.000000 165.000000 716.000000 209.000000 1.817386 0.594482 1.037287 4.339910 1.543566 32.165127 -1.805110 0.178446
Pedestrian -1 -1 -10 534.000000 172.000000 545.000000 211.000000 1.649382 0.596857 0.846139 -3.589999 1.728295 36.387912 1.478970 0.032766
Pedestrian -1 -1 -10 487.000000 169.000000 499.000000 216.000000 1.779128 0.465943 0.688715 -1.553444 1.293166 9.841919 -0.092740 0.021501
Pedestrian -1 -1 -10 484.000000 171.000000 507.000000 231.000000 1.714176 0.788287 0.534132 -3.445112 1.832372 21.887535 1.488947 0.015280
Car -1 -1 -10 145.000000 184.000000 373.000000 317.000000 1.549107 1.616013 3.866592 -5.001505 1.820609 10.813532 1.565776 0.999571
Car -1 -1 -10 752.000000 171.000000 1065.000000 373.000000 1.588042 1.592585 3.609537 2.624037 1.647214 7.263355 -1.580078 0.997046
Car -1 -1 -10 434.000000 184.000000 495.000000 228.000000 1.482552 1.662882 4.159286 -5.303437 1.912701 26.734533 1.468584 0.991235
Car -1 -1 -10 790.000000 177.000000 914.000000 261.000000 1.492562 1.580757 3.965003 5.886133 0.770592 16.659898 1.565566 0.436592
Car -1 -1 -10 763.000000 177.000000 966.000000 294.000000 1.483068 1.590480 3.644590 2.611818 1.480595 7.313382 -1.572438 0.100361
Car -1 -1 -10 862.000000 185.000000 1076.000000 307.000000 1.563095 1.573186 3.695006 2.844858 1.681014 8.104571 -1.714709 0.029344
Car -1 -1 -10 508.000000 178.000000 548.000000 207.000000 1.569113 1.652738 3.891793 -5.065996 2.366599 45.305166 -1.564106 0.028843
Car -1 -1 -10 428.000000 184.000000 475.000000 214.000000 1.532419 1.569694 3.698658 -5.845364 1.654546 29.578347 0.897995 0.010823
Cyclist -1 -1 -10 480.000000 172.000000 511.000000 238.000000 1.736938 0.584371 1.821000 -3.485594 1.911613 21.877731 1.612290 0.998671
Cyclist -1 -1 -10 507.000000 173.000000 534.000000 233.000000 1.752633 0.632864 1.800679 -2.827135 1.816153 22.466212 1.600975 0.996795
Cyclist -1 -1 -10 436.000000 183.000000 494.000000 229.000000 1.753173 0.779247 1.765224 -5.271574 2.142667 25.025023 2.449831 0.776733
Cyclist -1 -1 -10 509.000000 179.000000 544.000000 210.000000 1.702350 0.558239 1.625575 -3.743711 2.063365 36.459063 -1.649538 0.465045
Cyclist -1 -1 -10 465.000000 181.000000 505.000000 229.000000 1.705273 0.580242 1.804620 -3.640445 1.853176 22.024829 1.761054 0.109271
Cyclist -1 -1 -10 518.000000 179.000000 531.000000 214.000000 1.729959 0.629271 1.702324 -2.730425 1.760963 22.626971 2.404195 0.028627
Cyclist -1 -1 -10 534.000000 172.000000 545.000000 210.000000 1.765354 0.610898 1.828325 -3.539130 1.885932 36.409843 1.508578 0.016731
Cyclist -1 -1 -10 486.000000 170.000000 499.000000 217.000000 1.647594 0.578885 1.728337 -3.590619 1.647228 22.014202 1.538818 0.016595
