Pedestrian -1 -1 -10 0.000000 212.000000 107.000000 384.000000 1.711083 0.635468 0.883222 -4.961382 2.069920 6.216112 -3.299937 0.071867
Car -1 -1 -10 655.000000 183.000000 721.000000 229.000000 1.444089 1.598007 3.746498 2.608666 1.854201 24.965681 -1.693508 0.999047
Car -1 -1 -10 872.000000 178.000000 1129.000000 272.000000 1.478163 1.588906 3.722511 6.564118 1.600499 12.470350 -2.054252 0.996001
Car -1 -1 -10 283.000000 192.000000 456.000000 249.000000 1.477471 1.663217 4.100733 -6.735511 2.101384 20.647647 -3.128658 0.985746
Car -1 -1 -10 157.000000 199.000000 365.000000 280.000000 1.466862 1.608890 3.873154 -7.066946 1.879450 13.879070 -3.146810 0.965704
Car -1 -1 -10 369.000000 187.000000 483.000000 231.000000 1.469411 1.564793 3.867571 -6.965414 2.224391 27.642808 -3.071353 0.931656
Car -1 -1 -10 633.000000 182.000000 677.000000 215.000000 1.438324 1.561000 3.741405 2.091466 1.885841 34.310228 -1.622699 0.910908
Car -1 -1 -10 232.000000 194.000000 400.000000 265.000000 1.481032 1.581460 3.915660 -6.976530 2.036361 15.742183 -3.075863 0.586471
Car -1 -1 -10 426.000000 187.000000 524.000000 217.000000 1.551826 1.613114 3.957886 -5.940917 2.338231 38.724599 0.270700 0.450341
Car -1 -1 -10 69.000000 180.000000 343.000000 302.000000 1.454505 1.588183 3.769627 -6.789174 1.733733 13.448704 -3.139751 0.273337
Car -1 -1 -10 0.000000 210.000000 112.000000 375.000000 1.488556 1.608844 3.831263 -6.649451 1.911722 6.223172 -3.139714 0.213674
