Pedestrian -1 -1 -10 757.000000 158.000000 801.000000 272.000000 1.700779 0.643872 0.765131 2.581575 1.368966 10.688995 -1.852574 0.990625
Pedestrian -1 -1 -10 512.000000 157.000000 521.000000 185.000000 1.848024 0.685844 0.756486 -5.760161 0.176710 48.961528 -1.708711 0.070328
Pedestrian -1 -1 -10 499.000000 156.000000 508.000000 187.000000 1.877148 0.671584 0.843496 -6.445539 0.295886 47.128351 1.586287 0.067817
Pedestrian -1 -1 -10 471.000000 157.000000 482.000000 192.000000 1.757712 0.654172 0.632609 -7.028555 0.361413 40.638157 -1.254279 0.048773
Pedestrian -1 -1 -10 1098.000000 160.000000 1120.000000 220.000000 1.750079 0.555796 0.720798 10.678716 1.062982 15.205104 3.109690 0.032032
Pedestrian -1 -1 -10 821.000000 149.000000 838.000000 225.000000 1.699584 0.564839 0.725990 4.459733 1.679590 14.268943 -1.864062 0.025628
Pedestrian -1 -1 -10 748.000000 166.000000 780.000000 272.000000 1.674976 0.562816 0.779166 2.508963 1.453173 10.676770 3.296279 0.018245
Pedestrian -1 -1 -10 859.000000 142.000000 886.000000 245.000000 1.721869 0.522084 0.549201 4.399893 0.801269 11.770692 1.010441 0.016702
Pedestrian -1 -1 -10 782.000000 153.000000 795.000000 202.000000 1.742709 0.547297 0.554560 3.819090 1.686097 15.217771 3.214130 0.013212
Pedestrian -1 -1 -10 603.000000 155.000000 631.000000 220.000000 1.753465 0.689499 0.593375 0.460214 1.151691 16.872801 -1.142381 0.010946
Car -1 -1 -10 1109.000000 151.000000 1241.000000 233.000000 1.650131 1.613969 4.014044 11.985456 0.867678 13.925373 0.225923 0.223909
Car -1 -1 -10 1196.000000 193.000000 1237.000000 360.000000 1.549743 1.622800 3.898637 6.188811 1.441630 6.158910 -0.890376 0.017893
Car -1 -1 -10 1170.000000 168.000000 1238.000000 249.000000 1.463528 1.599672 3.968969 10.073723 0.976762 10.139809 1.594193 0.013217
Cyclist -1 -1 -10 365.000000 161.000000 420.000000 264.000000 1.721321 0.562232 1.784068 -3.801746 1.368648 13.151609 1.567615 0.999598
Cyclist -1 -1 -10 444.000000 161.000000 482.000000 245.000000 1.752680 0.569937 1.765246 -3.166110 1.333660 16.009624 1.601151 0.999381
Cyclist -1 -1 -10 389.000000 165.000000 415.000000 235.000000 1.637510 0.623588 1.620153 -3.786081 1.404882 13.522731 1.793923 0.012202
