Car -1 -1 -10 533.000000 184.000000 577.000000 214.000000 1.542394 1.688084 3.910193 -2.955673 2.179945 39.426332 1.623089 0.999134
Car -1 -1 -10 265.000000 194.000000 431.000000 297.000000 1.475914 1.601132 3.973954 -4.558580 1.927796 12.628145 1.572665 0.998841
Car -1 -1 -10 10.000000 202.000000 337.000000 376.000000 1.441151 1.590187 3.882913 -4.595373 1.918278 8.230508 1.578038 0.995735
Car -1 -1 -10 719.000000 187.000000 781.000000 236.000000 1.480157 1.624934 3.984887 4.567816 2.007971 23.511068 -1.502489 0.967262
Car -1 -1 -10 708.000000 183.000000 761.000000 224.000000 1.490116 1.608176 3.687522 4.925541 1.999613 29.039480 -1.579310 0.930062
Car -1 -1 -10 738.000000 175.000000 853.000000 261.000000 1.648753 1.691864 4.235129 4.241217 1.736188 17.019733 -1.517539 0.870531
Car -1 -1 -10 556.000000 183.000000 590.000000 209.000000 1.532055 1.561706 3.716525 -3.059392 2.413097 42.871340 1.598112 0.343073
Car -1 -1 -10 699.000000 183.000000 740.000000 217.000000 1.506602 1.586338 3.859154 5.125061 2.017073 34.268765 -1.480061 0.341940
Car -1 -1 -10 1.000000 180.000000 135.000000 375.000000 1.572936 1.616128 3.732825 -5.017375 1.706065 4.345170 1.431455 0.269163
Car -1 -1 -10 691.000000 182.000000 726.000000 209.000000 1.478237 1.345374 2.541313 5.341954 2.075601 41.055422 2.252269 0.153311
