Pedestrian -1 -1 -10 331.000000 160.000000 374.000000 272.000000 1.808612 0.705633 1.044345 -4.405538 1.448467 12.328851 1.306624 0.989236
Pedestrian -1 -1 -10 354.000000 161.000000 395.000000 264.000000 1.780771 0.701175 0.873490 -4.111153 1.463861 12.490961 1.245140 0.982870
Pedestrian -1 -1 -10 476.000000 168.000000 483.000000 194.000000 1.847739 0.600678 0.928638 -9.266760 1.017484 52.081001 -0.643889 0.227955
Pedestrian -1 -1 -10 352.000000 164.000000 377.000000 248.000000 1.719906 0.599706 0.641275 -4.190308 2.062303 12.551553 -2.450652 0.022710
Pedestrian -1 -1 -10 336.000000 164.000000 360.000000 204.000000 1.706996 0.563368 0.671653 -5.123466 1.028253 13.725531 -1.289583 0.015410
Pedestrian -1 -1 -10 349.000000 167.000000 382.000000 205.000000 1.739252 0.602730 0.614964 -8.250223 1.269175 24.148367 -2.434425 0.015161
Pedestrian -1 -1 -10 332.000000 164.000000 352.000000 226.000000 1.770685 0.574884 0.677650 -12.418938 1.228614 32.866463 1.198686 0.011828
Car -1 -1 -10 529.000000 160.000000 574.000000 210.000000 1.743862 1.614239 3.829540 -2.423899 1.094171 30.511688 -1.748181 0.882304
Cyclist -1 -1 -10 329.000000 161.000000 374.000000 271.000000 1.804797 0.569444 1.742897 -4.368462 1.455929 12.418768 -1.451820 0.014642
Cyclist -1 -1 -10 354.000000 162.000000 396.000000 264.000000 1.828371 0.575459 1.772206 -4.114372 1.512318 12.527471 1.816226 0.013277
