Pedestrian -1 -1 -10 539.000000 171.000000 550.000000 204.000000 1.711872 0.579056 0.825389 -3.604564 1.677676 39.482519 1.082521 0.389467
Pedestrian -1 -1 -10 697.000000 161.000000 711.000000 205.000000 1.833741 0.680910 0.878742 4.372856 1.341705 33.640358 -1.504600 0.107926
Pedestrian -1 -1 -10 523.000000 171.000000 542.000000 221.000000 1.690705 0.661977 0.684644 -2.773029 1.683044 25.518649 1.537301 0.018050
Car -1 -1 -10 721.000000 168.000000 942.000000 325.000000 1.534580 1.591001 3.638588 2.617993 1.550617 9.231827 -1.572666 0.999206
Car -1 -1 -10 226.000000 184.000000 403.000000 292.000000 1.541597 1.619370 3.914480 -5.024257 1.791660 12.721715 1.568999 0.998994
Car -1 -1 -10 446.000000 182.000000 506.000000 222.000000 1.492855 1.622911 3.775093 -5.200163 1.897385 28.523487 1.575917 0.994258
Car -1 -1 -10 744.000000 173.000000 839.000000 234.000000 1.596783 1.587609 3.584030 6.849015 1.505963 27.100261 -1.254086 0.022409
Cyclist -1 -1 -10 522.000000 170.000000 542.000000 225.000000 1.722735 0.594649 1.811508 -2.819885 1.678493 25.514955 1.614126 0.999480
Cyclist -1 -1 -10 498.000000 173.000000 522.000000 228.000000 1.718075 0.578030 1.825035 -3.502729 1.824665 24.993708 1.661989 0.996474
Cyclist -1 -1 -10 538.000000 171.000000 551.000000 204.000000 1.717603 0.529132 1.726168 -3.599822 1.680571 39.640273 -1.544622 0.480327
Cyclist -1 -1 -10 444.000000 181.000000 506.000000 224.000000 1.713046 0.754818 1.766897 -5.300063 2.048659 27.166319 2.383968 0.336770
Cyclist -1 -1 -10 486.000000 180.000000 516.000000 216.000000 1.689910 0.520043 1.641922 -4.572300 2.229246 27.416877 -1.612110 0.037135
Cyclist -1 -1 -10 514.000000 176.000000 523.000000 202.000000 1.707231 0.538192 1.575226 -5.767833 2.218728 46.482423 -1.688692 0.010813
