Car -1 -1 -10 578.000000 179.000000 612.000000 209.000000 1.519003 1.619956 3.755978 -0.756829 1.314355 40.014578 -1.611186 0.999534
Car -1 -1 -10 450.000000 184.000000 509.000000 227.000000 1.456197 1.587073 3.688171 -4.539696 1.436418 26.047445 -1.573447 0.997769
Car -1 -1 -10 308.000000 192.000000 461.000000 271.000000 1.469616 1.628291 4.024942 -4.218528 1.563374 14.671660 -1.568033 0.997306
Car -1 -1 -10 108.000000 177.000000 292.000000 268.000000 1.608755 1.665988 3.995553 -8.495559 1.651991 15.868253 -1.587041 0.927562
Car -1 -1 -10 306.000000 189.000000 379.000000 228.000000 1.471723 1.634908 3.914568 -8.367216 1.547390 23.906963 -1.462741 0.714957
Car -1 -1 -10 85.000000 188.000000 202.000000 245.000000 1.439719 1.600011 3.797801 -12.938625 1.630666 21.085215 -1.591275 0.608867
Car -1 -1 -10 484.000000 183.000000 524.000000 214.000000 1.520706 1.613752 3.885655 -5.074579 1.410938 36.149087 -1.574899 0.485486
Car -1 -1 -10 397.000000 181.000000 447.000000 213.000000 1.526591 1.607668 3.849415 -8.775504 1.192498 34.420861 -1.623546 0.279317
Car -1 -1 -10 507.000000 182.000000 543.000000 207.000000 1.551345 1.644713 4.000567 -5.146270 1.227497 45.146942 -3.142974 0.268452
Car -1 -1 -10 0.000000 200.000000 141.000000 300.000000 1.502585 1.636928 3.887811 -14.057123 1.078254 20.441310 0.435727 0.061968
