Car -1 -1 -10 459.000000 179.000000 516.000000 221.000000 1.493818 1.536072 3.558610 -4.618933 1.793465 27.642343 1.648692 0.999539
Car -1 -1 -10 828.000000 190.000000 1240.000000 375.000000 1.469797 1.612180 4.030452 3.459114 1.677260 6.682988 -1.565870 0.999085
Car -1 -1 -10 193.000000 192.000000 400.000000 301.000000 1.458041 1.630201 4.009641 -4.936990 1.775503 11.819269 1.557026 0.998950
Car -1 -1 -10 750.000000 182.000000 931.000000 293.000000 1.489215 1.615225 3.795207 3.460430 1.662772 11.838975 -1.588328 0.995668
Car -1 -1 -10 490.000000 178.000000 537.000000 213.000000 1.517413 1.592599 3.849332 -4.392564 1.779488 32.274614 1.636330 0.993247
Car -1 -1 -10 -3.000000 194.000000 269.000000 378.000000 1.480230 1.628550 3.954038 -4.840250 1.824817 6.475375 1.582109 0.992583
Car -1 -1 -10 695.000000 178.000000 766.000000 230.000000 1.468537 1.604492 3.964888 3.817732 1.702336 22.927275 -1.588678 0.991373
Car -1 -1 -10 721.000000 179.000000 824.000000 252.000000 1.474122 1.613584 3.779017 3.769706 1.689464 17.359057 -1.548671 0.984371
Car -1 -1 -10 1020.000000 174.000000 1218.000000 237.000000 1.579387 1.695563 4.060760 13.310354 1.435624 19.031786 -1.568421 0.279242
Car -1 -1 -10 981.000000 174.000000 1092.000000 215.000000 1.566549 1.649860 3.907942 12.309748 1.267159 21.850487 -0.154415 0.136753
