Pedestrian -1 -1 -10 607.000000 182.000000 615.000000 215.000000 1.724014 0.649022 0.591994 -0.092815 2.438937 47.337580 -2.010530 0.024608
Car -1 -1 -10 687.000000 193.000000 880.000000 319.000000 1.532772 1.569223 3.548613 2.335225 1.855483 10.832230 -1.769017 0.999453
Car -1 -1 -10 575.000000 192.000000 641.000000 237.000000 1.485375 1.589925 3.545592 -0.120407 2.175144 25.509424 -1.789000 0.998694
Car -1 -1 -10 633.000000 187.000000 704.000000 216.000000 1.544941 1.629931 3.837809 3.142665 2.210207 37.321071 -0.762080 0.955763
Car -1 -1 -10 522.000000 186.000000 588.000000 215.000000 1.514309 1.553311 3.795315 -3.029030 2.400953 40.754601 2.426471 0.927279
Car -1 -1 -10 681.000000 185.000000 772.000000 213.000000 1.509787 1.644993 3.964703 6.505628 2.173017 40.514226 -0.769139 0.424980
Car -1 -1 -10 736.000000 184.000000 827.000000 216.000000 1.463004 1.595879 4.182228 10.312160 2.218867 43.894495 2.409527 0.188417
Car -1 -1 -10 611.000000 187.000000 676.000000 214.000000 1.464769 1.506167 3.149373 0.999624 2.053522 23.972399 1.062668 0.073037
Car -1 -1 -10 743.000000 188.000000 836.000000 240.000000 1.473499 1.569638 3.617972 9.821780 2.375111 43.551512 -0.693439 0.013110
Cyclist -1 -1 -10 290.000000 186.000000 383.000000 339.000000 1.718903 0.640391 1.804506 -3.346716 1.896277 8.989782 1.456430 0.999635
Cyclist -1 -1 -10 746.000000 183.000000 840.000000 231.000000 1.749924 0.651507 1.728866 10.016260 2.596787 42.626393 2.399494 0.116572
