Pedestrian -1 -1 -10 1021.000000 135.000000 1149.000000 368.000000 1.685659 0.545523 0.789513 3.140354 1.404131 4.660521 1.082245 0.997366
Pedestrian -1 -1 -10 832.000000 146.000000 892.000000 292.000000 1.776327 0.599621 0.839848 3.206993 1.295567 8.717679 1.377504 0.995897
Pedestrian -1 -1 -10 515.000000 149.000000 538.000000 215.000000 1.674986 0.532977 0.544856 -1.965939 0.945876 17.408735 1.079672 0.993782
Pedestrian -1 -1 -10 490.000000 149.000000 512.000000 216.000000 1.630788 0.488595 0.664110 -2.551996 0.853511 16.991612 0.914835 0.986958
Pedestrian -1 -1 -10 650.000000 141.000000 671.000000 204.000000 1.860607 0.651335 0.645944 1.499065 0.637962 20.782452 -2.042665 0.862418
Pedestrian -1 -1 -10 489.000000 140.000000 505.000000 192.000000 1.746056 0.643174 0.650573 -5.020970 0.014726 32.143359 -1.617333 0.629430
Pedestrian -1 -1 -10 436.000000 143.000000 468.000000 213.000000 1.822835 0.732840 0.869587 -3.757358 0.821830 17.409557 1.250135 0.520194
Pedestrian -1 -1 -10 644.000000 145.000000 661.000000 196.000000 1.799623 0.696715 0.755801 1.717022 0.530228 25.086029 -1.554198 0.363996
Pedestrian -1 -1 -10 621.000000 146.000000 637.000000 188.000000 1.756326 0.672202 0.722963 0.810277 0.440049 25.429845 -1.575866 0.267587
Pedestrian -1 -1 -10 246.000000 136.000000 283.000000 219.000000 1.735016 0.496820 0.585112 -5.935026 1.116955 12.087632 2.155555 0.212079
Pedestrian -1 -1 -10 272.000000 135.000000 324.000000 248.000000 1.793407 0.696216 0.996028 -5.026548 1.081220 11.610915 -1.478504 0.186340
Pedestrian -1 -1 -10 428.000000 140.000000 452.000000 212.000000 1.766407 0.612332 0.783961 -4.345856 0.777318 18.624193 0.120808 0.081490
Pedestrian -1 -1 -10 416.000000 142.000000 441.000000 206.000000 1.831809 0.601918 0.832817 -4.645266 0.679123 18.792614 0.780178 0.050016
Pedestrian -1 -1 -10 495.000000 143.000000 512.000000 189.000000 1.759618 0.490150 0.683446 -0.987677 0.948631 7.252292 -0.063034 0.044191
Pedestrian -1 -1 -10 551.000000 144.000000 565.000000 184.000000 1.719906 0.599706 0.641275 -2.227549 1.059716 32.827263 -2.189351 0.034723
Pedestrian -1 -1 -10 410.000000 143.000000 461.000000 218.000000 1.808331 0.618731 0.904313 -4.506835 0.750789 18.497185 0.152601 0.028668
Cyclist -1 -1 -10 268.000000 139.000000 330.000000 245.000000 1.810683 0.499483 1.674952 -5.192311 1.124481 11.845880 -1.422616 0.890014
Cyclist -1 -1 -10 428.000000 143.000000 469.000000 220.000000 1.772131 0.537995 1.666186 -3.903429 0.753929 17.842459 -2.201321 0.762459
Cyclist -1 -1 -10 377.000000 143.000000 471.000000 222.000000 1.743973 0.686780 1.700985 -4.633031 0.835856 18.135606 2.847993 0.528729
Cyclist -1 -1 -10 489.000000 144.000000 511.000000 196.000000 1.712978 0.531420 1.608745 -4.111492 1.304457 25.808767 -1.715820 0.527571
Cyclist -1 -1 -10 409.000000 141.000000 455.000000 216.000000 1.696986 0.502124 1.717572 -4.612096 0.658684 18.573068 -1.492058 0.463695
Cyclist -1 -1 -10 290.000000 148.000000 346.000000 224.000000 1.669866 0.608097 1.715150 -6.366643 1.284459 15.987970 -0.383613 0.334751
Cyclist -1 -1 -10 305.000000 150.000000 367.000000 207.000000 1.716339 0.424609 1.420931 -6.248868 1.170004 16.636304 -1.218580 0.331737
Cyclist -1 -1 -10 329.000000 146.000000 365.000000 197.000000 1.686598 0.574053 1.674234 -11.005022 0.262952 30.253530 -1.907552 0.211979
Cyclist -1 -1 -10 343.000000 146.000000 382.000000 199.000000 1.763544 0.624627 1.701646 -7.398414 0.819223 21.850526 -1.313394 0.192665
Cyclist -1 -1 -10 389.000000 146.000000 437.000000 204.000000 1.747219 0.632895 1.776593 -5.632327 0.625513 21.015956 1.887044 0.186486
Cyclist -1 -1 -10 651.000000 141.000000 671.000000 204.000000 1.797170 0.612294 1.722022 1.331039 0.600880 20.966076 1.551918 0.163003
Cyclist -1 -1 -10 423.000000 142.000000 448.000000 204.000000 1.739507 0.550156 1.703284 -4.548997 0.660546 19.018231 -1.850175 0.151737
Cyclist -1 -1 -10 242.000000 137.000000 307.000000 232.000000 1.657753 0.574443 1.707336 -5.563567 0.949734 11.941968 0.549095 0.129107
Cyclist -1 -1 -10 358.000000 148.000000 423.000000 206.000000 1.731867 0.490967 1.597287 -6.951328 0.493347 22.546951 1.934265 0.115554
Cyclist -1 -1 -10 515.000000 149.000000 538.000000 212.000000 1.675941 0.457521 1.600037 -2.038267 0.913016 17.568123 1.330343 0.100130
Cyclist -1 -1 -10 246.000000 137.000000 281.000000 210.000000 1.734542 0.611515 1.707461 -6.623597 0.944837 13.658039 -1.439379 0.076914
