Car -1 -1 -10 571.000000 179.000000 606.000000 210.000000 1.528148 1.614075 3.761832 -1.120408 1.221680 40.072309 -1.593939 0.999631
Car -1 -1 -10 272.000000 185.000000 365.000000 237.000000 1.449561 1.581876 3.698294 -8.876922 1.536690 22.347023 -1.592611 0.998882
Car -1 -1 -10 371.000000 189.000000 472.000000 244.000000 1.416609 1.631660 4.015228 -5.015011 1.509614 19.880461 -1.599369 0.998769
Car -1 -1 -10 4.000000 207.000000 317.000000 371.000000 1.500121 1.617584 3.848876 -3.401619 1.654179 4.581355 -1.603607 0.985266
Car -1 -1 -10 124.000000 184.000000 302.000000 271.000000 1.499543 1.599570 3.762026 -7.902400 1.557797 14.898856 -1.598503 0.979583
Car -1 -1 -10 388.000000 183.000000 439.000000 210.000000 1.538617 1.628704 3.622891 -8.681713 1.162059 31.866525 -1.669180 0.134026
Car -1 -1 -10 359.000000 179.000000 404.000000 207.000000 1.578344 1.641049 3.885468 -13.579156 1.645447 42.533805 -1.541662 0.068803
Car -1 -1 -10 424.000000 183.000000 471.000000 212.000000 1.481445 1.592007 3.693278 -12.208581 2.310883 59.210443 -1.156120 0.061633
Car -1 -1 -10 280.000000 182.000000 348.000000 216.000000 1.465828 1.522350 3.334386 -15.207039 1.052950 35.520636 1.643696 0.051116
Car -1 -1 -10 382.000000 183.000000 457.000000 224.000000 1.539683 1.630304 3.643872 -8.684279 1.188090 31.868211 -1.671634 0.023460
Car -1 -1 -10 8.000000 201.000000 250.000000 294.000000 1.577533 1.609110 3.698495 -12.745364 1.742358 18.558627 -3.126448 0.017895
Car -1 -1 -10 1.000000 61.000000 232.000000 366.000000 1.674054 1.623328 3.861804 -3.763193 1.244881 3.529995 1.583024 0.013199
Car -1 -1 -10 507.000000 182.000000 544.000000 208.000000 1.450929 1.596452 3.752688 -5.014272 1.372084 44.675035 -1.603083 0.010511
Cyclist -1 -1 -10 -4.000000 0.000000 190.000000 242.000000 1.705821 0.879877 1.841447 -12.382751 1.760906 17.382854 -3.731723 0.093695
Cyclist -1 -1 -10 1.000000 204.000000 308.000000 370.000000 1.733865 0.598054 1.784040 -2.836200 1.637607 4.248935 -1.489028 0.017655
