Pedestrian -1 -1 -10 543.000000 167.000000 553.000000 201.000000 1.794502 0.640604 0.859977 -3.768816 1.584801 42.414253 1.914527 0.575952
Pedestrian -1 -1 -10 694.000000 163.000000 706.000000 201.000000 1.758512 0.605240 0.749212 4.315651 1.281501 35.159268 -1.822347 0.359285
Pedestrian -1 -1 -10 532.000000 169.000000 547.000000 214.000000 1.671816 0.660166 0.571549 -2.876241 1.607432 28.606260 1.527997 0.261436
Pedestrian -1 -1 -10 539.000000 170.000000 550.000000 204.000000 1.695766 0.496063 0.553673 -3.789389 1.348583 42.530027 2.412835 0.024653
Pedestrian -1 -1 -10 500.000000 168.000000 508.000000 204.000000 1.719905 0.599705 0.641276 -4.751922 1.766109 30.960636 -2.269357 0.011359
Car -1 -1 -10 708.000000 169.000000 871.000000 293.000000 1.548989 1.599602 3.654868 2.594603 1.572280 11.100662 -1.567911 0.999726
Car -1 -1 -10 281.000000 181.000000 427.000000 273.000000 1.545710 1.629561 3.892999 -5.060472 1.766084 14.576396 1.576602 0.999231
Car -1 -1 -10 454.000000 180.000000 509.000000 218.000000 1.571910 1.639902 3.928654 -5.360176 1.853350 30.555442 1.551080 0.997111
Car -1 -1 -10 447.000000 180.000000 492.000000 207.000000 1.430354 1.591620 3.443548 -4.429554 1.502054 21.871482 0.493946 0.019316
Car -1 -1 -10 476.000000 171.000000 511.000000 207.000000 1.559540 1.577012 3.845287 -6.005830 1.601637 32.370546 -2.928418 0.011566
Cyclist -1 -1 -10 531.000000 167.000000 548.000000 218.000000 1.747014 0.604198 1.791165 -2.797959 1.651816 28.518077 1.565944 0.998277
Cyclist -1 -1 -10 511.000000 171.000000 532.000000 220.000000 1.725926 0.559805 1.834277 -3.503671 1.767435 28.118943 1.623553 0.998022
Cyclist -1 -1 -10 540.000000 167.000000 554.000000 201.000000 1.714077 0.506583 1.627189 -3.750338 1.224740 42.814483 -1.763097 0.134179
Cyclist -1 -1 -10 515.000000 174.000000 544.000000 205.000000 1.733297 0.558373 1.730672 -3.221137 1.397119 28.286101 -0.598525 0.052382
Cyclist -1 -1 -10 512.000000 173.000000 526.000000 206.000000 1.637631 0.597027 1.670979 -3.577553 1.539204 28.085637 1.802414 0.019554
