Car -1 -1 -10 397.000000 194.000000 521.000000 262.000000 1.396530 1.596618 3.808611 -3.669787 1.866621 16.418269 -2.136106 0.999444
Car -1 -1 -10 288.000000 187.000000 347.000000 225.000000 1.466183 1.582157 3.723855 -12.113845 1.997537 29.186797 -2.128054 0.998712
Car -1 -1 -10 72.000000 188.000000 123.000000 221.000000 1.545859 1.649243 3.882100 -27.156804 2.528186 38.278793 0.998915 0.998568
Car -1 -1 -10 901.000000 170.000000 1032.000000 236.000000 1.447627 1.624131 3.914139 7.856338 1.341767 16.173041 1.749207 0.996909
Car -1 -1 -10 271.000000 186.000000 324.000000 220.000000 1.550138 1.601887 3.755367 -14.744407 1.927132 33.879643 -2.150111 0.954742
Car -1 -1 -10 786.000000 170.000000 888.000000 230.000000 1.527332 1.614602 3.663491 5.765123 1.396510 17.903626 1.815275 0.872494
Car -1 -1 -10 462.000000 172.000000 560.000000 212.000000 1.503561 1.646894 4.029630 -4.581977 1.545722 32.744150 -3.060500 0.819692
Car -1 -1 -10 534.000000 156.000000 834.000000 332.000000 1.974545 1.733763 4.349771 0.582907 1.816997 10.020918 -2.143086 0.275970
Car -1 -1 -10 414.000000 178.000000 496.000000 212.000000 1.575577 1.648507 4.180429 -8.321056 1.815766 37.896552 -3.017837 0.260026
Car -1 -1 -10 982.000000 161.000000 1188.000000 229.000000 1.535602 1.588694 4.119833 11.973904 1.516496 17.265766 1.555799 0.170310
Car -1 -1 -10 854.000000 170.000000 935.000000 219.000000 1.520853 1.606552 3.897518 10.842835 1.298032 27.510461 0.951490 0.089446
Car -1 -1 -10 -1.000000 191.000000 42.000000 303.000000 1.484494 1.590674 3.777422 -11.304233 2.029926 12.732107 0.927728 0.022166
Car -1 -1 -10 685.000000 169.000000 874.000000 239.000000 1.472041 1.548405 3.810491 5.330246 1.538573 17.479477 -2.842051 0.013017
