Car -1 -1 -10 254.000000 181.000000 431.000000 297.000000 1.574767 1.627873 4.000885 -4.490392 1.822281 12.230560 1.572570 0.998500
Car -1 -1 -10 438.000000 183.000000 516.000000 238.000000 1.453232 1.580428 3.828381 -4.049386 1.847291 21.739885 1.624427 0.998432
Car -1 -1 -10 1.000000 184.000000 321.000000 375.000000 1.557650 1.624387 3.903450 -4.583591 1.803139 7.265159 1.576169 0.997560
Car -1 -1 -10 381.000000 188.000000 477.000000 259.000000 1.447196 1.560466 3.802812 -4.337871 1.861218 17.200677 1.626699 0.995797
Car -1 -1 -10 710.000000 171.000000 779.000000 225.000000 1.747332 1.718023 4.186176 4.726394 1.711218 25.866761 -1.563003 0.995686
Car -1 -1 -10 85.000000 173.000000 227.000000 232.000000 1.554372 1.639994 3.874441 -13.540778 1.662393 22.044752 1.986848 0.931187
Car -1 -1 -10 701.000000 175.000000 739.000000 208.000000 1.504663 1.582160 3.758350 5.838621 1.647149 38.237651 -1.508396 0.428148
Car -1 -1 -10 696.000000 174.000000 724.000000 200.000000 1.519983 1.498893 3.225141 6.114165 1.831770 43.956223 -1.444597 0.218041
Cyclist -1 -1 -10 83.000000 171.000000 225.000000 236.000000 1.617328 0.544132 1.643405 -12.992960 2.084670 20.437859 -1.432682 0.092851
Cyclist -1 -1 -10 88.000000 179.000000 126.000000 251.000000 1.647570 0.519982 1.615310 -13.219309 2.236693 18.643376 -2.121891 0.019012
