Pedestrian -1 -1 -10 667.000000 168.000000 675.000000 195.000000 1.827845 0.673110 0.758916 4.227295 1.708781 50.594033 1.186011 0.565001
Car -1 -1 -10 403.000000 180.000000 483.000000 234.000000 1.500833 1.542007 3.600735 -4.975142 1.724441 21.609014 1.635387 0.999413
Car -1 -1 -10 715.000000 179.000000 835.000000 251.000000 1.486775 1.651864 4.078200 3.625160 1.649167 17.051453 -1.601104 0.997162
Car -1 -1 -10 762.000000 181.000000 950.000000 303.000000 1.507068 1.615473 3.777566 3.565614 1.694419 11.367357 -1.565096 0.994696
Car -1 -1 -10 451.000000 178.000000 513.000000 221.000000 1.467882 1.578543 3.778973 -4.764486 1.637234 26.252123 1.638057 0.993422
Car -1 -1 -10 852.000000 192.000000 1238.000000 374.000000 1.492310 1.608333 3.909969 3.412828 1.668074 5.971061 -1.589630 0.989569
Car -1 -1 -10 704.000000 177.000000 771.000000 226.000000 1.522023 1.565956 3.670507 3.852715 1.714728 22.503249 -1.570248 0.981936
Car -1 -1 -10 3.000000 196.000000 230.000000 374.000000 1.429262 1.627269 3.960863 -4.942283 1.781129 5.972934 1.555454 0.929819
Car -1 -1 -10 1076.000000 175.000000 1200.000000 218.000000 1.450086 1.600949 3.807463 17.037704 1.488389 21.356967 -0.212898 0.076243
Car -1 -1 -10 1181.000000 170.000000 1240.000000 211.000000 1.527815 1.626427 3.906224 17.878973 0.729696 18.979049 -0.234352 0.033555
