Pedestrian -1 -1 -10 256.000000 158.000000 301.000000 291.000000 1.772782 0.751753 0.747882 -4.601420 1.559531 9.884027 -1.562005 0.973693
Pedestrian -1 -1 -10 309.000000 165.000000 342.000000 293.000000 1.750738 0.508180 0.802406 -5.216825 1.438198 12.928947 0.070717 0.791759
Pedestrian -1 -1 -10 269.000000 166.000000 367.000000 293.000000 1.736268 0.631924 0.795110 -5.218454 1.432610 12.907883 0.052571 0.132875
Pedestrian -1 -1 -10 320.000000 173.000000 359.000000 283.000000 1.777626 0.558852 0.664664 -4.984341 1.376420 12.924627 0.242542 0.043988
Pedestrian -1 -1 -10 293.000000 177.000000 465.000000 290.000000 1.742969 0.763285 0.676871 -2.669379 1.667710 9.045889 -1.511654 0.037859
Pedestrian -1 -1 -10 289.000000 167.000000 326.000000 294.000000 1.720883 0.678496 0.740787 -4.452888 1.481472 9.938826 -2.479076 0.034187
Car -1 -1 -10 662.000000 174.000000 740.000000 232.000000 1.479960 1.603567 3.923669 2.409274 1.478703 19.897989 -1.610387 0.999210
Car -1 -1 -10 11.000000 187.000000 442.000000 374.000000 1.527962 1.622904 3.956667 -2.840957 1.701682 6.171965 -1.537822 0.997000
Car -1 -1 -10 523.000000 173.000000 563.000000 211.000000 1.565515 1.645796 4.012880 -3.136548 1.636518 33.763393 -1.660477 0.995570
Car -1 -1 -10 291.000000 182.000000 460.000000 283.000000 1.527904 1.624321 3.833663 -3.662856 1.680528 10.776148 -1.672094 0.977056
Car -1 -1 -10 640.000000 173.000000 689.000000 210.000000 1.551966 1.617989 3.880955 2.311139 1.578348 32.479213 -1.677214 0.950230
Car -1 -1 -10 804.000000 178.000000 1252.000000 375.000000 1.528941 1.612413 3.865177 2.419838 1.648252 4.153947 -1.599828 0.942688
Car -1 -1 -10 633.000000 173.000000 670.000000 204.000000 1.558498 1.586743 3.770843 2.049362 1.655429 38.381267 -1.602262 0.209692
Car -1 -1 -10 547.000000 176.000000 570.000000 201.000000 1.554330 1.686583 3.904150 -3.454736 1.681126 47.045890 -1.641967 0.063726
Car -1 -1 -10 0.000000 194.000000 216.000000 373.000000 1.522125 1.635763 3.885630 -2.880145 1.491185 1.341143 -1.538522 0.043319
Car -1 -1 -10 323.000000 175.000000 363.000000 287.000000 1.464902 1.481583 3.054719 -3.196038 1.461798 8.558994 0.600196 0.010540
Cyclist -1 -1 -10 300.000000 177.000000 440.000000 291.000000 1.712978 0.531420 1.608745 -4.706544 1.135727 12.255406 -1.889857 0.215224
Cyclist -1 -1 -10 296.000000 168.000000 359.000000 288.000000 1.644546 0.625207 1.786041 -5.066952 1.300555 12.842442 0.704972 0.073683
Cyclist -1 -1 -10 218.000000 166.000000 365.000000 295.000000 1.662863 0.651086 1.681593 -5.373042 1.188666 12.769876 0.040180 0.055889
Cyclist -1 -1 -10 312.000000 167.000000 341.000000 295.000000 1.683660 0.582631 1.767570 -5.043131 1.295023 12.822873 -2.399420 0.035164
