Pedestrian -1 -1 -10 734.000000 178.000000 816.000000 242.000000 1.814019 0.725877 0.785781 3.949473 1.857369 18.484702 0.150179 0.018777
Car -1 -1 -10 828.000000 189.000000 1128.000000 364.000000 1.515890 1.639179 4.041895 4.026413 1.868094 8.671770 1.591761 0.999412
Car -1 -1 -10 757.000000 185.000000 889.000000 269.000000 1.460910 1.602350 4.004305 4.024676 1.794385 14.704630 -1.485579 0.995980
Car -1 -1 -10 544.000000 168.000000 591.000000 204.000000 1.546419 1.653450 3.841897 -1.965416 1.348194 32.547418 1.601643 0.995638
Car -1 -1 -10 732.000000 179.000000 815.000000 239.000000 1.495614 1.570394 3.608022 4.305292 1.710305 20.058128 -1.548139 0.982002
Car -1 -1 -10 711.000000 175.000000 766.000000 222.000000 1.558347 1.602647 3.691434 4.483919 1.668126 26.747714 -1.567182 0.967476
Car -1 -1 -10 691.000000 174.000000 739.000000 211.000000 1.487276 1.571569 3.657947 4.425514 1.544651 31.212201 -1.559017 0.897087
Car -1 -1 -10 467.000000 169.000000 547.000000 249.000000 1.524650 1.611809 3.882536 -2.516726 1.433032 16.344806 1.623423 0.696162
Car -1 -1 -10 1135.000000 229.000000 1241.000000 370.000000 1.506083 1.605320 3.845626 3.585422 1.692786 2.065867 -1.574342 0.378313
Car -1 -1 -10 683.000000 174.000000 719.000000 204.000000 1.528038 1.608663 3.939024 4.593417 1.552143 37.085510 -1.538937 0.310700
Car -1 -1 -10 339.000000 143.000000 527.000000 305.000000 1.865804 1.724424 4.312981 -2.466288 1.569593 11.122068 -1.557966 0.270332
