Car -1 -1 -10 238.000000 186.000000 446.000000 312.000000 1.510339 1.615230 3.869770 -3.762760 1.577314 10.677283 -1.566294 0.999674
Car -1 -1 -10 699.000000 189.000000 807.000000 265.000000 1.415727 1.579115 3.626937 2.927561 1.494753 15.328898 -1.590926 0.999537
Car -1 -1 -10 650.000000 182.000000 703.000000 221.000000 1.482975 1.628057 4.000732 2.768914 1.417907 30.044155 -1.578139 0.999250
Car -1 -1 -10 434.000000 182.000000 514.000000 240.000000 1.552021 1.608668 3.648325 -3.832667 1.502730 20.881492 -1.554636 0.998883
Car -1 -1 -10 3.000000 176.000000 188.000000 310.000000 1.576846 1.651755 3.917210 -8.147203 1.599807 10.344380 -1.615849 0.974715
Car -1 -1 -10 480.000000 184.000000 534.000000 223.000000 1.569589 1.669878 4.056457 -4.058067 1.456374 29.269407 -1.562029 0.936026
Car -1 -1 -10 384.000000 183.000000 441.000000 220.000000 1.448014 1.589725 3.813969 -8.348485 1.409386 30.715316 -1.548320 0.608622
Car -1 -1 -10 -2.000000 142.000000 110.000000 249.000000 1.479974 1.563278 3.792599 -13.005895 0.637109 16.517217 0.412759 0.360932
Car -1 -1 -10 502.000000 182.000000 539.000000 212.000000 1.625116 1.578455 3.810988 -4.574497 1.743833 39.267310 1.941327 0.111112
Car -1 -1 -10 432.000000 182.000000 478.000000 217.000000 1.506209 1.616816 3.782281 -8.282445 1.375182 40.138523 -1.788071 0.070321
Car -1 -1 -10 273.000000 187.000000 359.000000 219.000000 1.464710 1.576683 3.450016 -8.601357 1.686320 20.768405 2.109522 0.062622
