Pedestrian -1 -1 -10 719.000000 185.000000 732.000000 222.000000 1.793559 0.720499 0.700184 4.743423 2.262616 29.602851 -1.363752 0.875913
Pedestrian -1 -1 -10 708.000000 173.000000 727.000000 222.000000 1.719906 0.599706 0.641275 5.359310 1.505183 33.630660 -1.975592 0.106898
Pedestrian -1 -1 -10 715.000000 187.000000 741.000000 228.000000 1.789247 0.765316 0.705950 4.791476 2.315951 29.420078 1.704037 0.088226
Pedestrian -1 -1 -10 706.000000 175.000000 714.000000 217.000000 1.716624 0.599561 0.768710 5.321025 1.632716 37.888946 -0.861770 0.073192
Pedestrian -1 -1 -10 725.000000 189.000000 746.000000 224.000000 1.828644 0.760269 0.694778 5.034651 2.169238 29.444854 1.508386 0.048108
Pedestrian -1 -1 -10 717.000000 183.000000 727.000000 220.000000 1.722142 0.593676 0.662183 1.966609 1.788206 13.353515 -1.999489 0.038076
Pedestrian -1 -1 -10 735.000000 191.000000 747.000000 224.000000 1.749830 0.627039 0.614499 5.345397 2.127003 29.515679 2.718968 0.017106
Car -1 -1 -10 699.000000 192.000000 833.000000 285.000000 1.449806 1.605767 3.754770 2.661398 1.805626 13.090504 -1.559501 0.999519
Car -1 -1 -10 524.000000 184.000000 573.000000 222.000000 1.513947 1.678085 4.228227 -2.446205 1.949142 30.449927 1.579385 0.999183
Car -1 -1 -10 657.000000 184.000000 714.000000 231.000000 1.477252 1.646467 3.991205 2.630241 1.934435 25.981567 1.564681 0.997587
Car -1 -1 -10 561.000000 184.000000 587.000000 209.000000 1.583113 1.609447 3.668854 -2.419803 2.293846 45.668458 1.543034 0.975265
Car -1 -1 -10 0.000000 207.000000 398.000000 375.000000 1.556902 1.600118 3.881270 -2.535089 1.783485 3.750027 1.544058 0.967939
Car -1 -1 -10 644.000000 181.000000 674.000000 209.000000 1.594973 1.667939 4.131325 3.589262 2.200261 45.736369 0.021351 0.141015
Car -1 -1 -10 544.000000 184.000000 580.000000 214.000000 1.576833 1.597202 3.788606 -2.514761 2.217168 45.817233 1.557812 0.015205
Cyclist -1 -1 -10 718.000000 186.000000 737.000000 226.000000 1.737400 0.719544 1.507250 4.948520 1.963772 30.722461 -1.428682 0.029634
Cyclist -1 -1 -10 731.000000 192.000000 743.000000 224.000000 1.753226 0.679242 1.461888 5.249094 2.025137 30.990216 0.298327 0.021536
Cyclist -1 -1 -10 727.000000 189.000000 751.000000 225.000000 1.638606 0.695752 1.746368 5.363518 1.955861 29.453792 0.810209 0.010781
