Pedestrian -1 -1 -10 277.000000 157.000000 346.000000 293.000000 1.810814 0.713548 1.001495 -4.071247 1.420568 9.917662 1.200732 0.995423
Pedestrian -1 -1 -10 326.000000 160.000000 373.000000 288.000000 1.787948 0.635534 0.869832 -3.776380 1.472074 10.230532 1.313616 0.982526
Pedestrian -1 -1 -10 363.000000 166.000000 386.000000 226.000000 1.729296 0.606998 0.777043 -7.163009 1.300524 21.750025 1.317716 0.504874
Pedestrian -1 -1 -10 493.000000 164.000000 502.000000 192.000000 1.829446 0.584733 0.818722 -7.406163 0.838081 48.468543 1.327603 0.236919
Pedestrian -1 -1 -10 345.000000 167.000000 382.000000 238.000000 1.728844 0.612818 0.620973 -6.040731 1.646601 17.668150 -2.543038 0.161351
Pedestrian -1 -1 -10 343.000000 164.000000 366.000000 221.000000 1.670543 0.523572 0.613693 -7.402826 1.197779 21.860324 0.287938 0.045605
Pedestrian -1 -1 -10 344.000000 169.000000 357.000000 211.000000 1.742017 0.550608 0.549983 -5.271201 1.720027 14.235845 2.611852 0.019258
Pedestrian -1 -1 -10 334.000000 163.000000 358.000000 216.000000 1.750580 0.539582 0.561672 -4.965149 1.747941 13.181627 2.607003 0.017125
Pedestrian -1 -1 -10 464.000000 158.000000 472.000000 188.000000 1.703453 0.617160 0.509497 -7.883607 1.266656 40.011166 -2.245759 0.011920
Car -1 -1 -10 549.000000 154.000000 596.000000 209.000000 1.801369 1.645209 4.074064 -1.438364 0.990388 28.949958 -1.676151 0.553096
Car -1 -1 -10 2.000000 150.000000 82.000000 331.000000 1.523809 1.554644 3.509875 -4.613599 1.740754 5.456542 -1.368605 0.010840
Cyclist -1 -1 -10 355.000000 166.000000 382.000000 227.000000 1.693931 0.436683 1.616491 -7.377416 1.151556 22.071568 -2.020027 0.147028
Cyclist -1 -1 -10 326.000000 161.000000 378.000000 280.000000 1.777051 0.556726 1.789091 -3.749869 1.444534 10.131563 1.779018 0.116110
Cyclist -1 -1 -10 336.000000 166.000000 389.000000 240.000000 1.712978 0.531420 1.608745 -5.471506 1.430438 16.953823 -1.898634 0.037144
Cyclist -1 -1 -10 346.000000 168.000000 371.000000 233.000000 1.671561 0.655058 1.721094 -7.355350 1.138947 22.067872 2.323278 0.028020
Cyclist -1 -1 -10 493.000000 164.000000 503.000000 192.000000 1.753689 0.748779 1.829795 -7.450215 0.723821 48.552437 1.463852 0.026810
