Car -1 -1 -10 317.000000 180.000000 457.000000 272.000000 1.551918 1.603472 3.725893 -4.294661 1.544519 14.370182 -1.554843 0.999318
Car -1 -1 -10 579.000000 172.000000 654.000000 244.000000 1.526638 1.678326 3.608013 0.072033 1.315319 18.072095 -1.582303 0.999232
Car -1 -1 -10 137.000000 186.000000 300.000000 264.000000 1.476748 1.638168 4.026485 -8.526217 1.546872 15.976571 -1.577187 0.999151
Car -1 -1 -10 447.000000 183.000000 506.000000 224.000000 1.446915 1.586589 3.678624 -4.765759 1.374516 26.404942 -1.570171 0.997665
Car -1 -1 -10 487.000000 180.000000 535.000000 212.000000 1.614479 1.655563 4.032498 -4.541199 1.242591 34.376864 -1.581053 0.996437
Car -1 -1 -10 -1.000000 187.000000 223.000000 375.000000 1.542444 1.643226 3.879091 -3.713724 1.668864 3.545398 -1.598089 0.832938
Car -1 -1 -10 260.000000 182.000000 338.000000 220.000000 1.548456 1.592061 3.735887 -12.945038 1.429224 30.132734 -1.590347 0.610718
Car -1 -1 -10 3.000000 183.000000 63.000000 212.000000 1.514873 1.564431 3.945990 -28.342370 1.813196 35.350936 1.494901 0.116831
Car -1 -1 -10 593.000000 169.000000 646.000000 216.000000 1.558285 1.511101 3.363849 0.243649 1.799343 24.752473 2.153844 0.038734
Car -1 -1 -10 612.000000 177.000000 653.000000 205.000000 1.545431 1.479315 3.204861 0.682645 1.547438 23.563992 1.624196 0.014596
