Car -1 -1 -10 -1.000000 206.000000 276.000000 363.000000 1.503235 1.590227 3.847693 -6.095053 2.021468 9.400084 1.570903 0.998619
Car -1 -1 -10 443.000000 189.000000 494.000000 223.000000 1.466372 1.593505 3.729352 -6.197543 2.185227 32.077870 1.591520 0.993143
Car -1 -1 -10 870.000000 182.000000 1242.000000 374.000000 1.492182 1.555500 3.545019 2.982911 1.601854 4.817168 -1.484904 0.990973
Car -1 -1 -10 647.000000 176.000000 690.000000 209.000000 1.467758 1.615272 3.818789 2.790612 1.677473 35.637012 -1.605800 0.988341
Car -1 -1 -10 468.000000 187.000000 512.000000 216.000000 1.471235 1.581193 3.705635 -6.201889 2.215262 37.548698 1.576267 0.797263
Car -1 -1 -10 95.000000 204.000000 167.000000 234.000000 1.489501 1.647815 3.872205 -26.063409 3.167969 39.719647 -1.611036 0.505678
Car -1 -1 -10 175.000000 198.000000 254.000000 228.000000 1.526832 1.672741 3.883918 -20.917592 2.905698 38.838509 -1.548675 0.445700
Car -1 -1 -10 229.000000 197.000000 300.000000 227.000000 1.564300 1.661853 3.811318 -18.791599 2.861556 38.518492 0.982647 0.365223
Car -1 -1 -10 137.000000 202.000000 211.000000 229.000000 1.436998 1.626492 3.849101 -23.808731 2.840125 39.378081 1.608857 0.175506
Car -1 -1 -10 495.000000 180.000000 529.000000 207.000000 1.543512 1.623385 3.922804 -6.520673 2.180261 45.672941 1.484734 0.049438
Car -1 -1 -10 154.000000 201.000000 189.000000 235.000000 1.529093 1.579346 3.806537 -23.641910 3.015871 39.461684 -1.585306 0.041938
Cyclist -1 -1 -10 139.000000 201.000000 199.000000 240.000000 1.660217 1.092005 2.024865 -23.283456 3.021026 38.282456 2.264902 0.092981
Cyclist -1 -1 -10 90.000000 203.000000 180.000000 237.000000 1.698521 0.688875 1.746858 -25.123253 3.229815 38.437442 0.045195 0.052220
Cyclist -1 -1 -10 157.000000 199.000000 261.000000 232.000000 1.855987 0.614628 0.915442 -20.169594 2.958711 37.490411 2.550250 0.015697
