Car -1 -1 -10 673.000000 184.000000 757.000000 243.000000 1.402744 1.605836 3.912181 2.607821 1.702797 18.751012 -1.587820 0.999663
Car -1 -1 -10 86.000000 178.000000 404.000000 278.000000 1.528717 1.681393 4.237853 -6.194602 1.688515 12.481686 0.004860 0.999385
Car -1 -1 -10 371.000000 176.000000 507.000000 221.000000 1.460002 1.623121 3.994711 -5.645032 1.757753 25.601445 0.699012 0.997755
Car -1 -1 -10 552.000000 176.000000 583.000000 201.000000 1.502740 1.619158 3.788558 -2.469503 1.653934 42.794893 1.594451 0.996959
Car -1 -1 -10 660.000000 179.000000 706.000000 216.000000 1.461592 1.595496 3.947572 2.804406 1.703259 28.067634 -1.578096 0.957482
Car -1 -1 -10 283.000000 175.000000 483.000000 232.000000 1.556792 1.664159 4.092874 -6.115485 1.502857 19.981078 -0.075441 0.653092
Car -1 -1 -10 3.000000 202.000000 124.000000 370.000000 1.523712 1.647297 4.042901 -7.006182 1.756402 6.513281 -3.158570 0.529438
Car -1 -1 -10 639.000000 172.000000 669.000000 197.000000 1.534843 1.603697 3.579337 2.865456 1.523653 46.197973 -1.572582 0.335180
Car -1 -1 -10 426.000000 175.000000 516.000000 211.000000 1.603668 1.614673 3.891399 -5.990384 1.612462 33.971295 -3.159516 0.249842
Car -1 -1 -10 483.000000 174.000000 548.000000 199.000000 1.508742 1.647183 3.922286 -6.139370 1.650197 49.820011 -3.191841 0.187880
Car -1 -1 -10 219.000000 178.000000 423.000000 253.000000 1.604297 1.588194 3.667593 -6.043060 1.459041 16.087326 1.689672 0.154900
