Car -1 -1 -10 739.000000 197.000000 1003.000000 348.000000 1.425068 1.582548 3.820555 2.755598 1.778620 8.646487 -1.686830 0.999709
Car -1 -1 -10 419.000000 189.000000 464.000000 222.000000 1.521420 1.648722 3.744537 -9.024890 2.491394 38.429535 1.521944 0.999474
Car -1 -1 -10 606.000000 187.000000 669.000000 235.000000 1.431077 1.615135 3.911734 0.748325 1.968196 23.930917 -1.659997 0.998960
Car -1 -1 -10 2.000000 213.000000 259.000000 372.000000 1.521341 1.597909 3.836442 -5.751198 2.098867 8.609774 1.409551 0.996578
Car -1 -1 -10 592.000000 186.000000 645.000000 226.000000 1.445090 1.599833 3.879203 0.169554 2.010491 29.727601 -1.651785 0.994506
Car -1 -1 -10 748.000000 175.000000 858.000000 213.000000 1.566179 1.662536 4.085964 8.012437 1.679105 29.941830 -2.704848 0.944280
Car -1 -1 -10 815.000000 170.000000 952.000000 222.000000 1.496278 1.638157 3.970335 8.973506 1.423694 23.802846 -2.594497 0.912818
Car -1 -1 -10 440.000000 188.000000 476.000000 216.000000 1.519950 1.648698 3.958343 -9.268000 2.469810 43.520073 0.912521 0.850823
Car -1 -1 -10 221.000000 194.000000 290.000000 220.000000 1.533273 1.576411 3.522851 -21.522983 2.716063 41.918786 1.620870 0.847017
Car -1 -1 -10 1179.000000 168.000000 1242.000000 253.000000 1.551909 1.618718 3.953345 11.100263 1.376590 12.530562 2.192409 0.123139
Car -1 -1 -10 0.000000 233.000000 93.000000 375.000000 1.545155 1.631983 4.136692 -5.614209 2.069129 4.561574 1.383125 0.073149
Cyclist -1 -1 -10 805.000000 168.000000 960.000000 225.000000 1.605305 0.699840 1.750675 8.790713 1.419296 22.983815 0.787550 0.013879
