Pedestrian -1 -1 -10 746.000000 195.000000 773.000000 271.000000 1.746232 0.588908 0.816361 2.607282 1.906628 12.351574 2.735936 0.054904
Car -1 -1 -10 244.000000 190.000000 458.000000 337.000000 1.536195 1.547317 3.495202 -3.202991 1.820911 9.522594 1.572135 0.999287
Car -1 -1 -10 852.000000 199.000000 1248.000000 377.000000 1.431332 1.614346 3.918211 3.698431 1.678729 6.959552 -1.508432 0.997848
Car -1 -1 -10 757.000000 172.000000 902.000000 290.000000 1.634617 1.626029 3.707523 3.365120 1.677268 12.109108 -1.504824 0.997674
Car -1 -1 -10 680.000000 178.000000 750.000000 228.000000 1.498676 1.601845 4.045831 3.368707 1.784070 24.896666 -1.550692 0.987182
Car -1 -1 -10 709.000000 176.000000 820.000000 250.000000 1.454276 1.598701 3.843919 4.151280 1.675097 18.733777 1.195713 0.981028
Car -1 -1 -10 544.000000 176.000000 580.000000 202.000000 1.575900 1.626104 3.910421 -2.858364 1.717049 42.594146 1.554606 0.966886
Car -1 -1 -10 465.000000 166.000000 552.000000 240.000000 1.867025 1.700214 4.357433 -2.979621 1.795283 21.124977 -1.574547 0.958493
Car -1 -1 -10 2.000000 206.000000 261.000000 374.000000 1.522685 1.655732 4.066352 -3.245835 1.787912 2.953577 1.549664 0.950519
Car -1 -1 -10 675.000000 177.000000 722.000000 216.000000 1.530313 1.553583 3.501138 3.641804 1.747800 30.022722 -1.569175 0.684693
