Car -1 -1 -10 578.000000 178.000000 612.000000 208.000000 1.538503 1.621092 3.815329 -0.750414 1.159325 40.225832 -1.587071 0.999662
Car -1 -1 -10 324.000000 188.000000 480.000000 265.000000 1.473593 1.615173 4.014264 -4.321448 1.574577 15.780742 -1.544034 0.997317
Car -1 -1 -10 455.000000 183.000000 513.000000 225.000000 1.472742 1.609249 3.799259 -4.627172 1.418015 27.342096 -1.575168 0.994021
Car -1 -1 -10 148.000000 177.000000 324.000000 258.000000 1.551708 1.678168 4.016620 -8.640397 1.576670 17.389811 -1.595277 0.941170
Car -1 -1 -10 324.000000 189.000000 392.000000 222.000000 1.506711 1.663560 3.887741 -8.487878 1.423599 25.108971 1.577956 0.773187
Car -1 -1 -10 487.000000 181.000000 528.000000 211.000000 1.446427 1.572947 3.711437 -5.159282 1.214802 37.117985 -1.599535 0.218664
Car -1 -1 -10 403.000000 180.000000 453.000000 206.000000 1.583232 1.666461 3.734471 -9.038703 1.186349 35.778179 -1.796740 0.103635
Car -1 -1 -10 401.000000 189.000000 469.000000 254.000000 1.445391 1.640486 4.083490 -4.266854 1.501984 16.165172 -1.611877 0.036690
Car -1 -1 -10 -1.000000 122.000000 222.000000 375.000000 1.953042 1.720159 4.149695 -4.123567 1.466533 4.100212 1.624879 0.023609
Car -1 -1 -10 200.000000 180.000000 315.000000 235.000000 1.522718 1.634287 3.956049 -9.503209 1.235697 18.303489 -3.020338 0.012771
Car -1 -1 -10 232.000000 179.000000 300.000000 219.000000 1.549555 1.527299 3.246561 -10.127998 1.608314 21.179550 1.672775 0.011732
