Pedestrian -1 -1 -10 547.000000 167.000000 555.000000 197.000000 1.803766 0.474329 0.685848 -0.419891 1.264978 6.912529 -0.058945 0.039682
Car -1 -1 -10 682.000000 171.000000 851.000000 282.000000 1.473676 1.605757 3.911184 2.176789 1.465682 11.223708 -1.612277 0.999617
Car -1 -1 -10 37.000000 184.000000 257.000000 264.000000 1.475768 1.585345 3.771336 -9.280448 1.730225 14.673258 -3.159524 0.999552
Car -1 -1 -10 633.000000 170.000000 710.000000 221.000000 1.510560 1.645784 4.004344 1.952736 1.420624 23.828871 -1.680618 0.997907
Car -1 -1 -10 477.000000 170.000000 536.000000 223.000000 1.566001 1.626734 3.738770 -3.399602 1.541481 24.594511 -1.631625 0.997656
Car -1 -1 -10 6.000000 217.000000 148.000000 375.000000 1.542883 1.615631 3.929896 -3.716379 1.751125 2.660899 -1.605988 0.657429
Car -1 -1 -10 626.000000 169.000000 677.000000 209.000000 1.485429 1.570150 3.768148 1.613837 1.435317 29.802612 -1.605358 0.637640
Car -1 -1 -10 523.000000 173.000000 551.000000 204.000000 1.497033 1.580281 3.583776 -3.973872 1.472749 38.543656 -1.590384 0.552596
Car -1 -1 -10 619.000000 167.000000 658.000000 201.000000 1.821877 1.690409 3.990848 1.425548 1.476011 40.444838 -1.605908 0.482732
Car -1 -1 -10 0.000000 188.000000 71.000000 323.000000 1.526527 1.596427 3.840187 -3.557745 1.553013 2.339109 -1.612914 0.191919
Car -1 -1 -10 496.000000 169.000000 535.000000 203.000000 1.529490 1.645840 3.771441 -4.022354 1.115831 29.607644 -1.721143 0.056070
