Car -1 -1 -10 745.000000 194.000000 979.000000 334.000000 1.459104 1.577782 3.667046 2.923428 1.761036 9.209624 -1.657242 0.999630
Car -1 -1 -10 669.000000 181.000000 756.000000 243.000000 1.447619 1.639022 4.011619 2.510469 1.697486 18.897061 -1.621203 0.999258
Car -1 -1 -10 0.000000 193.000000 271.000000 325.000000 1.476535 1.569819 3.875885 -6.660022 1.836477 9.914894 -3.220325 0.990459
Car -1 -1 -10 126.000000 185.000000 372.000000 277.000000 1.470661 1.599044 3.931780 -6.493006 1.813105 12.537311 -3.111637 0.974272
Car -1 -1 -10 335.000000 182.000000 489.000000 233.000000 1.502816 1.618981 4.029941 -6.282039 1.876143 22.728318 0.049812 0.973595
Car -1 -1 -10 653.000000 178.000000 707.000000 215.000000 1.468717 1.602519 4.005083 2.817378 1.733098 29.763571 -1.611668 0.938480
Car -1 -1 -10 635.000000 171.000000 668.000000 197.000000 1.578373 1.679214 4.005470 3.750810 1.546639 48.187871 -0.032868 0.438692
Car -1 -1 -10 390.000000 175.000000 480.000000 221.000000 1.525564 1.547276 3.781883 -6.162472 1.843708 23.580493 -3.333831 0.187649
Car -1 -1 -10 244.000000 183.000000 446.000000 249.000000 1.553173 1.577716 3.862060 -6.924398 1.786646 17.115628 0.057624 0.112604
Car -1 -1 -10 144.000000 194.000000 273.000000 259.000000 1.525422 1.540228 3.495012 -9.383599 1.576486 18.025402 0.902920 0.041917
Car -1 -1 -10 1.000000 198.000000 87.000000 377.000000 1.508188 1.601694 4.031499 -5.641741 1.617075 4.280519 -3.112428 0.035646
