Pedestrian -1 -1 -10 326.000000 180.000000 338.000000 215.000000 1.750802 0.582314 0.707005 -15.344964 1.858759 39.513727 -2.447030 0.189786
Pedestrian -1 -1 -10 333.000000 180.000000 345.000000 213.000000 1.768400 0.582762 0.819213 -15.023831 1.895833 40.062771 0.260017 0.033222
Pedestrian -1 -1 -10 464.000000 170.000000 476.000000 203.000000 1.799310 0.667614 0.715637 -7.000997 1.019909 36.203590 0.930284 0.015686
Pedestrian -1 -1 -10 571.000000 168.000000 588.000000 195.000000 1.803632 0.630142 0.817890 -1.726163 0.940537 44.895185 0.975480 0.012706
Car -1 -1 -10 494.000000 175.000000 543.000000 212.000000 1.498946 1.592146 3.693635 -3.686588 1.179231 30.331826 -1.549897 0.997939
Car -1 -1 -10 1099.000000 134.000000 1224.000000 203.000000 1.623690 1.599336 3.559187 11.607505 0.496943 15.572139 -0.838881 0.128830
Car -1 -1 -10 922.000000 151.000000 1006.000000 176.000000 1.536038 1.585225 3.817893 23.615220 -0.295976 46.272644 0.052177 0.011595
Cyclist -1 -1 -10 347.000000 175.000000 381.000000 220.000000 1.782704 0.421423 1.778657 -10.259453 1.702101 30.052906 -1.408733 0.982211
Cyclist -1 -1 -10 642.000000 162.000000 679.000000 199.000000 1.704802 0.698402 1.828312 2.851967 0.835766 38.385185 -0.083284 0.957033
Cyclist -1 -1 -10 704.000000 160.000000 745.000000 195.000000 1.696988 0.686119 1.771417 5.673924 0.651618 34.913141 0.236994 0.925788
