Pedestrian -1 -1 -10 826.000000 173.000000 846.000000 224.000000 1.743264 0.459456 0.680856 4.332024 1.375998 13.895628 0.417079 0.024593
Pedestrian -1 -1 -10 817.000000 172.000000 835.000000 227.000000 1.713824 0.602102 0.489766 10.642981 2.070580 34.399568 2.842308 0.010922
Car -1 -1 -10 324.000000 188.000000 454.000000 264.000000 1.456903 1.594941 4.050952 -4.888084 1.834336 16.029544 1.580106 0.999256
Car -1 -1 -10 484.000000 180.000000 534.000000 216.000000 1.486335 1.555156 3.518592 -4.371513 1.832557 31.805088 1.643149 0.998998
Car -1 -1 -10 761.000000 186.000000 979.000000 305.000000 1.450596 1.634565 4.060092 3.527218 1.658430 10.822523 -1.597907 0.998329
Car -1 -1 -10 145.000000 192.000000 384.000000 320.000000 1.508901 1.602798 3.784882 -4.802644 1.836785 10.441123 1.571479 0.998092
Car -1 -1 -10 727.000000 182.000000 845.000000 259.000000 1.476432 1.626902 3.824347 3.618304 1.690274 15.934578 -1.565006 0.995887
Car -1 -1 -10 886.000000 194.000000 1242.000000 373.000000 1.494791 1.589000 3.832198 3.645407 1.684887 5.731802 -1.556797 0.990621
Car -1 -1 -10 707.000000 179.000000 783.000000 236.000000 1.479430 1.598943 3.754167 3.923239 1.729312 21.482921 -1.530048 0.989399
Car -1 -1 -10 510.000000 179.000000 551.000000 210.000000 1.551415 1.638674 4.002018 -4.042144 1.828816 36.457305 1.634628 0.963900
Car -1 -1 -10 690.000000 178.000000 743.000000 222.000000 1.485245 1.587836 3.922590 4.044400 1.755181 26.844851 -1.565022 0.944339
Car -1 -1 -10 0.000000 203.000000 191.000000 378.000000 1.434034 1.609378 3.914003 -4.740377 1.847726 4.670720 1.604370 0.868945
Car -1 -1 -10 1030.000000 172.000000 1162.000000 231.000000 1.548632 1.665730 3.980721 14.102655 1.451377 20.016475 -1.803583 0.276283
Car -1 -1 -10 951.000000 175.000000 1038.000000 209.000000 1.573176 1.611897 3.748545 17.369581 1.935215 32.370587 -1.048114 0.230292
Car -1 -1 -10 1128.000000 176.000000 1241.000000 236.000000 1.584445 1.589125 3.790204 14.449354 1.419772 17.995070 1.406881 0.115274
Car -1 -1 -10 878.000000 181.000000 927.000000 217.000000 1.509180 1.660433 3.963537 12.506340 1.485656 28.182584 1.387087 0.025476
Cyclist -1 -1 -10 827.000000 177.000000 846.000000 224.000000 1.712978 0.531419 1.608745 10.750930 1.681042 33.220455 -1.264603 0.106028
Cyclist -1 -1 -10 814.000000 174.000000 856.000000 222.000000 1.662396 0.627273 1.759853 11.028270 1.636674 33.319949 -1.812928 0.026108
