Car -1 -1 -10 953.000000 194.000000 1242.000000 317.000000 1.462350 1.532205 3.593618 6.427878 1.719713 9.242734 -0.018416 0.999434
Car -1 -1 -10 86.000000 184.000000 387.000000 297.000000 1.584803 1.589337 3.843496 -5.907406 1.752109 11.232997 0.050258 0.998974
Car -1 -1 -10 730.000000 183.000000 878.000000 237.000000 1.511675 1.651252 3.982922 5.605452 1.864365 21.405552 -0.036872 0.997980
Car -1 -1 -10 636.000000 182.000000 674.000000 212.000000 1.386307 1.590622 3.936734 2.200501 1.951914 35.847211 -1.596478 0.994002
Car -1 -1 -10 190.000000 181.000000 412.000000 263.000000 1.517202 1.637094 4.030191 -6.485879 1.609970 15.887551 -3.246162 0.989707
Car -1 -1 -10 -12.000000 194.000000 250.000000 356.000000 1.529891 1.622851 4.171133 -6.231670 1.650464 6.189003 -3.202302 0.989605
Car -1 -1 -10 284.000000 181.000000 440.000000 242.000000 1.508035 1.617000 3.935730 -6.517556 1.741723 18.755505 -3.101225 0.951387
Car -1 -1 -10 875.000000 184.000000 1128.000000 292.000000 1.534614 1.586934 3.785325 6.373464 1.742715 11.532293 -0.018229 0.906176
Car -1 -1 -10 371.000000 179.000000 502.000000 220.000000 1.599796 1.655493 4.137770 -6.663715 1.888964 29.336025 -0.067936 0.889363
Car -1 -1 -10 425.000000 178.000000 518.000000 214.000000 1.618135 1.619175 3.980702 -6.198914 2.009760 36.299937 -0.062544 0.110013
