Car -1 -1 -10 593.000000 192.000000 747.000000 283.000000 1.407377 1.587828 3.844915 0.796711 1.754389 12.948018 -1.854089 0.999880
Car -1 -1 -10 308.000000 186.000000 351.000000 217.000000 1.535567 1.640083 3.910588 -15.889723 2.339542 40.488981 1.320769 0.998979
Car -1 -1 -10 488.000000 183.000000 546.000000 224.000000 1.429074 1.614996 3.868375 -3.672486 1.854905 27.559904 -1.819646 0.998864
Car -1 -1 -10 40.000000 207.000000 217.000000 318.000000 1.484195 1.575841 3.761057 -7.607799 2.021781 11.466446 1.264448 0.992750
Car -1 -1 -10 478.000000 183.000000 524.000000 216.000000 1.557093 1.615517 3.952650 -5.320344 1.935042 33.239815 -1.863383 0.933334
Car -1 -1 -10 93.000000 192.000000 173.000000 220.000000 1.434240 1.593809 3.453093 -12.800158 1.851171 19.314501 -3.658253 0.873119
Car -1 -1 -10 -2.000000 218.000000 141.000000 370.000000 1.476283 1.598906 3.944739 -5.850869 1.966834 6.705691 1.202320 0.864422
Car -1 -1 -10 664.000000 166.000000 775.000000 210.000000 1.560102 1.666314 4.053202 4.464251 1.363066 28.903593 -2.806582 0.846593
Car -1 -1 -10 617.000000 176.000000 703.000000 205.000000 1.543338 1.650323 4.168399 2.299063 1.648856 34.818117 -2.874991 0.452794
Car -1 -1 -10 327.000000 184.000000 359.000000 212.000000 1.469875 1.617286 3.948138 -17.240410 2.395342 44.695025 -2.966919 0.330327
Car -1 -1 -10 764.000000 111.000000 1247.000000 372.000000 1.917580 1.725476 4.200416 3.056434 1.710618 5.823070 -1.797093 0.194056
