Car -1 -1 -10 748.000000 177.000000 1025.000000 364.000000 1.502656 1.570936 3.577169 2.656470 1.641853 7.917919 -1.603501 0.999398
Car -1 -1 -10 376.000000 197.000000 486.000000 279.000000 1.476064 1.566083 3.913646 -3.741570 1.957000 14.931657 1.587898 0.997411
Car -1 -1 -10 692.000000 181.000000 822.000000 272.000000 1.461500 1.629436 4.006881 2.683858 1.674714 13.962867 -1.592293 0.994588
Car -1 -1 -10 174.000000 200.000000 432.000000 362.000000 1.528401 1.616216 3.920022 -3.634328 1.964161 9.142863 1.549152 0.992365
Car -1 -1 -10 920.000000 191.000000 1250.000000 376.000000 1.519821 1.645021 3.872368 3.033659 1.649438 3.072308 -1.571030 0.991360
Car -1 -1 -10 678.000000 179.000000 755.000000 240.000000 1.476268 1.594859 3.817505 2.867760 1.632130 19.885330 -1.590322 0.980425
Car -1 -1 -10 469.000000 187.000000 528.000000 233.000000 1.479575 1.548407 3.762786 -3.885269 1.979919 25.178374 1.591328 0.901581
Car -1 -1 -10 666.000000 178.000000 723.000000 228.000000 1.556692 1.599925 3.831517 2.882961 1.809024 25.802829 -1.567454 0.893468
Car -1 -1 -10 433.000000 188.000000 498.000000 250.000000 1.486179 1.536415 3.672500 -4.111660 1.948124 20.634588 1.534804 0.869237
Car -1 -1 -10 630.000000 178.000000 666.000000 204.000000 1.571012 1.619084 3.926869 2.558275 2.066435 47.440969 -1.540431 0.569432
Cyclist -1 -1 -10 892.000000 193.000000 1245.000000 377.000000 1.645964 0.667717 1.776369 2.504495 1.667381 3.785077 -1.645581 0.012601
