Pedestrian -1 -1 -10 398.000000 182.000000 410.000000 216.000000 1.790122 0.652459 0.592156 -9.933829 2.321904 34.614062 1.285523 0.784502
Pedestrian -1 -1 -10 410.000000 179.000000 424.000000 213.000000 1.852410 0.673987 0.861610 -9.413784 2.202051 34.792889 1.317131 0.725154
Pedestrian -1 -1 -10 -5.000000 189.000000 181.000000 381.000000 1.650765 0.750114 0.563403 -2.958565 1.657589 4.055485 1.424690 0.321867
Pedestrian -1 -1 -10 404.000000 180.000000 419.000000 218.000000 1.727092 0.557438 0.476717 -9.560577 2.128716 34.787116 0.200934 0.072901
Car -1 -1 -10 611.000000 181.000000 684.000000 239.000000 1.504485 1.572374 3.642773 0.966364 1.818600 21.734063 -1.684020 0.999086
Car -1 -1 -10 403.000000 191.000000 454.000000 232.000000 1.471324 1.564994 3.639634 -6.714322 2.163579 27.193724 -1.700512 0.998146
Car -1 -1 -10 97.000000 197.000000 347.000000 324.000000 1.469894 1.632528 4.113918 -5.522848 1.911449 11.152245 1.466627 0.995182
Car -1 -1 -10 584.000000 182.000000 625.000000 218.000000 1.456643 1.575960 3.647315 -0.275240 1.903991 31.982777 -1.653862 0.964269
Car -1 -1 -10 967.000000 176.000000 1237.000000 377.000000 1.525501 1.631844 3.736414 2.923850 1.571612 2.771286 1.612965 0.859065
Car -1 -1 -10 425.000000 184.000000 470.000000 219.000000 1.655806 1.646857 3.819435 -7.959570 2.273656 36.173618 -1.689728 0.841961
Car -1 -1 -10 32.000000 192.000000 261.000000 357.000000 1.507667 1.586244 3.805160 -3.699119 1.351634 5.016118 -2.074884 0.065421
Car -1 -1 -10 444.000000 185.000000 478.000000 212.000000 1.483835 1.611019 3.822182 -7.999716 1.964340 36.023756 -1.687359 0.014021
Cyclist -1 -1 -10 -5.000000 186.000000 215.000000 379.000000 1.653029 0.516095 1.673845 -2.953433 1.657809 4.113524 1.573460 0.996620
Cyclist -1 -1 -10 56.000000 196.000000 297.000000 346.000000 1.659779 0.790969 1.695242 -5.120364 2.116054 9.366416 -3.674963 0.116166
Cyclist -1 -1 -10 -2.000000 207.000000 103.000000 380.000000 1.619151 0.647310 1.645109 -2.900492 1.621329 4.194416 1.342440 0.082782
