Pedestrian -1 -1 -10 893.000000 134.000000 975.000000 298.000000 1.768366 0.639041 0.979850 3.916482 1.241040 8.434579 -1.785704 0.998177
Pedestrian -1 -1 -10 477.000000 157.000000 545.000000 312.000000 1.733881 0.620481 0.937513 -1.119819 1.490005 8.101888 -2.745663 0.985842
Pedestrian -1 -1 -10 502.000000 167.000000 556.000000 286.000000 1.704141 0.637889 0.696901 -0.986671 1.375624 10.271716 -1.678484 0.918769
Pedestrian -1 -1 -10 1148.000000 137.000000 1228.000000 309.000000 1.688955 0.616245 0.635223 6.002547 1.255015 7.457881 1.083371 0.671399
Pedestrian -1 -1 -10 688.000000 172.000000 715.000000 233.000000 1.696663 0.565580 0.605760 3.343281 0.960458 23.707533 -1.967605 0.275560
Pedestrian -1 -1 -10 718.000000 173.000000 740.000000 221.000000 1.715553 0.605047 0.636497 3.093460 1.278368 18.544779 -1.945704 0.176718
Pedestrian -1 -1 -10 573.000000 163.000000 591.000000 222.000000 1.780772 0.620081 0.871227 -0.585612 1.227926 21.392636 -1.643236 0.171824
Pedestrian -1 -1 -10 384.000000 150.000000 393.000000 193.000000 1.699526 0.594959 0.664482 -6.453532 0.744400 21.334854 -1.327975 0.168623
Pedestrian -1 -1 -10 510.000000 167.000000 535.000000 250.000000 1.807094 0.596438 0.887920 -1.958155 1.374583 17.299227 2.577067 0.050185
Pedestrian -1 -1 -10 631.000000 161.000000 648.000000 199.000000 1.818957 0.727243 0.938677 1.489387 0.945870 28.252314 -1.503308 0.049644
Pedestrian -1 -1 -10 386.000000 151.000000 402.000000 202.000000 1.719906 0.599706 0.641275 -4.948476 1.122318 17.207859 -2.403686 0.034223
Pedestrian -1 -1 -10 477.000000 162.000000 513.000000 242.000000 1.708272 0.614835 0.712120 -1.246782 1.644624 7.795396 -1.119324 0.025322
Pedestrian -1 -1 -10 598.000000 164.000000 617.000000 224.000000 1.746130 0.639664 0.895861 0.173268 1.158564 21.355162 -1.640323 0.024765
Pedestrian -1 -1 -10 432.000000 157.000000 517.000000 223.000000 1.697560 0.494914 0.634500 -4.254138 1.442774 22.868378 0.455862 0.017935
Pedestrian -1 -1 -10 503.000000 166.000000 526.000000 224.000000 1.687412 0.511691 0.619984 -1.174999 1.507751 8.459852 2.452674 0.015180
Pedestrian -1 -1 -10 670.000000 172.000000 686.000000 211.000000 1.737062 0.669421 0.577668 2.161065 1.427117 21.303117 -1.467269 0.013756
Pedestrian -1 -1 -10 1205.000000 126.000000 1231.000000 182.000000 1.748592 0.643716 0.646225 9.821505 0.595746 11.487681 -0.833720 0.013452
Pedestrian -1 -1 -10 930.000000 157.000000 972.000000 225.000000 1.706132 0.626108 0.636935 7.542401 1.229826 15.393321 3.089507 0.011609
Car -1 -1 -10 3.000000 151.000000 429.000000 374.000000 1.662602 1.679409 4.087921 -2.732214 1.506058 5.562166 1.536940 0.982665
Car -1 -1 -10 374.000000 156.000000 469.000000 230.000000 1.797764 1.751287 4.151794 -5.183980 1.205382 21.062706 1.478717 0.908234
Car -1 -1 -10 405.000000 159.000000 498.000000 219.000000 1.576606 1.653801 3.835531 -6.045145 1.334002 26.402489 -3.080848 0.066118
Car -1 -1 -10 246.000000 164.000000 418.000000 276.000000 1.520914 1.565950 3.509872 -4.295413 1.231903 7.891111 1.779887 0.010102
Cyclist -1 -1 -10 496.000000 171.000000 541.000000 255.000000 1.789530 0.630588 1.777798 -2.029070 1.408641 17.433952 2.055999 0.033347
Cyclist -1 -1 -10 474.000000 160.000000 546.000000 307.000000 1.770401 0.626296 1.839550 -1.260328 1.473827 8.128217 -2.569071 0.027162
Cyclist -1 -1 -10 503.000000 167.000000 558.000000 288.000000 1.672330 0.581130 1.713444 -0.987119 1.409891 10.344439 -1.706189 0.020772
Cyclist -1 -1 -10 503.000000 166.000000 526.000000 224.000000 1.634437 0.506538 1.481245 -2.380897 1.000970 18.544322 -1.618875 0.014499
Cyclist -1 -1 -10 1142.000000 135.000000 1229.000000 306.000000 1.715877 0.533511 1.852746 6.033525 1.220725 7.456819 2.384565 0.010598
