Pedestrian -1 -1 -10 272.000000 140.000000 393.000000 373.000000 1.723159 0.530586 0.894392 -1.795243 1.426364 4.750833 2.729156 0.997896
Pedestrian -1 -1 -10 1.000000 170.000000 91.000000 373.000000 1.718223 0.619502 0.617799 -3.462089 1.635848 4.128970 1.930754 0.572822
Pedestrian -1 -1 -10 289.000000 170.000000 315.000000 225.000000 1.694903 0.605388 0.786642 -9.857217 1.289880 23.543474 -2.988464 0.222806
Pedestrian -1 -1 -10 294.000000 172.000000 306.000000 221.000000 1.744992 0.647793 0.808076 -9.902078 1.251992 23.487092 -3.518161 0.114613
Pedestrian -1 -1 -10 287.000000 159.000000 319.000000 257.000000 1.759861 0.574200 0.609696 -5.359907 1.880058 12.753842 1.307242 0.071783
Pedestrian -1 -1 -10 299.000000 173.000000 310.000000 219.000000 1.723757 0.644987 0.752144 -9.858017 1.273299 23.522426 -2.500842 0.051239
Pedestrian -1 -1 -10 280.000000 156.000000 358.000000 307.000000 1.742840 0.500908 0.681449 -4.388910 1.181339 10.707233 -0.264038 0.017922
Pedestrian -1 -1 -10 300.000000 172.000000 326.000000 215.000000 1.700022 0.605144 0.652470 -9.738889 1.103634 23.389777 -1.440081 0.011576
Car -1 -1 -10 359.000000 187.000000 644.000000 314.000000 1.447588 1.603120 3.758709 -1.353047 1.565806 9.598181 -0.236272 0.999213
Car -1 -1 -10 272.000000 152.000000 401.000000 370.000000 1.634601 1.655844 3.386064 -2.463704 1.324954 5.325613 -1.935985 0.010399
Cyclist -1 -1 -10 1.000000 173.000000 92.000000 374.000000 1.764429 0.717255 1.804035 -3.888426 1.652437 4.417321 2.474244 0.082145
Cyclist -1 -1 -10 290.000000 171.000000 318.000000 229.000000 1.714142 0.501856 1.652479 -10.090662 1.222045 23.737172 -1.825017 0.051365
Cyclist -1 -1 -10 262.000000 147.000000 393.000000 373.000000 1.721080 0.518023 1.639502 -1.980989 1.448647 4.991300 2.683707 0.021660
Cyclist -1 -1 -10 284.000000 162.000000 323.000000 262.000000 1.700766 0.684590 1.652367 -5.393828 1.682511 12.893179 -0.017590 0.017348
