Car -1 -1 -10 760.000000 184.000000 1075.000000 372.000000 1.466386 1.628675 4.043812 2.791305 1.607849 7.540890 -1.590073 0.999697
Car -1 -1 -10 653.000000 173.000000 698.000000 207.000000 1.474736 1.562088 3.549760 2.692235 1.479672 30.335876 -1.573756 0.999051
Car -1 -1 -10 682.000000 164.000000 780.000000 247.000000 1.635075 1.586820 3.786140 2.667098 1.540168 16.697296 -1.630442 0.986778
Car -1 -1 -10 383.000000 169.000000 512.000000 211.000000 1.560523 1.576645 4.060153 -5.891241 1.443683 26.999982 0.201013 0.986209
Car -1 -1 -10 185.000000 173.000000 432.000000 251.000000 1.547672 1.621904 4.064328 -6.106079 1.604231 15.265390 0.071525 0.968217
Car -1 -1 -10 992.000000 212.000000 1247.000000 374.000000 1.537320 1.628147 3.745627 2.715015 1.542461 1.915161 -1.533544 0.688036
Car -1 -1 -10 432.000000 167.000000 522.000000 201.000000 1.521278 1.560206 4.024520 -6.367128 1.218151 34.261645 -3.140920 0.405305
Car -1 -1 -10 -4.000000 172.000000 316.000000 276.000000 1.733883 1.685719 4.093325 -7.376279 1.510254 11.885915 -1.600919 0.146805
Car -1 -1 -10 313.000000 169.000000 470.000000 229.000000 1.815568 1.676549 4.051012 -6.941342 1.468376 20.303123 -3.216505 0.050605
Car -1 -1 -10 149.000000 181.000000 361.000000 277.000000 1.528527 1.517290 3.330971 -6.515590 1.675700 12.535877 1.657806 0.035172
Car -1 -1 -10 3.000000 175.000000 148.000000 230.000000 1.498911 1.620538 3.812649 -13.758518 1.269015 16.472574 1.446906 0.029544
