Pedestrian -1 -1 -10 311.000000 179.000000 325.000000 217.000000 1.787341 0.599309 0.983999 -14.778443 1.917921 36.420386 -3.056333 0.314824
Pedestrian -1 -1 -10 318.000000 179.000000 331.000000 216.000000 1.808200 0.583944 0.957054 -14.625694 1.959055 36.987335 0.290688 0.124795
Pedestrian -1 -1 -10 439.000000 169.000000 456.000000 210.000000 1.813268 0.637373 0.876133 -7.240224 1.254622 31.822458 0.284355 0.053824
Pedestrian -1 -1 -10 745.000000 156.000000 757.000000 188.000000 1.766706 0.633535 0.697346 6.554793 0.668369 31.582549 -0.973750 0.010359
Car -1 -1 -10 481.000000 176.000000 539.000000 217.000000 1.494265 1.614424 3.724412 -3.665295 1.262638 27.282202 -1.587271 0.999082
Car -1 -1 -10 951.000000 150.000000 1040.000000 179.000000 1.639361 1.672502 4.122597 23.791942 -0.139109 43.501778 -0.000996 0.013285
Cyclist -1 -1 -10 332.000000 176.000000 376.000000 223.000000 1.800930 0.494637 1.811111 -9.979831 1.679479 27.904560 -1.292871 0.996012
Cyclist -1 -1 -10 670.000000 160.000000 716.000000 201.000000 1.795455 0.678557 1.779420 4.398264 0.952869 35.410570 -0.005822 0.983456
Cyclist -1 -1 -10 735.000000 154.000000 780.000000 198.000000 1.806526 0.576555 1.748608 6.610363 0.759952 31.711291 -0.730747 0.798975
Cyclist -1 -1 -10 586.000000 169.000000 617.000000 197.000000 1.687044 0.661355 1.779129 -0.305546 0.739493 42.448083 -0.406531 0.575748
