Pedestrian -1 -1 -10 423.000000 172.000000 439.000000 244.000000 1.739468 0.662885 0.650427 -4.413281 1.576207 16.861059 -1.825018 0.606976
Pedestrian -1 -1 -10 434.000000 172.000000 454.000000 250.000000 1.801211 0.811608 0.655064 -4.490115 1.599073 19.502711 2.406940 0.526876
Pedestrian -1 -1 -10 415.000000 174.000000 465.000000 245.000000 1.819981 0.772961 0.776926 -4.638903 1.547099 19.276824 1.454817 0.197207
Pedestrian -1 -1 -10 442.000000 178.000000 463.000000 251.000000 1.712573 0.639852 0.647763 -4.484313 1.636563 19.489090 2.325501 0.010741
Car -1 -1 -10 282.000000 185.000000 499.000000 333.000000 1.526552 1.608856 4.004383 -2.586770 1.682302 9.336926 -1.585523 0.998755
Car -1 -1 -10 666.000000 182.000000 717.000000 221.000000 1.453637 1.596390 3.941557 3.139930 1.726934 27.991941 -1.571333 0.998488
Car -1 -1 -10 753.000000 174.000000 1107.000000 376.000000 1.567607 1.631807 3.823021 2.457835 1.622165 6.655151 -1.567420 0.997849
Car -1 -1 -10 710.000000 182.000000 863.000000 293.000000 1.427619 1.598700 3.810134 2.753673 1.669552 12.144133 -1.554040 0.992894
Car -1 -1 -10 424.000000 185.000000 547.000000 273.000000 1.538800 1.650062 4.061147 -2.424414 1.820436 14.621180 -1.517518 0.992836
Car -1 -1 -10 559.000000 180.000000 592.000000 210.000000 1.599241 1.643436 3.931473 -1.998731 2.031548 41.817077 -1.623070 0.991816
Car -1 -1 -10 652.000000 181.000000 693.000000 210.000000 1.593479 1.678342 3.965273 3.447168 2.054473 40.602810 -1.627154 0.655319
Car -1 -1 -10 647.000000 180.000000 675.000000 206.000000 1.512484 1.506421 3.180671 2.780938 2.265529 44.454485 1.171042 0.132967
Car -1 -1 -10 745.000000 179.000000 952.000000 338.000000 1.523618 1.622678 3.843090 2.454077 1.526456 6.637490 -1.534929 0.046647
Car -1 -1 -10 418.000000 180.000000 478.000000 257.000000 1.589960 1.534986 3.456399 -4.611407 1.679305 19.725388 0.774021 0.013782
Cyclist -1 -1 -10 416.000000 173.000000 437.000000 245.000000 1.790505 0.629890 1.539167 -4.265163 1.386316 17.605916 -0.159017 0.073155
Cyclist -1 -1 -10 407.000000 178.000000 465.000000 241.000000 1.700107 0.774895 1.768482 -4.853388 1.363829 19.579686 -0.157246 0.042015
Cyclist -1 -1 -10 369.000000 182.000000 453.000000 233.000000 1.732327 0.679983 1.711855 -4.542868 1.518490 17.110321 -0.126789 0.032326
Cyclist -1 -1 -10 406.000000 178.000000 426.000000 240.000000 1.690769 0.601034 1.649720 -4.955915 1.483011 17.959529 -0.178575 0.026247
Cyclist -1 -1 -10 426.000000 173.000000 442.000000 247.000000 1.718879 0.646008 1.705385 -4.277416 1.478035 16.824974 -1.784109 0.024695
Cyclist -1 -1 -10 390.000000 180.000000 411.000000 238.000000 1.725743 0.645244 1.664959 -5.269492 1.249292 16.575772 -1.282868 0.015649
