Pedestrian -1 -1 -10 629.000000 173.000000 640.000000 204.000000 1.758162 0.613593 0.738524 1.499981 1.759101 42.259445 1.603255 0.300595
Car -1 -1 -10 540.000000 173.000000 593.000000 219.000000 1.676191 1.680883 4.023052 -1.803096 1.748174 29.314548 1.591720 0.999180
Car -1 -1 -10 712.000000 181.000000 792.000000 257.000000 1.552037 1.539006 3.284655 3.183310 1.796504 16.868463 -1.510251 0.998943
Car -1 -1 -10 297.000000 185.000000 512.000000 331.000000 1.473294 1.561467 3.681371 -2.559946 1.674552 9.439331 -1.521581 0.998470
Car -1 -1 -10 374.000000 172.000000 496.000000 220.000000 1.462014 1.616615 4.019331 -6.008041 1.477427 23.211617 -3.156325 0.981845
Car -1 -1 -10 -2.000000 195.000000 258.000000 373.000000 1.542945 1.608631 3.776332 -2.994158 1.641457 2.439182 1.593131 0.973296
Car -1 -1 -10 575.000000 178.000000 610.000000 210.000000 1.496032 1.598866 3.828862 -1.023367 1.782889 37.147196 -1.472751 0.968701
Car -1 -1 -10 696.000000 187.000000 747.000000 236.000000 1.513322 1.611440 3.758595 3.471415 1.937201 21.853406 -1.470011 0.947168
Car -1 -1 -10 952.000000 221.000000 1209.000000 370.000000 1.499510 1.605414 3.800367 2.401242 1.278656 2.439723 1.612769 0.810633
Cyclist -1 -1 -10 628.000000 173.000000 640.000000 204.000000 1.726081 0.562099 1.756816 1.524575 1.630772 42.366430 1.613536 0.810271
Cyclist -1 -1 -10 370.000000 171.000000 494.000000 220.000000 1.685279 0.946877 1.852662 -5.381804 1.493555 22.479568 -3.042790 0.025430
