Pedestrian -1 -1 -10 926.000000 143.000000 1065.000000 371.000000 1.714449 0.628107 0.855015 2.422664 1.403925 4.500293 -1.632598 0.997120
Pedestrian -1 -1 -10 505.000000 161.000000 563.000000 295.000000 1.768226 0.751617 0.866198 -0.992686 1.520893 9.647578 1.628198 0.993658
Pedestrian -1 -1 -10 1157.000000 191.000000 1236.000000 360.000000 1.679598 0.634356 0.640984 4.744016 1.657271 5.800754 3.413411 0.753637
Pedestrian -1 -1 -10 755.000000 160.000000 769.000000 208.000000 1.744349 0.632824 0.728257 6.123865 0.973019 27.544055 -1.315186 0.564666
Pedestrian -1 -1 -10 1029.000000 190.000000 1106.000000 341.000000 1.712467 0.656377 0.745554 4.291661 1.628728 6.623896 3.579322 0.508513
Pedestrian -1 -1 -10 987.000000 176.000000 1091.000000 365.000000 1.714168 0.580122 0.559090 3.165943 1.620816 5.502814 -0.600396 0.207082
Pedestrian -1 -1 -10 919.000000 184.000000 949.000000 272.000000 1.755243 0.585933 0.679357 6.253003 1.396957 13.668927 -0.620905 0.079321
Pedestrian -1 -1 -10 1015.000000 179.000000 1061.000000 341.000000 1.667047 0.516078 0.727619 4.263019 1.580300 6.656683 1.169643 0.053294
Pedestrian -1 -1 -10 937.000000 167.000000 984.000000 336.000000 1.743155 0.539704 0.566627 3.418082 1.522933 6.982058 3.414881 0.012596
Car -1 -1 -10 303.000000 143.000000 531.000000 302.000000 1.813233 1.735021 4.013831 -2.594009 1.378521 10.839309 1.681829 0.817257
Car -1 -1 -10 500.000000 165.000000 567.000000 288.000000 1.570847 1.572571 3.593093 -0.698682 1.349788 10.204474 -2.178447 0.034516
Cyclist -1 -1 -10 1154.000000 193.000000 1238.000000 357.000000 1.639791 0.543756 1.666415 4.779830 1.522496 5.831031 2.217654 0.063281
Cyclist -1 -1 -10 505.000000 168.000000 570.000000 287.000000 1.754191 0.605592 1.713467 -1.084652 1.428267 9.681693 1.377605 0.018305
