Car -1 -1 -10 684.000000 187.000000 761.000000 242.000000 1.455355 1.565981 3.521975 3.146623 1.833395 20.799949 -1.600246 0.996675
Car -1 -1 -10 37.000000 184.000000 368.000000 289.000000 1.604892 1.672848 3.999646 -6.352910 1.794503 11.393529 -3.183500 0.995963
Car -1 -1 -10 290.000000 180.000000 473.000000 246.000000 1.598209 1.620575 4.176188 -5.855741 1.804916 18.750442 0.647986 0.985864
Car -1 -1 -10 179.000000 183.000000 420.000000 266.000000 1.508925 1.591112 3.944838 -6.141582 1.705109 15.291661 -3.421879 0.949503
Car -1 -1 -10 792.000000 178.000000 1141.000000 378.000000 1.528099 1.609729 3.731929 3.158322 1.653930 7.288511 -1.577412 0.915016
Car -1 -1 -10 405.000000 179.000000 513.000000 222.000000 1.508459 1.630847 4.027519 -5.301932 1.747047 28.465494 1.530395 0.709993
Car -1 -1 -10 1031.000000 206.000000 1242.000000 374.000000 1.549850 1.596515 3.698278 3.137825 1.631725 2.469691 -1.514991 0.674226
Car -1 -1 -10 723.000000 185.000000 840.000000 222.000000 1.526842 1.624061 3.846020 6.864759 1.997252 28.048775 3.197532 0.633843
Car -1 -1 -10 2.000000 202.000000 112.000000 379.000000 1.519424 1.633095 4.041560 -6.658796 1.696680 5.724011 -3.211354 0.388883
Car -1 -1 -10 439.000000 180.000000 524.000000 210.000000 1.528531 1.591918 3.882844 -6.672602 1.701208 34.685486 0.008474 0.145233
Cyclist -1 -1 -10 1019.000000 189.000000 1245.000000 375.000000 1.667473 0.522722 1.675884 2.498551 1.679226 3.032380 -1.439478 0.018450
