Pedestrian -1 -1 -10 110.000000 173.000000 169.000000 339.000000 1.674492 0.486646 0.601603 -5.717143 1.697779 8.878039 1.642392 0.975208
Pedestrian -1 -1 -10 37.000000 190.000000 95.000000 343.000000 1.686001 0.555834 0.515596 -6.629122 1.941528 8.889306 1.950724 0.951399
Pedestrian -1 -1 -10 1.000000 228.000000 202.000000 371.000000 1.723629 0.688621 0.685450 -3.388986 2.128649 4.732237 -2.658603 0.282655
Pedestrian -1 -1 -10 562.000000 175.000000 568.000000 203.000000 1.811200 0.607606 0.832338 -3.216930 2.009051 49.381533 2.497903 0.259726
Pedestrian -1 -1 -10 573.000000 174.000000 581.000000 202.000000 1.794638 0.617140 0.903935 -2.438364 1.837850 49.789012 1.104980 0.070530
Car -1 -1 -10 748.000000 184.000000 959.000000 333.000000 1.476222 1.567466 3.578867 2.643109 1.623937 8.838800 -1.582439 0.999733
Car -1 -1 -10 452.000000 181.000000 511.000000 228.000000 1.573068 1.617815 3.766520 -4.966792 1.990165 27.861826 1.570917 0.999385
Car -1 -1 -10 662.000000 175.000000 721.000000 225.000000 1.560842 1.596514 3.623481 2.661941 1.653200 24.450031 -1.600449 0.999105
Car -1 -1 -10 284.000000 179.000000 447.000000 286.000000 1.640226 1.675081 4.003677 -4.526377 1.871196 14.018849 -1.551961 0.997250
Car -1 -1 -10 509.000000 182.000000 541.000000 209.000000 1.517230 1.612725 3.745163 -5.156127 2.116356 43.436901 1.571256 0.993621
Car -1 -1 -10 -1.000000 226.000000 228.000000 376.000000 1.488256 1.643687 4.037074 -4.245308 1.928144 4.672571 -1.609636 0.958262
Car -1 -1 -10 21.000000 210.000000 127.000000 363.000000 1.512950 1.600340 3.900950 -5.147274 1.680506 4.415710 -3.249971 0.106084
Car -1 -1 -10 86.000000 195.000000 203.000000 366.000000 1.557222 1.640406 4.051979 -4.314542 2.058479 4.405119 1.491042 0.032833
Cyclist -1 -1 -10 -3.000000 225.000000 198.000000 362.000000 1.687387 0.633979 1.685958 -3.595495 1.880885 4.691052 -1.554484 0.064013
Cyclist -1 -1 -10 573.000000 174.000000 581.000000 202.000000 1.744505 0.538789 1.775535 -2.305877 1.766562 49.889464 -0.982347 0.028341
Cyclist -1 -1 -10 102.000000 181.000000 189.000000 364.000000 1.773809 0.512522 1.099688 -5.290369 2.156741 8.054263 -0.058971 0.013904
