Pedestrian -1 -1 -10 553.000000 161.000000 583.000000 224.000000 1.795395 0.626338 0.998212 -1.111655 1.132541 20.761349 0.492376 0.992310
Pedestrian -1 -1 -10 252.000000 169.000000 276.000000 236.000000 1.763212 0.602128 0.986509 -9.447659 1.609065 19.539743 -3.044134 0.910042
Pedestrian -1 -1 -10 216.000000 178.000000 235.000000 233.000000 1.749580 0.538899 0.710995 -12.133861 1.743095 22.658568 0.090361 0.659640
Pedestrian -1 -1 -10 365.000000 162.000000 384.000000 219.000000 1.721952 0.594856 0.769368 -6.825656 1.181198 20.870650 2.249143 0.517981
Pedestrian -1 -1 -10 270.000000 173.000000 302.000000 239.000000 1.745365 0.600609 0.807458 -9.560974 1.634655 21.258003 0.638658 0.389812
Pedestrian -1 -1 -10 408.000000 159.000000 428.000000 226.000000 1.734458 0.686309 0.674881 -5.026485 1.028428 18.457638 0.301674 0.179970
Pedestrian -1 -1 -10 853.000000 154.000000 872.000000 197.000000 1.768272 0.676812 0.852379 10.446725 0.689748 28.634675 -1.615545 0.143372
Pedestrian -1 -1 -10 259.000000 172.000000 329.000000 239.000000 1.798379 0.608293 0.818997 -9.606869 1.745176 21.225436 2.686803 0.052937
Car -1 -1 -10 362.000000 179.000000 495.000000 266.000000 1.489783 1.619101 3.737876 -3.281061 1.443365 13.682370 -1.573884 0.999532
Car -1 -1 -10 1102.000000 141.000000 1220.000000 184.000000 1.572043 1.627661 3.740323 24.001467 0.089367 29.501709 0.047750 0.145365
Car -1 -1 -10 398.000000 175.000000 450.000000 219.000000 1.497260 1.551904 3.481086 -6.465115 1.712913 24.918576 2.215258 0.048993
Car -1 -1 -10 1016.000000 137.000000 1123.000000 200.000000 1.508550 1.534422 3.414145 11.008933 0.559421 16.921069 -2.530489 0.019805
Cyclist -1 -1 -10 943.000000 140.000000 1011.000000 203.000000 1.787144 0.633459 1.802236 11.408904 0.654345 21.900944 1.511010 0.997824
Cyclist -1 -1 -10 268.000000 170.000000 355.000000 240.000000 1.731442 0.568696 1.748877 -7.386860 1.471110 18.094098 -0.533102 0.996985
Cyclist -1 -1 -10 758.000000 155.000000 802.000000 198.000000 1.741809 0.645417 1.781306 7.827302 0.631546 31.655255 -0.243933 0.996238
Cyclist -1 -1 -10 853.000000 154.000000 873.000000 197.000000 1.810627 0.615037 1.778479 10.486765 0.699670 28.761238 -0.912581 0.946324
Cyclist -1 -1 -10 268.000000 174.000000 304.000000 240.000000 1.741779 0.750645 1.735010 -9.774596 1.640573 21.378164 1.662522 0.864609
Cyclist -1 -1 -10 1019.000000 135.000000 1119.000000 208.000000 1.770826 0.682324 1.770224 10.687809 0.681407 16.680077 0.992736 0.739049
Cyclist -1 -1 -10 255.000000 171.000000 282.000000 236.000000 1.813555 0.695882 1.835285 -9.499451 1.601739 19.473996 -2.889832 0.126620
Cyclist -1 -1 -10 294.000000 170.000000 337.000000 230.000000 1.667103 0.508768 1.688202 -7.422290 1.304556 18.033895 -0.445716 0.054025
Cyclist -1 -1 -10 363.000000 162.000000 387.000000 222.000000 1.708510 0.527400 1.707680 -6.603547 1.059978 20.659867 -2.406027 0.028157
Cyclist -1 -1 -10 404.000000 168.000000 439.000000 217.000000 1.642869 0.651012 1.656074 -4.924958 0.907541 18.246920 0.736525 0.022872
Cyclist -1 -1 -10 385.000000 175.000000 415.000000 214.000000 1.718041 0.646686 1.657377 -6.134888 1.044100 20.292661 1.881197 0.013321
Cyclist -1 -1 -10 409.000000 158.000000 428.000000 227.000000 1.677841 0.707085 1.707300 -4.854620 0.832899 18.376632 -0.244500 0.010328
