Car -1 -1 -10 750.000000 183.000000 908.000000 297.000000 1.505321 1.580211 3.677135 3.343206 1.731679 11.713051 -1.566987 0.999626
Car -1 -1 -10 680.000000 183.000000 730.000000 219.000000 1.466124 1.558555 3.484581 3.836604 1.889267 30.236630 -1.585977 0.997176
Car -1 -1 -10 209.000000 185.000000 421.000000 257.000000 1.417348 1.613898 3.953210 -6.236709 1.686156 15.326005 -3.157463 0.996107
Car -1 -1 -10 -10.000000 183.000000 329.000000 333.000000 1.534670 1.615161 3.977406 -5.705436 1.643380 8.488066 0.036299 0.995274
Car -1 -1 -10 385.000000 180.000000 510.000000 228.000000 1.547631 1.607770 3.996629 -5.676896 1.628647 25.314910 -3.138187 0.992925
Car -1 -1 -10 712.000000 179.000000 821.000000 256.000000 1.555720 1.640474 3.881335 3.534464 1.726725 16.895713 -1.562995 0.987451
Car -1 -1 -10 319.000000 182.000000 471.000000 237.000000 1.513011 1.630712 3.906212 -6.273042 1.813207 20.799512 -3.121644 0.979210
Car -1 -1 -10 427.000000 178.000000 537.000000 219.000000 1.608264 1.663556 4.124178 -5.077763 1.836668 28.905723 0.768401 0.645722
Car -1 -1 -10 473.000000 178.000000 554.000000 211.000000 1.514607 1.626331 3.850470 -4.894905 1.649487 36.863983 -3.134075 0.320054
Car -1 -1 -10 711.000000 179.000000 778.000000 226.000000 1.449483 1.464131 2.969768 3.470491 1.845177 18.576588 1.111917 0.067196
Car -1 -1 -10 6.000000 185.000000 154.000000 338.000000 1.473213 1.584560 3.775360 -5.837418 1.610986 8.402467 0.097633 0.047020
