Pedestrian -1 -1 -10 500.000000 174.000000 518.000000 224.000000 1.707231 0.651821 0.608082 -3.606658 1.765980 25.608073 1.483205 0.122148
Pedestrian -1 -1 -10 708.000000 159.000000 726.000000 212.000000 1.790779 0.628223 0.795950 3.969989 1.363704 26.931520 -1.842550 0.076366
Pedestrian -1 -1 -10 365.000000 182.000000 373.000000 212.000000 1.690260 0.534096 0.600391 -8.415688 1.794581 25.330696 2.160537 0.059927
Pedestrian -1 -1 -10 364.000000 182.000000 391.000000 227.000000 1.722253 0.593175 0.703189 -8.398578 1.878992 25.241862 0.652459 0.015004
Pedestrian -1 -1 -10 411.000000 178.000000 448.000000 229.000000 1.742033 0.636269 0.838607 -5.454975 1.814962 20.573774 2.782439 0.010631
Car -1 -1 -10 637.000000 175.000000 672.000000 201.000000 1.537102 1.603534 3.697583 2.489911 1.602478 40.799105 -1.507976 0.964688
Car -1 -1 -10 1.000000 212.000000 127.000000 374.000000 1.484481 1.610980 3.847132 -4.966181 1.747856 4.192180 1.568579 0.538366
Car -1 -1 -10 489.000000 179.000000 530.000000 211.000000 1.483068 1.652567 3.927493 -5.351050 1.955582 38.482119 1.578110 0.317335
Car -1 -1 -10 369.000000 189.000000 459.000000 247.000000 1.505847 1.589919 3.822219 -5.383322 1.976775 19.808791 1.550003 0.280081
Car -1 -1 -10 406.000000 182.000000 450.000000 231.000000 1.490842 1.547510 3.614552 -5.690051 1.602079 22.075579 1.930229 0.019313
Car -1 -1 -10 360.000000 188.000000 411.000000 237.000000 1.565069 1.655727 3.798296 -8.831302 2.008655 24.516282 -1.765887 0.010582
Cyclist -1 -1 -10 396.000000 176.000000 457.000000 293.000000 1.726938 0.603642 1.768219 -3.022137 1.738054 11.732017 1.628879 0.999583
Cyclist -1 -1 -10 339.000000 179.000000 410.000000 301.000000 1.710627 0.616018 1.792534 -3.611064 1.837058 11.312507 1.523827 0.999460
Cyclist -1 -1 -10 499.000000 174.000000 520.000000 226.000000 1.705261 0.595038 1.731081 -3.580361 1.788888 25.592596 1.484956 0.998274
Cyclist -1 -1 -10 377.000000 188.000000 459.000000 249.000000 1.749865 0.612463 1.737612 -5.194939 2.140784 18.754606 1.851037 0.564034
Cyclist -1 -1 -10 492.000000 178.000000 528.000000 212.000000 1.716253 0.580459 1.765598 -3.614589 1.798442 25.722126 0.887513 0.315302
Cyclist -1 -1 -10 353.000000 188.000000 429.000000 262.000000 1.736477 0.402054 1.165094 -4.154212 2.004387 13.667801 -1.874411 0.125874
Cyclist -1 -1 -10 709.000000 160.000000 727.000000 212.000000 1.804270 0.492618 1.670303 4.000585 1.417598 27.216233 -1.315660 0.060789
Cyclist -1 -1 -10 360.000000 184.000000 399.000000 234.000000 1.702283 0.568435 1.644694 -8.136501 2.067672 23.790252 -0.926153 0.043182
Cyclist -1 -1 -10 406.000000 182.000000 450.000000 231.000000 1.753326 0.634650 1.593815 -5.643349 1.687113 22.217503 -0.161237 0.028755
Cyclist -1 -1 -10 417.000000 173.000000 439.000000 242.000000 1.699848 0.553422 1.591794 -4.899291 2.310999 18.458490 -1.817523 0.010878
