Pedestrian -1 -1 -10 808.000000 163.000000 851.000000 267.000000 1.691963 0.646280 0.819622 3.376934 1.321727 10.997776 -1.723638 0.974265
Pedestrian -1 -1 -10 932.000000 144.000000 973.000000 270.000000 1.684198 0.557089 0.629534 4.655121 1.918108 9.568190 -0.596666 0.281300
Pedestrian -1 -1 -10 797.000000 176.000000 829.000000 264.000000 1.661313 0.598663 0.694029 3.325198 1.377809 10.966335 0.805476 0.208696
Pedestrian -1 -1 -10 542.000000 153.000000 551.000000 184.000000 1.852263 0.693634 0.787402 -3.482219 0.139830 44.705939 1.486240 0.082480
Pedestrian -1 -1 -10 868.000000 149.000000 902.000000 229.000000 1.712943 0.507924 0.646445 5.962089 1.686858 15.704606 0.485910 0.078099
Pedestrian -1 -1 -10 923.000000 145.000000 955.000000 265.000000 1.719906 0.599706 0.641275 4.593866 1.816252 9.760149 -1.683092 0.063450
Pedestrian -1 -1 -10 522.000000 152.000000 532.000000 186.000000 1.688877 0.592850 0.882311 -4.199839 0.083610 40.557340 -1.634915 0.060938
Pedestrian -1 -1 -10 911.000000 149.000000 940.000000 250.000000 1.734443 0.478032 0.619975 5.253833 1.059204 11.942214 3.046679 0.040543
Pedestrian -1 -1 -10 606.000000 152.000000 612.000000 181.000000 1.857152 0.672535 0.908417 0.512399 -0.070955 49.246082 1.173240 0.030159
Pedestrian -1 -1 -10 963.000000 151.000000 999.000000 282.000000 1.791178 0.617035 0.702379 5.171788 1.161440 9.868519 3.000952 0.023729
Cyclist -1 -1 -10 411.000000 158.000000 484.000000 275.000000 1.708072 0.545115 1.729475 -2.479185 1.364723 11.123171 1.709388 0.999596
Cyclist -1 -1 -10 290.000000 151.000000 390.000000 323.000000 1.734378 0.582822 1.787636 -2.955411 1.386979 8.326289 1.520546 0.999229
Cyclist -1 -1 -10 427.000000 163.000000 458.000000 201.000000 1.647136 0.677933 1.738947 -7.046487 0.745172 30.190476 2.883140 0.011419
