Pedestrian -1 -1 -10 669.000000 170.000000 683.000000 207.000000 1.767047 0.695089 0.934037 3.354008 1.695935 36.968738 1.135384 0.914826
Car -1 -1 -10 755.000000 183.000000 964.000000 312.000000 1.455434 1.575689 3.619869 3.234360 1.618015 9.995733 -1.621191 0.998263
Car -1 -1 -10 223.000000 185.000000 385.000000 277.000000 1.505171 1.596590 3.896511 -5.661940 1.763557 13.476165 1.557944 0.997696
Car -1 -1 -10 475.000000 179.000000 528.000000 204.000000 1.450677 1.578137 3.845117 -6.447351 1.794874 42.585261 0.858952 0.994830
Car -1 -1 -10 -7.000000 189.000000 279.000000 346.000000 1.497696 1.561428 3.577468 -5.586856 1.778299 8.941077 1.546367 0.992155
Car -1 -1 -10 845.000000 185.000000 1249.000000 372.000000 1.554548 1.610795 3.824502 3.140852 1.691983 4.670915 -1.664039 0.985702
Car -1 -1 -10 238.000000 177.000000 305.000000 215.000000 1.534978 1.652601 3.884608 -14.371923 1.792529 31.171995 1.534828 0.048438
Car -1 -1 -10 827.000000 186.000000 1010.000000 358.000000 1.536608 1.535129 3.518674 3.420593 1.764258 7.622590 -0.510960 0.030034
Car -1 -1 -10 302.000000 180.000000 337.000000 205.000000 1.503046 1.634225 4.104488 -13.296377 1.292455 35.595416 0.604039 0.018202
Car -1 -1 -10 295.000000 185.000000 360.000000 226.000000 1.466811 1.552416 3.669872 -10.717755 1.685181 28.502662 0.573659 0.010606
