Pedestrian -1 -1 -10 2.000000 166.000000 151.000000 373.000000 1.673150 0.616694 0.699047 -3.018194 1.550234 4.066257 -2.700933 0.995357
Pedestrian -1 -1 -10 294.000000 163.000000 357.000000 332.000000 1.749301 0.613842 0.932314 -2.953953 1.523326 7.590782 -2.077905 0.992636
Pedestrian -1 -1 -10 150.000000 158.000000 241.000000 369.000000 1.609737 0.573671 0.555039 -2.764938 1.507933 4.918243 1.000135 0.988317
Pedestrian -1 -1 -10 231.000000 170.000000 301.000000 336.000000 1.762958 0.655251 0.841510 -3.645276 1.643674 7.710228 1.120409 0.960693
Pedestrian -1 -1 -10 188.000000 166.000000 248.000000 331.000000 1.749628 0.691020 0.693372 -4.470558 1.550103 8.457550 2.104265 0.824710
Pedestrian -1 -1 -10 266.000000 158.000000 308.000000 302.000000 1.777507 0.663926 0.738388 -4.329983 1.455680 9.888040 1.536658 0.820272
Pedestrian -1 -1 -10 665.000000 161.000000 685.000000 228.000000 1.755998 0.627810 0.844291 2.028912 1.153076 19.909141 1.539222 0.662455
Pedestrian -1 -1 -10 108.000000 171.000000 155.000000 298.000000 1.808941 0.629445 0.745584 -7.123171 1.592289 11.022824 1.407279 0.653420
Pedestrian -1 -1 -10 153.000000 163.000000 209.000000 312.000000 1.718720 0.646899 0.709566 -4.599633 1.498216 7.614313 -0.060280 0.471516
Pedestrian -1 -1 -10 216.000000 171.000000 260.000000 317.000000 1.830337 0.645277 0.894486 -4.437311 1.602396 8.745377 1.067826 0.417287
Pedestrian -1 -1 -10 286.000000 175.000000 427.000000 297.000000 1.761979 0.691763 0.753091 -3.478433 2.239525 10.902830 -2.309700 0.390641
Pedestrian -1 -1 -10 525.000000 171.000000 542.000000 216.000000 1.764584 0.616442 0.916467 -2.616244 1.232971 27.464520 -1.805757 0.303427
Car -1 -1 -10 290.000000 179.000000 432.000000 287.000000 1.539374 1.678177 4.107832 -4.179484 1.540848 12.433584 1.523169 0.981815
Car -1 -1 -10 292.000000 169.000000 367.000000 319.000000 1.572934 1.592326 3.433011 -2.406225 1.394243 8.604146 -0.259425 0.022203
Cyclist -1 -1 -10 462.000000 163.000000 504.000000 244.000000 1.699055 0.588776 1.708869 -2.802192 1.300269 16.445809 1.326225 0.999073
Cyclist -1 -1 -10 283.000000 174.000000 434.000000 298.000000 1.761378 0.548827 1.731001 -3.556378 1.748910 11.616930 1.750346 0.055098
Cyclist -1 -1 -10 149.000000 165.000000 255.000000 345.000000 1.737208 0.591643 1.605453 -3.249611 1.527224 5.408833 0.017233 0.038815
Cyclist -1 -1 -10 273.000000 164.000000 317.000000 300.000000 1.772741 0.613938 1.773477 -4.476890 1.447257 9.856548 1.616607 0.022061
Cyclist -1 -1 -10 263.000000 166.000000 363.000000 312.000000 1.735864 0.633012 1.767399 -3.165287 1.386155 7.601671 -2.959516 0.020364
Cyclist -1 -1 -10 524.000000 170.000000 543.000000 216.000000 1.843650 0.542453 1.704065 -2.458342 1.338851 27.668826 -1.542866 0.010083
