Pedestrian -1 -1 -10 700.000000 164.000000 710.000000 192.000000 1.751759 0.621222 0.679897 6.501776 1.441963 48.762221 1.604671 0.084622
Car -1 -1 -10 771.000000 176.000000 842.000000 241.000000 1.531318 1.600769 3.498961 5.092523 1.690460 19.225918 -1.426800 0.999551
Car -1 -1 -10 617.000000 166.000000 665.000000 208.000000 1.658791 1.701538 3.996450 1.495252 1.441276 31.908524 1.668264 0.999496
Car -1 -1 -10 448.000000 173.000000 594.000000 281.000000 1.495936 1.577293 3.705943 -1.316229 1.583477 12.266744 -1.404959 0.999070
Car -1 -1 -10 -10.000000 176.000000 451.000000 372.000000 1.545833 1.587675 3.777147 -2.479501 1.605968 5.495218 1.689995 0.988311
Car -1 -1 -10 875.000000 204.000000 1241.000000 372.000000 1.508736 1.549443 3.678552 2.808703 1.666690 4.604578 -1.426425 0.974316
Car -1 -1 -10 644.000000 169.000000 680.000000 200.000000 1.603295 1.671728 3.892699 2.186199 1.338229 39.085974 -1.470429 0.960512
Car -1 -1 -10 762.000000 177.000000 807.000000 226.000000 1.481574 1.610221 3.659946 5.886328 1.801173 23.923620 -1.388926 0.950329
Car -1 -1 -10 475.000000 163.000000 577.000000 225.000000 1.508510 1.585380 3.784440 -2.679000 1.164825 25.549334 0.311756 0.935248
Cyclist -1 -1 -10 700.000000 164.000000 710.000000 192.000000 1.760058 0.566165 1.682298 6.468073 1.243207 48.993250 1.765368 0.179160
Cyclist -1 -1 -10 469.000000 162.000000 575.000000 229.000000 1.650634 0.510426 1.588072 -2.635561 1.435397 21.607225 1.432763 0.012060
