Car -1 -1 -10 674.000000 176.000000 744.000000 222.000000 1.492337 1.593824 3.758726 3.162087 1.629298 23.972586 -1.571975 0.998516
Car -1 -1 -10 368.000000 192.000000 453.000000 244.000000 1.461429 1.624346 3.968350 -6.126743 2.104914 22.099828 1.573564 0.997866
Car -1 -1 -10 436.000000 188.000000 493.000000 226.000000 1.441317 1.592732 3.812135 -5.961512 2.161926 29.485915 1.617447 0.996665
Car -1 -1 -10 869.000000 146.000000 1063.000000 213.000000 1.558387 1.688101 4.140596 9.191145 0.959814 18.212457 3.167999 0.996334
Car -1 -1 -10 269.000000 197.000000 401.000000 274.000000 1.460957 1.563332 3.761694 -6.119545 2.041491 16.130566 1.551866 0.991704
Car -1 -1 -10 89.000000 207.000000 316.000000 329.000000 1.472502 1.592178 3.872947 -6.009780 2.067870 11.330892 1.582175 0.910109
Car -1 -1 -10 6.000000 223.000000 145.000000 372.000000 1.563317 1.649363 3.773557 -6.535597 2.074515 6.731366 1.558841 0.848288
Car -1 -1 -10 661.000000 176.000000 715.000000 213.000000 1.506439 1.613087 3.947172 3.036101 1.587441 29.646141 -1.585440 0.748074
Car -1 -1 -10 794.000000 156.000000 948.000000 204.000000 1.504450 1.618936 3.981054 8.313459 1.237852 23.767256 3.047179 0.442146
Car -1 -1 -10 649.000000 178.000000 688.000000 205.000000 1.504265 1.618398 4.010162 3.094040 1.681958 39.624240 1.523760 0.384173
Car -1 -1 -10 466.000000 186.000000 513.000000 217.000000 1.553042 1.598757 3.834190 -6.069433 2.175134 35.590027 1.596655 0.151693
Car -1 -1 -10 215.000000 210.000000 320.000000 270.000000 1.506828 1.580520 3.722709 -7.234774 1.823226 14.147601 0.691420 0.044203
Car -1 -1 -10 235.000000 223.000000 297.000000 255.000000 1.497855 1.625122 3.929073 -11.046280 2.515182 23.229518 1.590524 0.016215
Car -1 -1 -10 1191.000000 129.000000 1241.000000 179.000000 1.541984 1.601432 3.900226 23.192806 0.163264 25.421315 0.051693 0.012649
