Car -1 -1 -10 387.000000 181.000000 477.000000 238.000000 1.483574 1.604984 3.623183 -4.863632 1.428128 20.441535 -1.590023 0.999159
Car -1 -1 -10 575.000000 173.000000 629.000000 222.000000 1.508656 1.665602 3.772475 -0.261168 1.122770 25.583464 -1.583571 0.998629
Car -1 -1 -10 1.000000 149.000000 337.000000 374.000000 1.804164 1.733898 4.185849 -4.603833 1.613924 7.806668 -1.575832 0.949490
Car -1 -1 -10 508.000000 172.000000 549.000000 203.000000 1.475927 1.589656 3.870323 -4.737339 1.014576 42.948223 -1.638780 0.899471
Car -1 -1 -10 353.000000 179.000000 389.000000 206.000000 1.507657 1.600133 3.939318 -13.381041 1.285486 41.659005 -1.487856 0.410006
Car -1 -1 -10 266.000000 181.000000 344.000000 237.000000 1.614984 1.700936 3.934002 -8.824615 1.424812 21.431867 1.566940 0.159737
Car -1 -1 -10 424.000000 176.000000 469.000000 206.000000 1.536468 1.604639 3.591654 -8.702671 1.059449 40.497014 -1.798072 0.150041
Car -1 -1 -10 389.000000 180.000000 431.000000 211.000000 1.562249 1.626181 3.874539 -9.303211 1.206235 33.181235 -1.851623 0.092045
Car -1 -1 -10 203.000000 175.000000 338.000000 240.000000 1.593201 1.616861 3.850740 -8.618630 1.528443 19.333130 -1.512353 0.030797
Car -1 -1 -10 577.000000 174.000000 609.000000 204.000000 1.533273 1.576411 3.522851 -1.396688 0.636387 35.454566 2.056657 0.015003
