Pedestrian -1 -1 -10 350.000000 164.000000 386.000000 257.000000 1.792568 0.689810 0.786939 -4.705584 1.426942 14.414120 -1.274662 0.977108
Pedestrian -1 -1 -10 476.000000 183.000000 507.000000 254.000000 1.712636 0.663246 0.857671 -2.160706 1.654075 14.162858 -1.669036 0.591133
Pedestrian -1 -1 -10 445.000000 187.000000 475.000000 254.000000 1.628812 0.717608 0.800984 -2.849848 1.685811 14.223631 -1.299724 0.324570
Pedestrian -1 -1 -10 1120.000000 128.000000 1154.000000 231.000000 1.696204 0.538621 0.632114 8.738234 0.778455 11.764035 3.379841 0.150606
Pedestrian -1 -1 -10 1103.000000 129.000000 1137.000000 231.000000 1.745312 0.592847 0.895823 8.875525 0.895712 12.428660 3.179590 0.076550
Pedestrian -1 -1 -10 466.000000 186.000000 494.000000 249.000000 1.778320 0.653198 0.768555 -2.751392 1.380171 16.977972 0.372612 0.065551
Pedestrian -1 -1 -10 1090.000000 130.000000 1124.000000 230.000000 1.748350 0.723236 0.800884 8.699842 0.966431 12.374213 2.344647 0.059103
Car -1 -1 -10 728.000000 152.000000 913.000000 292.000000 1.796686 1.653524 3.861088 3.199158 1.464484 11.253056 -1.595365 0.969015
Car -1 -1 -10 967.000000 206.000000 1234.000000 372.000000 1.471951 1.619948 3.935354 3.668432 1.461761 3.684173 -1.966028 0.191117
Cyclist -1 -1 -10 978.000000 201.000000 1216.000000 373.000000 1.691481 0.534682 1.667092 2.769958 1.924251 4.100494 1.621881 0.537004
