Car -1 -1 -10 634.000000 181.000000 688.000000 219.000000 1.460604 1.569457 3.582809 2.078117 1.830672 29.670966 -1.694745 0.998606
Car -1 -1 -10 795.000000 180.000000 957.000000 245.000000 1.479690 1.586251 3.710694 6.291172 1.673143 17.383076 -2.092603 0.996142
Car -1 -1 -10 318.000000 183.000000 477.000000 230.000000 1.490106 1.609124 3.844079 -6.960025 1.941018 25.408367 -3.089575 0.970856
Car -1 -1 -10 32.000000 194.000000 308.000000 300.000000 1.529942 1.628212 3.885865 -6.726488 1.818644 10.565478 -3.136128 0.936081
Car -1 -1 -10 -2.000000 187.000000 206.000000 333.000000 1.509462 1.590880 3.620370 -6.999962 1.689543 8.674303 -3.147457 0.775515
Car -1 -1 -10 378.000000 182.000000 491.000000 217.000000 1.482794 1.549168 3.694811 -7.383289 1.854763 33.921710 0.712627 0.688178
Car -1 -1 -10 269.000000 185.000000 430.000000 244.000000 1.494506 1.618619 4.032010 -7.522362 1.869317 20.373003 -3.082936 0.556835
Car -1 -1 -10 617.000000 179.000000 660.000000 208.000000 1.574895 1.607980 3.948027 1.347367 1.924006 39.237086 -1.664380 0.360334
Car -1 -1 -10 130.000000 177.000000 367.000000 284.000000 1.750726 1.739447 4.210727 -6.240779 1.707164 13.182946 -3.082846 0.310195
Car -1 -1 -10 422.000000 182.000000 511.000000 212.000000 1.693140 1.632587 3.846336 -7.546360 2.119920 37.187539 0.022431 0.214161
