Pedestrian -1 -1 -10 119.000000 173.000000 207.000000 373.000000 1.724603 0.596254 0.790766 -3.717634 1.661629 6.043221 -2.239123 0.996178
Pedestrian -1 -1 -10 359.000000 159.000000 412.000000 315.000000 1.751986 0.688538 0.979153 -2.587294 1.497246 8.401777 -1.862215 0.990953
Pedestrian -1 -1 -10 208.000000 160.000000 314.000000 373.000000 1.725793 0.685512 0.652003 -2.289302 1.481823 4.899506 -3.036350 0.989952
Pedestrian -1 -1 -10 91.000000 180.000000 159.000000 336.000000 1.790552 0.653265 0.737346 -4.904789 1.697844 7.464057 -1.670620 0.981166
Pedestrian -1 -1 -10 294.000000 162.000000 363.000000 372.000000 1.757805 0.519120 0.848647 -2.218982 1.608148 5.716044 -2.878335 0.974671
Pedestrian -1 -1 -10 166.000000 172.000000 234.000000 331.000000 1.810571 0.645569 0.839652 -4.204497 1.722401 7.603698 0.699683 0.761796
Pedestrian -1 -1 -10 253.000000 165.000000 324.000000 326.000000 1.714807 0.625903 0.653017 -4.277299 1.435253 9.772805 2.140573 0.697616
Pedestrian -1 -1 -10 321.000000 163.000000 357.000000 323.000000 1.680723 0.576596 0.691994 -3.130904 1.367686 8.425770 2.702773 0.589560
Pedestrian -1 -1 -10 198.000000 162.000000 242.000000 312.000000 1.735653 0.525391 0.690936 -4.512892 1.660982 8.280644 2.193659 0.476448
Pedestrian -1 -1 -10 535.000000 169.000000 551.000000 215.000000 1.779646 0.644385 0.928862 -2.272198 1.243978 27.748477 -1.744905 0.435230
Pedestrian -1 -1 -10 309.000000 173.000000 421.000000 282.000000 1.751371 0.659866 0.613518 -3.809121 2.309069 11.729493 -2.324419 0.302106
Pedestrian -1 -1 -10 664.000000 160.000000 686.000000 224.000000 1.716234 0.631140 0.766491 2.150039 1.168098 21.446668 1.550722 0.281730
Pedestrian -1 -1 -10 291.000000 169.000000 336.000000 327.000000 1.750238 0.581811 0.650887 -4.084263 1.438684 9.687500 -1.490054 0.179392
Pedestrian -1 -1 -10 546.000000 170.000000 562.000000 215.000000 1.831198 0.664573 0.919933 -1.842893 1.278455 27.908291 -1.783440 0.160553
Pedestrian -1 -1 -10 306.000000 174.000000 368.000000 268.000000 1.698034 0.662409 0.777534 -4.180834 1.156922 10.876551 -2.433174 0.140671
Pedestrian -1 -1 -10 262.000000 167.000000 388.000000 295.000000 1.829823 0.649947 0.746725 -3.813448 1.477730 9.823403 0.781269 0.123579
Car -1 -1 -10 325.000000 175.000000 446.000000 278.000000 1.560676 1.570528 3.905979 -3.910268 1.558828 13.618406 1.513074 0.803837
Car -1 -1 -10 353.000000 168.000000 415.000000 300.000000 1.605483 1.610619 3.729615 -3.421453 1.669323 10.257508 -1.945187 0.074383
Cyclist -1 -1 -10 478.000000 163.000000 518.000000 232.000000 1.754295 0.693502 1.757371 -2.916473 1.329594 19.399154 1.341698 0.999231
Cyclist -1 -1 -10 332.000000 177.000000 437.000000 281.000000 1.663675 0.588227 1.677095 -3.461859 2.120621 12.013803 1.728534 0.377076
Cyclist -1 -1 -10 356.000000 164.000000 411.000000 307.000000 1.782905 0.520683 1.710180 -2.603670 1.573741 8.512655 -1.877421 0.035019
Cyclist -1 -1 -10 323.000000 161.000000 354.000000 290.000000 1.735137 0.532034 1.282061 -4.129449 1.177174 10.324135 2.621118 0.024855
Cyclist -1 -1 -10 272.000000 170.000000 405.000000 286.000000 1.745395 0.557799 1.640886 -4.170942 1.239207 10.881072 -1.382139 0.018933
Cyclist -1 -1 -10 664.000000 161.000000 687.000000 224.000000 1.731993 0.577066 1.685342 2.220671 1.140094 21.508614 1.553086 0.015043
Cyclist -1 -1 -10 309.000000 174.000000 365.000000 261.000000 1.733359 0.602522 1.525880 -4.548412 1.105549 11.513589 2.709059 0.013757
Cyclist -1 -1 -10 264.000000 161.000000 369.000000 366.000000 1.724823 0.496205 1.677613 -2.329243 1.512934 5.635418 -1.553620 0.011312
Cyclist -1 -1 -10 201.000000 161.000000 251.000000 317.000000 1.746654 0.510402 1.630111 -4.463182 1.598159 8.135053 -2.048455 0.011263
