Pedestrian -1 -1 -10 2.000000 159.000000 103.000000 369.000000 1.772155 0.621564 0.927399 -4.853748 1.444006 5.994263 -2.827539 0.018626
Car -1 -1 -10 779.000000 193.000000 1079.000000 376.000000 1.507535 1.575031 3.585516 2.902907 1.725219 7.408673 -1.594095 0.999468
Car -1 -1 -10 675.000000 183.000000 756.000000 243.000000 1.452102 1.596378 3.743968 2.785356 1.776598 19.713777 -1.587774 0.999418
Car -1 -1 -10 17.000000 170.000000 347.000000 298.000000 1.579475 1.636627 4.017301 -6.431259 1.552130 10.512031 -3.131684 0.997266
Car -1 -1 -10 231.000000 175.000000 443.000000 243.000000 1.590804 1.645014 3.955178 -6.458117 1.647986 18.279506 0.053943 0.977835
Car -1 -1 -10 653.000000 176.000000 697.000000 217.000000 1.588766 1.648505 3.859724 2.724883 1.771456 30.588488 -1.580541 0.962861
Car -1 -1 -10 420.000000 178.000000 511.000000 216.000000 1.461567 1.574793 3.847698 -6.109649 1.652308 30.810170 -3.178302 0.877822
Car -1 -1 -10 1000.000000 216.000000 1247.000000 369.000000 1.518619 1.599588 3.691206 2.911876 1.655390 2.081533 -1.564104 0.782319
Car -1 -1 -10 308.000000 169.000000 486.000000 228.000000 1.722830 1.719869 3.992999 -6.383887 1.629070 23.009948 -3.156449 0.580605
Car -1 -1 -10 163.000000 180.000000 355.000000 263.000000 1.610377 1.635401 3.722887 -6.734664 1.743623 13.930329 -2.677257 0.575191
Car -1 -1 -10 2.000000 165.000000 132.000000 360.000000 1.711727 1.642200 3.796145 -6.069341 1.551678 5.702514 -2.899588 0.481262
