Pedestrian -1 -1 -10 749.000000 163.000000 766.000000 218.000000 1.717653 0.594529 0.666322 5.206181 0.987018 24.125543 -0.796382 0.079592
Pedestrian -1 -1 -10 755.000000 162.000000 764.000000 207.000000 1.745743 0.620234 0.633310 5.477380 1.102363 26.580398 -1.295301 0.059475
Pedestrian -1 -1 -10 746.000000 168.000000 757.000000 209.000000 1.812728 0.673075 0.619373 5.235114 1.381670 26.973653 1.943231 0.031325
Pedestrian -1 -1 -10 751.000000 169.000000 761.000000 207.000000 1.756167 0.664366 0.571951 5.271512 1.274316 26.736407 -1.482918 0.029789
Pedestrian -1 -1 -10 739.000000 169.000000 772.000000 207.000000 1.748990 0.651273 0.503032 5.276737 1.341436 26.936459 2.892333 0.019616
Pedestrian -1 -1 -10 741.000000 173.000000 752.000000 211.000000 1.765466 0.630560 0.716516 5.151885 1.346145 27.064736 -0.809760 0.018870
Car -1 -1 -10 362.000000 187.000000 522.000000 296.000000 1.496838 1.650460 4.119186 -2.709399 1.778181 12.415335 1.575865 0.999671
Car -1 -1 -10 718.000000 159.000000 913.000000 296.000000 1.869273 1.710058 4.154121 3.161566 1.691382 12.280392 -1.608103 0.996649
Car -1 -1 -10 678.000000 185.000000 762.000000 247.000000 1.543360 1.627837 3.921313 2.989025 1.861639 19.845084 -1.585901 0.991310
Car -1 -1 -10 660.000000 185.000000 719.000000 228.000000 1.455873 1.593894 3.807773 2.841735 1.912205 25.801357 -1.594068 0.983985
Car -1 -1 -10 468.000000 181.000000 513.000000 207.000000 1.561820 1.479090 3.158393 -7.461324 2.832276 49.454192 1.469778 0.054016
Car -1 -1 -10 735.000000 173.000000 757.000000 236.000000 1.613094 1.587465 3.831018 4.686620 1.143822 27.211285 1.839852 0.042767
