Car -1 -1 -10 573.000000 174.000000 611.000000 209.000000 1.514124 1.597617 3.542099 -0.747931 0.957950 36.203638 -1.600709 0.999450
Car -1 -1 -10 438.000000 181.000000 504.000000 225.000000 1.414698 1.598494 3.823960 -4.721296 1.287195 25.395046 -1.567110 0.998874
Car -1 -1 -10 327.000000 183.000000 453.000000 260.000000 1.481948 1.610549 4.000126 -4.758125 1.434299 15.962388 -1.562237 0.998860
Car -1 -1 -10 286.000000 182.000000 379.000000 231.000000 1.456923 1.636003 3.907817 -8.533362 1.390244 23.139933 -1.515192 0.977761
Car -1 -1 -10 -1.000000 194.000000 294.000000 372.000000 1.491148 1.600495 3.804718 -4.318536 1.653747 6.146463 -1.551839 0.955107
Car -1 -1 -10 55.000000 175.000000 259.000000 274.000000 1.510146 1.617385 3.759540 -8.543743 1.413280 14.220126 -1.586116 0.947184
Car -1 -1 -10 191.000000 175.000000 293.000000 219.000000 1.466141 1.629919 3.797868 -12.320187 1.183718 24.024357 -1.558949 0.299796
Car -1 -1 -10 368.000000 179.000000 434.000000 205.000000 1.520981 1.622252 3.760929 -12.239919 1.505816 40.794206 -1.253060 0.130645
Car -1 -1 -10 463.000000 178.000000 509.000000 212.000000 1.618062 1.587667 3.619667 -5.744602 1.317284 33.125557 -1.626956 0.021783
Car -1 -1 -10 1.000000 194.000000 135.000000 370.000000 1.509919 1.611614 3.844494 -5.107514 1.661472 5.724921 -2.750342 0.014829
Car -1 -1 -10 108.000000 203.000000 259.000000 256.000000 1.522069 1.688440 3.913818 -8.509037 1.608895 14.020643 1.546415 0.011313
