Pedestrian -1 -1 -10 397.000000 184.000000 407.000000 220.000000 1.782503 0.657205 0.839188 -10.628676 2.314092 36.376977 1.175592 0.590180
Pedestrian -1 -1 -10 407.000000 180.000000 419.000000 215.000000 1.819971 0.697946 0.719887 -10.075610 2.147321 36.631098 1.334680 0.382589
Pedestrian -1 -1 -10 0.000000 190.000000 126.000000 372.000000 1.662652 0.712759 0.634876 -3.464216 1.706188 4.225587 1.405893 0.358741
Pedestrian -1 -1 -10 -22.000000 208.000000 259.000000 373.000000 1.765432 0.622414 0.796838 -4.237413 2.210689 6.061668 -2.542211 0.070680
Pedestrian -1 -1 -10 172.000000 192.000000 334.000000 370.000000 1.723523 0.729265 0.762928 -3.110228 1.800579 6.412627 1.548735 0.029260
Car -1 -1 -10 600.000000 183.000000 666.000000 235.000000 1.484907 1.572401 3.604370 0.543099 1.873299 23.419580 -1.718760 0.998939
Car -1 -1 -10 403.000000 191.000000 450.000000 229.000000 1.460596 1.574276 3.532184 -7.184426 2.157286 28.780787 -1.726353 0.997483
Car -1 -1 -10 850.000000 186.000000 1237.000000 375.000000 1.532057 1.574477 3.764836 2.848852 1.647276 4.309700 -1.626713 0.961366
Car -1 -1 -10 188.000000 193.000000 367.000000 301.000000 1.486792 1.646194 4.070420 -5.730152 1.921214 12.741323 1.469415 0.944947
Car -1 -1 -10 -16.000000 210.000000 265.000000 373.000000 1.485576 1.598702 3.772067 -5.045941 1.923877 7.547834 -1.745993 0.937345
Car -1 -1 -10 574.000000 183.000000 613.000000 218.000000 1.469075 1.567752 3.621306 -0.865281 2.021570 33.797886 -1.679256 0.903837
Car -1 -1 -10 423.000000 185.000000 461.000000 221.000000 1.554444 1.660207 3.966983 -8.658924 2.155550 37.848992 -1.718807 0.259740
Car -1 -1 -10 143.000000 202.000000 353.000000 364.000000 1.533931 1.486561 3.291026 -5.821082 2.128542 11.235849 1.627413 0.141644
Car -1 -1 -10 0.000000 189.000000 128.000000 380.000000 1.525949 1.607738 3.681157 -3.882014 1.418290 4.284364 1.384280 0.059330
Car -1 -1 -10 684.000000 193.000000 861.000000 292.000000 1.503304 1.616139 3.712981 2.321948 1.648272 11.472567 -1.742377 0.019306
Cyclist -1 -1 -10 176.000000 187.000000 339.000000 376.000000 1.736861 0.529514 1.777022 -3.020200 1.815678 6.288388 1.549340 0.997056
Cyclist -1 -1 -10 1.000000 187.000000 113.000000 376.000000 1.609481 0.540894 1.597516 -3.371476 1.570470 4.087115 1.438987 0.729057
Cyclist -1 -1 -10 191.000000 195.000000 364.000000 296.000000 1.649456 0.539307 1.815229 -4.996561 1.958260 12.520842 1.648588 0.605761
Cyclist -1 -1 -10 -44.000000 207.000000 263.000000 377.000000 1.659723 0.701732 1.751504 -4.190397 1.956827 6.619178 1.518747 0.533392
