Pedestrian -1 -1 -10 532.000000 175.000000 544.000000 212.000000 1.777480 0.552636 0.887638 -3.559458 2.003101 35.432940 0.989212 0.688300
Pedestrian -1 -1 -10 683.000000 164.000000 693.000000 204.000000 1.848805 0.653750 0.638810 4.215522 1.445531 39.188829 1.156805 0.127244
Pedestrian -1 -1 -10 545.000000 175.000000 558.000000 212.000000 1.711237 0.627705 0.767601 -2.972567 1.840124 36.054112 1.463436 0.036283
Pedestrian -1 -1 -10 525.000000 177.000000 550.000000 206.000000 1.781726 0.738898 0.774536 -3.430450 1.893703 35.406959 0.454144 0.034446
Pedestrian -1 -1 -10 678.000000 168.000000 698.000000 200.000000 1.820640 0.704578 0.697551 4.285390 1.436413 39.197339 -1.482010 0.021707
Car -1 -1 -10 678.000000 172.000000 780.000000 256.000000 1.589663 1.588575 3.641691 2.446678 1.617916 15.945768 -1.593643 0.999182
Car -1 -1 -10 366.000000 182.000000 463.000000 251.000000 1.554416 1.606243 3.862688 -5.144700 1.858509 19.406839 1.553547 0.998742
Car -1 -1 -10 474.000000 183.000000 518.000000 215.000000 1.478703 1.598120 3.661410 -5.555265 1.967705 34.887638 1.588924 0.998301
Car -1 -1 -10 1.000000 179.000000 248.000000 372.000000 1.645316 1.667599 3.947632 -4.623857 1.823168 5.346860 -1.582624 0.930985
Car -1 -1 -10 527.000000 178.000000 547.000000 205.000000 1.528320 1.600849 3.692633 -5.359022 2.916998 52.953489 -1.703282 0.043976
Cyclist -1 -1 -10 532.000000 175.000000 544.000000 213.000000 1.797548 0.616425 1.864548 -3.594900 2.035973 35.539927 -1.666727 0.927112
Cyclist -1 -1 -10 544.000000 174.000000 562.000000 212.000000 1.724235 0.655808 1.794167 -2.980127 1.818715 36.142269 1.583755 0.585781
Cyclist -1 -1 -10 525.000000 178.000000 548.000000 204.000000 1.712978 0.531419 1.608745 -3.772684 1.452781 35.776096 -1.670487 0.063106
Cyclist -1 -1 -10 544.000000 178.000000 554.000000 205.000000 1.697519 0.579678 1.798934 -3.037284 1.777551 36.196473 1.565236 0.010566
