Pedestrian -1 -1 -10 508.000000 172.000000 532.000000 237.000000 1.706971 0.569395 0.724184 -2.088021 1.457848 18.342819 -1.097507 0.992827
Pedestrian -1 -1 -10 201.000000 166.000000 269.000000 310.000000 1.696126 0.578474 0.745997 -3.830762 1.304955 7.330869 2.215402 0.987056
Pedestrian -1 -1 -10 565.000000 169.000000 584.000000 224.000000 1.722710 0.531944 0.772243 -0.909611 1.363672 23.373727 2.560857 0.960235
Pedestrian -1 -1 -10 639.000000 173.000000 661.000000 231.000000 1.700440 0.617351 0.764169 1.327516 1.483437 20.195166 2.039483 0.942196
Pedestrian -1 -1 -10 361.000000 160.000000 393.000000 255.000000 1.801582 0.648096 0.914321 -4.638942 1.412697 14.580731 -2.952819 0.934385
Pedestrian -1 -1 -10 1144.000000 140.000000 1235.000000 374.000000 1.676917 0.543698 0.817375 4.113342 1.702433 4.808499 1.234505 0.640607
Pedestrian -1 -1 -10 629.000000 167.000000 645.000000 216.000000 1.803267 0.635774 0.900996 1.238149 1.149274 26.479666 -1.646738 0.291447
Pedestrian -1 -1 -10 633.000000 169.000000 652.000000 224.000000 1.686360 0.560107 0.723827 1.239867 1.417530 20.196435 2.667440 0.198166
Pedestrian -1 -1 -10 121.000000 172.000000 297.000000 343.000000 1.770887 0.826822 0.825286 -3.520123 1.717498 6.961879 2.142171 0.098825
Pedestrian -1 -1 -10 74.000000 180.000000 108.000000 274.000000 1.815909 0.690853 0.561684 -6.761730 2.034610 9.554457 -1.665387 0.063453
Pedestrian -1 -1 -10 0.000000 120.000000 74.000000 366.000000 1.695520 0.647961 0.806242 -2.888059 1.082584 3.474164 2.360425 0.032173
Cyclist -1 -1 -10 507.000000 175.000000 538.000000 236.000000 1.737568 0.596030 1.747892 -2.209761 1.427246 18.689729 -1.190439 0.377798
Cyclist -1 -1 -10 1150.000000 135.000000 1234.000000 374.000000 1.733832 0.644862 1.726670 4.258727 1.587765 4.610141 1.570873 0.021207
Cyclist -1 -1 -10 0.000000 121.000000 68.000000 369.000000 1.671840 0.495309 1.710933 -2.858962 1.050493 3.519444 -2.300633 0.010760
