Pedestrian -1 -1 -10 674.000000 167.000000 682.000000 206.000000 1.770035 0.600559 0.801638 3.306646 1.524419 34.939092 1.631198 0.230747
Car -1 -1 -10 774.000000 183.000000 1056.000000 346.000000 1.472190 1.586656 3.664483 3.132368 1.598902 8.216150 -1.629168 0.999477
Car -1 -1 -10 471.000000 177.000000 524.000000 204.000000 1.447277 1.585654 3.844234 -6.313274 1.650803 39.643209 0.941935 0.996914
Car -1 -1 -10 139.000000 183.000000 346.000000 293.000000 1.517267 1.604582 3.787814 -5.758897 1.740885 11.597781 1.544293 0.996542
Car -1 -1 -10 2.000000 195.000000 208.000000 375.000000 1.515661 1.592230 3.820554 -5.652734 1.799732 7.019012 1.540916 0.952925
Car -1 -1 -10 935.000000 170.000000 1248.000000 378.000000 1.518034 1.637870 3.942542 2.989926 1.851220 2.748732 -1.590402 0.911962
Car -1 -1 -10 202.000000 175.000000 276.000000 218.000000 1.468550 1.597165 4.020454 -14.830738 1.650078 28.710367 1.142100 0.614992
Car -1 -1 -10 264.000000 183.000000 340.000000 236.000000 1.542085 1.593751 3.781143 -11.313403 1.665089 26.874102 -2.513326 0.112602
Car -1 -1 -10 172.000000 178.000000 240.000000 218.000000 1.450421 1.629940 4.109433 -15.136258 1.587591 28.877657 2.157227 0.024069
Cyclist -1 -1 -10 939.000000 171.000000 1247.000000 376.000000 1.647110 0.593100 1.746058 2.403943 1.928997 3.443232 1.124280 0.020119
