Pedestrian -1 -1 -10 707.000000 137.000000 765.000000 291.000000 1.744988 0.676095 0.825836 1.592324 1.261121 8.668926 1.243384 0.997327
Pedestrian -1 -1 -10 538.000000 140.000000 565.000000 218.000000 1.788132 0.679256 0.831117 -1.312122 0.869127 16.543882 1.452915 0.995784
Pedestrian -1 -1 -10 646.000000 134.000000 696.000000 304.000000 1.831390 0.640486 0.833710 0.767807 1.342972 8.525764 0.742888 0.995563
Pedestrian -1 -1 -10 568.000000 137.000000 594.000000 217.000000 1.764843 0.597528 0.872340 -0.598085 0.765289 16.778334 1.396444 0.987190
Pedestrian -1 -1 -10 497.000000 141.000000 523.000000 213.000000 1.804584 0.639917 0.860040 -2.449258 0.786523 17.505597 1.028953 0.982393
Pedestrian -1 -1 -10 472.000000 142.000000 496.000000 213.000000 1.780468 0.671171 0.873524 -3.129995 0.809123 18.090624 0.975723 0.925256
Pedestrian -1 -1 -10 416.000000 142.000000 442.000000 213.000000 1.734018 0.653861 0.835369 -4.383585 0.742745 17.345919 1.220535 0.804822
Pedestrian -1 -1 -10 245.000000 136.000000 277.000000 255.000000 1.851722 0.578712 0.899222 -5.837056 1.155583 11.981007 2.123271 0.750905
Pedestrian -1 -1 -10 529.000000 140.000000 556.000000 207.000000 1.810484 0.664337 0.804091 -1.924953 0.747554 19.392198 1.454781 0.636016
Pedestrian -1 -1 -10 275.000000 134.000000 317.000000 239.000000 1.767289 0.614087 0.857444 -5.162080 0.873238 11.642549 -1.544108 0.386179
Pedestrian -1 -1 -10 524.000000 141.000000 544.000000 199.000000 1.783398 0.612656 0.698139 -2.195704 0.599306 20.350906 1.500001 0.380321
Pedestrian -1 -1 -10 447.000000 148.000000 470.000000 206.000000 1.712527 0.646382 0.798645 -3.743642 0.788167 17.790583 -2.267275 0.361557
Pedestrian -1 -1 -10 520.000000 141.000000 536.000000 193.000000 1.805166 0.632066 0.739915 -2.893393 0.413859 24.718805 1.961319 0.331784
Pedestrian -1 -1 -10 705.000000 146.000000 745.000000 236.000000 1.740934 0.504648 0.688563 1.882990 1.245043 12.125945 0.290168 0.276901
Pedestrian -1 -1 -10 554.000000 141.000000 571.000000 199.000000 1.829101 0.594159 0.822312 -1.361858 0.495965 23.166715 -1.661222 0.264462
Pedestrian -1 -1 -10 561.000000 140.000000 581.000000 195.000000 1.838804 0.582123 0.716333 -1.365736 0.441180 25.173907 2.097040 0.257474
Cyclist -1 -1 -10 275.000000 134.000000 317.000000 238.000000 1.726385 0.536038 1.687835 -5.076668 0.592288 11.674706 -1.913646 0.596403
Cyclist -1 -1 -10 443.000000 147.000000 471.000000 212.000000 1.706911 0.503886 1.609059 -3.758940 0.777195 18.267823 -1.663171 0.468529
Cyclist -1 -1 -10 403.000000 153.000000 464.000000 217.000000 1.701553 0.654504 1.700943 -4.378627 0.818807 17.398815 2.014111 0.400464
Cyclist -1 -1 -10 415.000000 142.000000 444.000000 213.000000 1.731188 0.553444 1.719515 -4.505157 0.774766 17.572790 0.736446 0.375447
Cyclist -1 -1 -10 304.000000 153.000000 372.000000 205.000000 1.716378 0.426532 1.412843 -6.332173 1.207566 16.953124 -1.212045 0.236661
Cyclist -1 -1 -10 336.000000 152.000000 387.000000 198.000000 1.715628 0.424532 1.414125 -5.861740 1.218769 17.190506 -1.185355 0.176105
Cyclist -1 -1 -10 319.000000 154.000000 357.000000 195.000000 1.659700 0.439436 1.484774 -6.553534 1.085888 17.036616 -1.796410 0.154858
Cyclist -1 -1 -10 236.000000 141.000000 337.000000 240.000000 1.736967 0.485319 1.714316 -5.349508 1.053278 11.808435 -2.479591 0.136100
Cyclist -1 -1 -10 569.000000 139.000000 592.000000 210.000000 1.796636 0.576365 1.800479 -0.668213 0.712862 17.059145 1.571547 0.039072
Cyclist -1 -1 -10 555.000000 141.000000 573.000000 194.000000 1.733327 0.652632 1.662643 -1.344024 0.317549 24.924349 -1.570743 0.029547
Cyclist -1 -1 -10 240.000000 134.000000 280.000000 260.000000 1.806253 0.518716 1.818386 -5.783698 1.087623 11.889206 -2.445003 0.029324
Cyclist -1 -1 -10 526.000000 140.000000 546.000000 202.000000 1.772144 0.564778 1.714486 -2.227847 0.643016 20.338107 -2.363465 0.020094
Cyclist -1 -1 -10 546.000000 141.000000 569.000000 209.000000 1.725943 0.612064 1.626795 -1.278878 0.661276 19.537611 -1.608597 0.015052
Cyclist -1 -1 -10 533.000000 140.000000 562.000000 210.000000 1.790135 0.603953 1.726274 -1.688851 0.740948 18.646525 -1.565093 0.014507
Cyclist -1 -1 -10 561.000000 140.000000 581.000000 195.000000 1.730066 0.633675 1.655032 -1.311391 0.315806 25.070341 -1.573454 0.013990
