Car -1 -1 -10 184.000000 192.000000 397.000000 313.000000 1.477252 1.608608 3.835543 -4.744720 1.839764 11.057672 1.573054 0.999346
Car -1 -1 -10 514.000000 179.000000 554.000000 208.000000 1.532300 1.592389 3.641448 -4.025141 1.820704 38.072725 1.592452 0.999245
Car -1 -1 -10 769.000000 184.000000 944.000000 289.000000 1.455083 1.613104 3.792179 3.764467 1.646904 11.831636 -1.567963 0.999148
Car -1 -1 -10 347.000000 185.000000 465.000000 260.000000 1.510481 1.555092 3.670580 -4.615552 1.863104 16.695707 1.605497 0.999064
Car -1 -1 -10 419.000000 185.000000 501.000000 236.000000 1.437287 1.587490 3.913465 -4.548197 1.831491 22.171051 1.612587 0.998933
Car -1 -1 -10 877.000000 194.000000 1236.000000 374.000000 1.461665 1.601976 3.895812 3.755493 1.666008 6.360742 -1.539994 0.996303
Car -1 -1 -10 702.000000 179.000000 770.000000 230.000000 1.479793 1.571543 3.716073 3.804150 1.738575 22.074234 -1.557976 0.995520
Car -1 -1 -10 719.000000 181.000000 831.000000 250.000000 1.444566 1.642815 4.066323 3.734342 1.659628 17.181068 -1.582614 0.993992
Car -1 -1 -10 692.000000 178.000000 746.000000 217.000000 1.511642 1.590606 3.711708 4.145162 1.746908 27.598112 -1.529355 0.950122
Car -1 -1 -10 531.000000 178.000000 564.000000 205.000000 1.457416 1.650381 4.020397 -4.338288 1.885399 42.390757 1.612254 0.851347
