Pedestrian -1 -1 -10 766.000000 183.000000 805.000000 285.000000 1.773720 0.575418 0.890314 2.744744 1.792010 11.222622 2.830243 0.436614
Pedestrian -1 -1 -10 747.000000 180.000000 818.000000 258.000000 1.843543 0.719647 0.816853 3.993438 1.839862 17.534855 -1.350395 0.050989
Pedestrian -1 -1 -10 757.000000 183.000000 856.000000 276.000000 1.719906 0.599706 0.641275 3.155908 1.397590 12.211626 -1.857487 0.025665
Car -1 -1 -10 778.000000 175.000000 951.000000 308.000000 1.586272 1.615332 3.764139 3.507670 1.704930 10.950348 -1.549279 0.998218
Car -1 -1 -10 196.000000 190.000000 449.000000 360.000000 1.553227 1.519054 3.501070 -3.055281 1.807948 8.430678 1.592147 0.997874
Car -1 -1 -10 692.000000 181.000000 755.000000 232.000000 1.481321 1.630496 3.990335 3.703143 1.836196 23.687744 -1.538415 0.995442
Car -1 -1 -10 910.000000 211.000000 1235.000000 371.000000 1.457666 1.591767 3.850128 3.793161 1.815209 5.597612 -1.538930 0.993640
Car -1 -1 -10 551.000000 177.000000 586.000000 204.000000 1.509580 1.612714 3.869590 -2.405209 1.765300 41.414794 1.590883 0.975444
Car -1 -1 -10 721.000000 182.000000 834.000000 251.000000 1.486216 1.592967 3.761175 3.691610 1.725610 17.785588 1.591603 0.893945
Car -1 -1 -10 0.000000 203.000000 195.000000 378.000000 1.524479 1.624765 4.057016 -3.407883 1.693225 2.122719 1.551454 0.671114
Car -1 -1 -10 682.000000 180.000000 731.000000 219.000000 1.468599 1.544503 3.543801 3.958904 1.767129 28.695903 -1.576091 0.664496
Car -1 -1 -10 462.000000 166.000000 559.000000 244.000000 1.877117 1.689310 4.289851 -2.763732 1.792609 20.030077 -1.557933 0.595229
Car -1 -1 -10 752.000000 179.000000 866.000000 280.000000 1.609076 1.638570 3.843200 3.653557 1.854684 13.304737 -0.322315 0.273421
