Pedestrian -1 -1 -10 430.000000 179.000000 447.000000 227.000000 1.810892 0.663675 0.767420 -6.558927 2.067983 27.513803 1.513009 0.949982
Pedestrian -1 -1 -10 412.000000 182.000000 427.000000 221.000000 1.738009 0.624178 0.665355 -7.295773 2.110164 27.368893 -1.702351 0.906605
Pedestrian -1 -1 -10 706.000000 184.000000 731.000000 215.000000 1.843185 0.707156 0.654364 5.009793 2.329667 35.348735 -1.516786 0.019907
Pedestrian -1 -1 -10 422.000000 185.000000 431.000000 217.000000 1.772692 0.636357 0.609538 -8.492478 1.987133 33.014551 -1.807324 0.019904
Pedestrian -1 -1 -10 413.000000 181.000000 446.000000 225.000000 1.849237 0.663551 0.777757 -6.728866 1.921341 27.024007 -0.255179 0.017740
Pedestrian -1 -1 -10 408.000000 195.000000 479.000000 248.000000 1.701562 0.695786 0.878894 -4.439019 2.146985 19.192121 -3.270369 0.012039
Pedestrian -1 -1 -10 427.000000 181.000000 437.000000 223.000000 1.719905 0.599706 0.641276 -6.666124 1.684756 27.462275 -2.365267 0.011429
Car -1 -1 -10 686.000000 184.000000 803.000000 271.000000 1.473239 1.593498 3.695378 2.539193 1.731357 14.844649 -1.609263 0.999635
Car -1 -1 -10 406.000000 194.000000 482.000000 248.000000 1.482469 1.569809 3.575784 -4.713547 2.062724 20.777757 -1.637179 0.998409
Car -1 -1 -10 648.000000 183.000000 700.000000 228.000000 1.488395 1.584013 3.614629 2.111071 1.854284 25.089134 -1.596922 0.993041
Car -1 -1 -10 625.000000 181.000000 657.000000 210.000000 1.583671 1.620162 3.955235 1.794391 2.001036 40.784575 -1.598578 0.958781
Car -1 -1 -10 451.000000 181.000000 508.000000 227.000000 1.603504 1.609721 3.721746 -5.154027 2.074095 29.882688 -1.584380 0.956256
Car -1 -1 -10 0.000000 214.000000 218.000000 372.000000 1.506840 1.635522 4.012848 -4.672488 1.828103 4.999808 1.557220 0.937890
Car -1 -1 -10 491.000000 185.000000 527.000000 213.000000 1.604791 1.618480 3.892479 -5.998021 2.282418 44.021442 1.486540 0.414310
Car -1 -1 -10 984.000000 195.000000 1243.000000 370.000000 1.572371 1.635240 3.875643 2.904492 1.495762 2.615684 -1.502511 0.279049
Car -1 -1 -10 430.000000 184.000000 492.000000 235.000000 1.546419 1.629076 3.724579 -4.209049 2.018778 29.182626 -1.719914 0.054937
Car -1 -1 -10 412.000000 182.000000 458.000000 230.000000 1.552001 1.610352 3.817263 -7.063973 1.598168 28.780851 -1.802942 0.026701
Car -1 -1 -10 705.000000 185.000000 731.000000 216.000000 1.549597 1.676426 4.139153 5.477792 1.570524 36.813692 0.024042 0.023066
Car -1 -1 -10 471.000000 185.000000 520.000000 221.000000 1.500941 1.613394 3.750899 -5.134046 1.765786 29.690900 1.491309 0.011518
Cyclist -1 -1 -10 706.000000 185.000000 731.000000 216.000000 1.715948 0.581165 1.622228 5.079896 2.044633 35.629830 -1.377347 0.031978
Cyclist -1 -1 -10 982.000000 191.000000 1229.000000 374.000000 1.680193 0.789530 1.787362 2.430834 1.557069 3.357032 -1.547532 0.022793
Cyclist -1 -1 -10 412.000000 183.000000 432.000000 223.000000 1.731984 0.754294 1.696156 -7.204422 1.928714 27.750622 2.447142 0.014685
Cyclist -1 -1 -10 412.000000 182.000000 458.000000 230.000000 1.700303 0.559875 1.535286 -6.433581 1.740417 25.320786 -1.778519 0.014257
Cyclist -1 -1 -10 425.000000 181.000000 448.000000 221.000000 1.655879 0.614574 1.622081 -6.618369 1.861183 27.459544 0.810876 0.010547
