Car -1 -1 -10 549.000000 188.000000 719.000000 343.000000 1.437301 1.665699 3.726723 0.212349 1.605989 8.694012 -1.552191 0.999605
Car -1 -1 -10 425.000000 177.000000 513.000000 243.000000 1.496265 1.659732 4.013371 -3.633871 1.665221 18.497176 -1.580768 0.994822
Car -1 -1 -10 692.000000 177.000000 754.000000 218.000000 1.448335 1.616551 4.034118 4.224030 1.662723 27.681431 -1.588021 0.994503
Car -1 -1 -10 466.000000 164.000000 531.000000 223.000000 1.778578 1.659287 3.931099 -3.757635 1.586932 25.054485 -1.562767 0.990971
Car -1 -1 -10 1.000000 178.000000 317.000000 372.000000 1.557830 1.681322 3.883835 -3.290703 1.721054 4.034055 -1.568632 0.983713
Car -1 -1 -10 578.000000 177.000000 652.000000 259.000000 1.560827 1.632658 3.828551 0.130741 1.368915 19.375374 1.583612 0.740172
Car -1 -1 -10 567.000000 184.000000 680.000000 289.000000 1.453589 1.455333 2.878743 0.185580 1.608427 10.798974 0.951710 0.106275
Car -1 -1 -10 753.000000 177.000000 851.000000 251.000000 1.543557 1.547094 3.673480 3.519273 1.360499 13.380414 -1.417404 0.032564
Car -1 -1 -10 582.000000 179.000000 642.000000 222.000000 1.510353 1.560204 3.719789 0.007484 1.373997 19.348914 1.497584 0.028705
Car -1 -1 -10 901.000000 10.000000 1230.000000 368.000000 1.786022 1.720104 4.122066 3.568510 1.286884 4.416837 -1.555979 0.020272
Cyclist -1 -1 -10 578.000000 180.000000 655.000000 261.000000 1.815000 0.729664 1.654611 0.010159 1.538917 17.946367 -2.134031 0.085739
Cyclist -1 -1 -10 102.000000 180.000000 179.000000 229.000000 1.710505 0.589389 1.573091 -18.507805 1.640829 29.143684 -2.127940 0.028673
Cyclist -1 -1 -10 562.000000 186.000000 717.000000 333.000000 1.764828 0.790683 1.751264 0.225422 1.684000 7.053890 0.051179 0.023113
