Pedestrian -1 -1 -10 453.000000 178.000000 465.000000 204.000000 1.719906 0.599706 0.641275 -6.437501 1.534623 29.595710 -2.329737 0.499947
Car -1 -1 -10 416.000000 186.000000 493.000000 240.000000 1.481062 1.638580 3.927810 -4.638166 1.879285 21.725018 1.540527 0.999392
Car -1 -1 -10 694.000000 180.000000 804.000000 263.000000 1.491457 1.608232 3.946163 2.733238 1.665012 14.884327 -1.580970 0.998800
Car -1 -1 -10 798.000000 185.000000 1100.000000 373.000000 1.504748 1.548134 3.434472 3.068270 1.682861 7.332206 -1.581191 0.998269
Car -1 -1 -10 675.000000 179.000000 751.000000 238.000000 1.553786 1.589652 3.681578 2.878520 1.755191 21.159995 -1.593856 0.992100
Car -1 -1 -10 950.000000 196.000000 1247.000000 377.000000 1.486661 1.618601 3.792907 2.942450 1.612289 2.927514 -1.541157 0.986839
Car -1 -1 -10 103.000000 186.000000 305.000000 252.000000 1.499455 1.609713 3.933591 -9.546345 1.816571 16.981554 0.029785 0.981558
Car -1 -1 -10 657.000000 178.000000 706.000000 218.000000 1.522220 1.614785 3.763205 2.874899 1.769014 29.774250 -1.586338 0.975628
Car -1 -1 -10 457.000000 177.000000 515.000000 227.000000 1.627549 1.581083 3.847368 -4.572088 1.833257 27.164546 1.564413 0.969100
Car -1 -1 -10 491.000000 178.000000 535.000000 217.000000 1.641512 1.707209 4.229768 -4.490790 1.967189 32.987436 1.602605 0.761690
Car -1 -1 -10 4.000000 209.000000 149.000000 378.000000 1.524342 1.617312 3.877559 -4.250494 1.780508 3.270586 1.544008 0.435546
Cyclist -1 -1 -10 1.000000 209.000000 145.000000 375.000000 1.700572 0.555310 1.722751 -3.842870 1.871570 4.566563 -1.743845 0.016945
