Car -1 -1 -10 478.000000 180.000000 532.000000 227.000000 1.520854 1.663797 3.745019 -3.826933 1.414044 26.657350 -1.708185 0.999710
Car -1 -1 -10 580.000000 179.000000 678.000000 255.000000 1.585389 1.639692 3.867560 0.369238 1.506644 17.485187 -1.700301 0.999526
Car -1 -1 -10 29.000000 193.000000 274.000000 320.000000 1.430955 1.594001 3.737243 -6.153683 1.616308 10.166309 -1.701856 0.999109
Car -1 -1 -10 246.000000 185.000000 374.000000 261.000000 1.431595 1.597508 3.814922 -6.757087 1.538146 16.555340 -1.672784 0.998285
Car -1 -1 -10 332.000000 183.000000 405.000000 231.000000 1.524608 1.636979 4.007770 -8.246605 1.507769 24.858674 -1.702213 0.993853
Car -1 -1 -10 395.000000 183.000000 435.000000 213.000000 1.460920 1.626565 3.950209 -9.778749 1.315501 36.838684 -1.731612 0.986392
Car -1 -1 -10 31.000000 171.000000 220.000000 259.000000 1.589484 1.616089 3.940628 -10.880404 1.250472 15.403200 -1.688802 0.399841
Car -1 -1 -10 215.000000 185.000000 310.000000 245.000000 1.546844 1.630968 3.844911 -11.608610 1.477804 24.975658 -1.679549 0.284800
Car -1 -1 -10 -1.000000 163.000000 113.000000 266.000000 1.735248 1.659167 3.972755 -11.133860 1.376607 15.050350 -1.668608 0.204925
Car -1 -1 -10 476.000000 183.000000 511.000000 217.000000 1.503820 1.640330 3.726870 -5.690076 1.504968 35.571104 -1.729444 0.090924
Car -1 -1 -10 413.000000 183.000000 447.000000 209.000000 1.541312 1.651166 3.945854 -11.807995 1.334535 45.118615 -3.309557 0.061126
Car -1 -1 -10 286.000000 173.000000 349.000000 210.000000 1.529081 1.676089 3.935050 -14.312199 0.835067 34.371710 -1.782287 0.046784
