Pedestrian -1 -1 -10 469.000000 174.000000 494.000000 249.000000 1.764297 0.585516 0.764881 -2.579865 1.484996 15.351051 0.315416 0.997014
Pedestrian -1 -1 -10 246.000000 155.000000 297.000000 284.000000 1.788404 0.662636 0.935187 -5.003700 1.450630 10.752932 -2.524444 0.995916
Pedestrian -1 -1 -10 574.000000 172.000000 609.000000 248.000000 1.709780 0.649760 0.925888 -0.250465 1.592848 15.636382 2.011660 0.992071
Pedestrian -1 -1 -10 541.000000 169.000000 564.000000 236.000000 1.748027 0.615754 0.696888 -1.338154 1.413404 19.418426 2.045072 0.974030
Pedestrian -1 -1 -10 614.000000 168.000000 632.000000 219.000000 1.735125 0.565361 0.885855 0.657751 1.256612 23.656522 -1.597009 0.616252
Pedestrian -1 -1 -10 656.000000 167.000000 667.000000 205.000000 1.738801 0.657997 0.833975 2.779272 1.184948 34.515927 -1.532353 0.049799
Pedestrian -1 -1 -10 639.000000 168.000000 652.000000 206.000000 1.750150 0.581827 0.838046 2.193009 1.132901 35.718532 -2.064157 0.038637
Pedestrian -1 -1 -10 631.000000 168.000000 644.000000 207.000000 1.793568 0.655013 0.806227 1.754497 1.076496 34.656775 -1.609525 0.031398
Pedestrian -1 -1 -10 577.000000 172.000000 598.000000 229.000000 1.694118 0.584059 0.643685 -0.311720 1.512351 15.720725 2.596464 0.019877
Pedestrian -1 -1 -10 601.000000 163.000000 615.000000 212.000000 1.835944 0.684300 0.841060 0.286351 1.257671 30.643711 1.512248 0.014202
Pedestrian -1 -1 -10 586.000000 167.000000 604.000000 226.000000 1.699445 0.547402 0.563256 -0.196101 1.356619 15.745991 -2.200987 0.012338
Car -1 -1 -10 932.000000 212.000000 1201.000000 370.000000 1.529146 1.666526 4.004054 2.594532 1.233975 2.012759 -1.618100 0.010748
Cyclist -1 -1 -10 465.000000 177.000000 498.000000 249.000000 1.753246 0.527768 1.709855 -2.595823 1.504914 15.604361 -1.650823 0.065614
Cyclist -1 -1 -10 538.000000 169.000000 565.000000 235.000000 1.706326 0.501819 1.678645 -1.414881 1.404092 19.293230 1.915059 0.013349
