Car -1 -1 -10 359.000000 182.000000 476.000000 254.000000 1.477486 1.647883 4.035624 -4.485731 1.426338 17.218794 -1.572963 0.999672
Car -1 -1 -10 74.000000 198.000000 351.000000 344.000000 1.452092 1.557405 3.704021 -4.622559 1.627287 8.921313 -1.567841 0.999363
Car -1 -1 -10 578.000000 173.000000 660.000000 254.000000 1.519723 1.668280 3.944026 0.170012 1.368765 17.031424 -1.552683 0.999345
Car -1 -1 -10 62.000000 187.000000 251.000000 275.000000 1.492175 1.601694 3.905868 -8.310276 1.542548 13.841975 -1.550575 0.984189
Car -1 -1 -10 223.000000 183.000000 304.000000 224.000000 1.482054 1.597030 3.773862 -12.427967 1.437011 25.688281 -1.560186 0.874254
Car -1 -1 -10 340.000000 183.000000 409.000000 222.000000 1.431151 1.616716 3.778222 -8.237684 1.307093 26.028321 -1.409141 0.661326
Car -1 -1 -10 0.000000 189.000000 50.000000 258.000000 1.537005 1.508782 3.243709 -17.402387 1.893057 20.525015 -2.894911 0.421243
Car -1 -1 -10 612.000000 170.000000 648.000000 201.000000 1.572114 1.496870 3.285926 0.611136 1.388299 22.338853 1.631931 0.184634
Car -1 -1 -10 149.000000 186.000000 242.000000 237.000000 1.538083 1.594349 3.773131 -19.259865 0.925534 31.608985 -2.123540 0.182870
Car -1 -1 -10 4.000000 189.000000 109.000000 257.000000 1.529460 1.683533 3.960358 -16.355980 1.657174 20.793884 -1.695997 0.138085
Cyclist -1 -1 -10 219.000000 182.000000 307.000000 224.000000 1.746569 0.634687 1.738625 -11.829056 1.484786 24.792435 -1.432073 0.057819
Cyclist -1 -1 -10 68.000000 186.000000 234.000000 276.000000 1.814657 0.740996 1.841378 -8.158096 1.599991 12.356805 -1.541335 0.011297
