Car -1 -1 -10 759.000000 183.000000 879.000000 233.000000 1.535733 1.610036 3.842331 6.743929 1.897023 22.604711 -0.059194 0.996797
Car -1 -1 -10 331.000000 172.000000 487.000000 227.000000 1.457161 1.565415 3.967193 -5.883451 1.535556 19.618654 -3.118809 0.996234
Car -1 -1 -10 246.000000 173.000000 455.000000 240.000000 1.540617 1.606656 3.864270 -6.317829 1.510384 17.850681 -3.041384 0.995208
Car -1 -1 -10 785.000000 194.000000 1237.000000 372.000000 1.477449 1.646581 3.992572 2.657210 1.738574 5.349297 -1.579638 0.993123
Car -1 -1 -10 694.000000 179.000000 772.000000 212.000000 1.549718 1.689103 3.971876 6.096571 1.877438 34.341014 0.045613 0.969501
Car -1 -1 -10 387.000000 170.000000 516.000000 217.000000 1.521710 1.532123 3.842789 -5.528967 1.583944 25.320140 0.601730 0.849810
Car -1 -1 -10 8.000000 162.000000 266.000000 355.000000 1.568802 1.617949 4.105320 -5.804160 1.550391 7.066555 0.008497 0.485349
Car -1 -1 -10 899.000000 190.000000 1190.000000 301.000000 1.504601 1.522762 3.656750 6.191315 1.801870 10.355917 1.501913 0.401439
Car -1 -1 -10 461.000000 172.000000 545.000000 202.000000 1.583485 1.632357 3.921571 -6.060283 1.791033 42.692195 0.020913 0.377545
Car -1 -1 -10 783.000000 187.000000 939.000000 246.000000 1.525063 1.581193 3.917422 6.304491 1.770283 22.302115 3.100970 0.293397
Car -1 -1 -10 797.000000 187.000000 1035.000000 264.000000 1.532970 1.659301 4.191143 6.093491 1.744463 14.849928 3.207746 0.219347
Car -1 -1 -10 54.000000 137.000000 337.000000 304.000000 1.870513 1.675886 3.886750 -5.365357 1.393128 9.546762 0.030609 0.189933
Car -1 -1 -10 749.000000 180.000000 833.000000 223.000000 1.465938 1.569674 3.883053 6.538755 1.750354 25.343324 -0.131836 0.057116
