Pedestrian -1 -1 -10 885.000000 95.000000 925.000000 300.000000 1.706894 0.553191 0.570123 5.911984 1.385022 14.707550 -1.784833 0.360904
Pedestrian -1 -1 -10 407.000000 176.000000 433.000000 212.000000 1.719905 0.599706 0.641276 -6.170353 1.345081 21.874491 -2.380863 0.041811
Car -1 -1 -10 248.000000 193.000000 422.000000 302.000000 1.491055 1.609721 3.862417 -4.477857 1.922656 12.328840 1.532593 0.999253
Car -1 -1 -10 727.000000 175.000000 888.000000 284.000000 1.566001 1.592559 3.591610 2.948128 1.574274 11.611721 -1.606326 0.999195
Car -1 -1 -10 799.000000 172.000000 1257.000000 372.000000 1.528245 1.653383 3.974952 2.750510 1.565284 5.583151 -1.562413 0.996728
Car -1 -1 -10 443.000000 178.000000 512.000000 236.000000 1.596160 1.609323 3.957460 -4.272090 1.893375 23.226807 1.592202 0.995342
Car -1 -1 -10 681.000000 175.000000 754.000000 232.000000 1.501482 1.602133 3.856684 2.958713 1.576789 20.385644 -1.561976 0.994021
Car -1 -1 -10 373.000000 178.000000 476.000000 260.000000 1.702730 1.572005 3.827102 -4.439052 1.951795 17.714123 1.536861 0.992473
Car -1 -1 -10 991.000000 174.000000 1237.000000 325.000000 1.449845 1.545909 3.740703 3.051682 1.305125 5.014041 1.728019 0.018548
Car -1 -1 -10 668.000000 175.000000 729.000000 217.000000 1.517735 1.595225 3.799538 3.203538 1.555877 26.413618 -1.590657 0.017680
Cyclist -1 -1 -10 881.000000 98.000000 931.000000 301.000000 1.725584 0.665178 1.615270 5.595385 1.076696 13.567492 2.626973 0.014392
