Pedestrian -1 -1 -10 161.000000 182.000000 183.000000 227.000000 1.729560 0.454969 0.667588 -8.937494 2.038394 14.666220 2.503704 0.752718
Pedestrian -1 -1 -10 193.000000 185.000000 206.000000 217.000000 1.714026 0.575314 0.737038 -21.626934 2.010144 37.703344 0.466030 0.498455
Pedestrian -1 -1 -10 187.000000 184.000000 212.000000 223.000000 1.764880 0.669591 0.833609 -21.659870 2.140907 37.377101 0.581158 0.089768
Pedestrian -1 -1 -10 157.000000 187.000000 207.000000 230.000000 1.784571 0.573251 0.619458 -15.477964 2.822325 25.979888 -2.513835 0.028060
Pedestrian -1 -1 -10 188.000000 186.000000 199.000000 220.000000 1.770798 0.642603 0.771574 -21.660983 2.120366 37.351383 0.543717 0.014058
Pedestrian -1 -1 -10 137.000000 197.000000 223.000000 237.000000 1.768679 0.621762 0.764903 -15.501816 2.859512 26.204444 -3.197286 0.013807
Car -1 -1 -10 597.000000 173.000000 631.000000 204.000000 1.565044 1.661160 4.186849 0.280020 1.701326 43.925048 -1.515331 0.999039
Car -1 -1 -10 132.000000 198.000000 231.000000 240.000000 1.548094 1.579488 3.728509 -16.113205 2.507713 27.363544 1.557791 0.998528
Cyclist -1 -1 -10 152.000000 188.000000 202.000000 228.000000 1.782700 0.588228 1.575654 -16.313252 2.311747 27.147864 1.009720 0.057690
Cyclist -1 -1 -10 134.000000 197.000000 227.000000 240.000000 1.774755 0.692092 1.742664 -15.591193 2.786672 26.453472 1.927258 0.026876
Cyclist -1 -1 -10 160.000000 183.000000 183.000000 225.000000 1.684202 0.673567 1.690789 -20.097162 2.006392 33.237150 -2.189863 0.026037
Cyclist -1 -1 -10 185.000000 186.000000 212.000000 218.000000 1.700058 0.708952 1.674673 -21.681973 2.030757 37.353971 0.995014 0.017327
