Car -1 -1 -10 701.000000 176.000000 842.000000 277.000000 1.644880 1.663473 3.908617 2.848763 1.711446 13.619153 -1.644764 0.999722
Car -1 -1 -10 320.000000 185.000000 476.000000 242.000000 1.533433 1.553647 3.943346 -5.962258 1.836254 20.472145 0.131277 0.946629
Car -1 -1 -10 689.000000 177.000000 757.000000 207.000000 1.500792 1.559015 3.587821 5.939881 1.727235 38.873798 -2.118315 0.882143
Car -1 -1 -10 201.000000 182.000000 429.000000 262.000000 1.575882 1.612328 3.851858 -5.446438 1.623955 14.954278 -2.598903 0.770403
Car -1 -1 -10 405.000000 180.000000 487.000000 220.000000 1.506022 1.612729 3.856370 -7.510683 1.620633 30.066997 -3.162294 0.534703
Car -1 -1 -10 124.000000 191.000000 369.000000 282.000000 1.630290 1.632164 3.798938 -6.162946 1.904070 12.234312 -0.586679 0.248952
Car -1 -1 -10 331.000000 177.000000 395.000000 220.000000 1.512981 1.594679 3.874546 -6.070277 1.258412 17.878256 1.674947 0.090324
Car -1 -1 -10 244.000000 177.000000 392.000000 229.000000 1.515488 1.551475 3.748842 -9.985347 1.495693 24.639870 1.585954 0.054725
Car -1 -1 -10 347.000000 178.000000 414.000000 204.000000 1.526799 1.628646 3.991585 -17.307149 1.309693 50.420556 1.744792 0.036398
Car -1 -1 -10 117.000000 185.000000 267.000000 244.000000 1.531680 1.635753 3.820558 -8.162291 1.527218 14.730282 1.556378 0.035964
Car -1 -1 -10 75.000000 193.000000 347.000000 347.000000 1.550937 1.617911 3.753005 -3.917986 1.631723 8.504412 -1.568221 0.033919
