Pedestrian -1 -1 -10 909.000000 155.000000 959.000000 285.000000 1.655278 0.564382 0.724574 4.283901 1.325984 9.287874 -1.689466 0.996961
Pedestrian -1 -1 -10 588.000000 161.000000 598.000000 195.000000 1.751290 0.619371 0.781237 -0.477774 0.518790 39.956600 1.541542 0.382607
Pedestrian -1 -1 -10 650.000000 161.000000 660.000000 188.000000 1.790183 0.692198 0.812731 3.544849 0.347350 47.732960 -1.625302 0.266190
Pedestrian -1 -1 -10 1040.000000 147.000000 1099.000000 279.000000 1.729120 0.559069 0.794743 5.931652 1.370240 9.124035 3.050956 0.126531
Pedestrian -1 -1 -10 571.000000 161.000000 585.000000 195.000000 1.761873 0.624275 0.864143 -1.330357 0.476234 39.335469 -1.529710 0.104380
Pedestrian -1 -1 -10 1017.000000 139.000000 1055.000000 247.000000 1.737173 0.538604 0.597777 7.321952 1.729770 12.409853 3.101826 0.093252
Pedestrian -1 -1 -10 768.000000 155.000000 792.000000 235.000000 1.778889 0.660575 0.583632 4.313791 1.113225 17.640152 -1.480124 0.060590
Pedestrian -1 -1 -10 662.000000 160.000000 667.000000 189.000000 1.853222 0.651561 0.742615 4.239624 0.362419 48.193871 1.585515 0.024364
Pedestrian -1 -1 -10 1131.000000 137.000000 1227.000000 311.000000 1.736901 0.541058 0.796038 5.734244 1.264534 6.798856 3.338015 0.022244
Pedestrian -1 -1 -10 577.000000 161.000000 593.000000 195.000000 1.776825 0.598191 0.610806 -1.183073 0.789787 41.444375 -1.650950 0.020137
Car -1 -1 -10 606.000000 167.000000 642.000000 197.000000 1.544956 1.651891 3.985704 1.078725 1.043699 36.546478 -1.537997 0.998603
Cyclist -1 -1 -10 172.000000 167.000000 405.000000 372.000000 1.662641 0.434014 1.690993 -2.129767 1.527932 4.757747 1.705078 0.999902
