Pedestrian -1 -1 -10 685.000000 171.000000 710.000000 227.000000 1.759916 0.585728 0.941714 2.526903 1.594006 21.441837 -2.807156 0.014490
Car -1 -1 -10 75.000000 194.000000 315.000000 314.000000 1.576605 1.660664 4.048070 -6.601000 1.984199 12.067482 1.557126 0.999489
Car -1 -1 -10 470.000000 187.000000 530.000000 232.000000 1.467242 1.684014 4.098037 -4.016198 2.049331 26.651151 1.556624 0.998796
Car -1 -1 -10 503.000000 185.000000 548.000000 216.000000 1.513354 1.584578 3.699385 -4.232304 2.189154 37.571025 1.564047 0.977839
Car -1 -1 -10 708.000000 168.000000 805.000000 202.000000 1.560595 1.643328 4.045482 7.529484 1.550204 37.790193 3.173769 0.963085
Car -1 -1 -10 454.000000 189.000000 502.000000 218.000000 1.487787 1.635706 3.872065 -6.880878 2.369965 37.535122 1.792559 0.873938
Car -1 -1 -10 350.000000 196.000000 433.000000 243.000000 1.445908 1.563632 3.762694 -6.969961 2.132495 22.901291 1.575680 0.826254
Car -1 -1 -10 2.000000 200.000000 101.000000 375.000000 1.647244 1.653725 4.108429 -6.276950 1.997830 5.604447 1.546606 0.467264
Car -1 -1 -10 1162.000000 151.000000 1240.000000 209.000000 1.589667 1.632849 3.858499 19.349653 1.202738 24.225548 0.195801 0.045165
Car -1 -1 -10 1134.000000 215.000000 1238.000000 368.000000 1.510219 1.560460 3.790577 3.690092 1.732361 2.820934 1.647700 0.043451
Car -1 -1 -10 174.000000 193.000000 273.000000 225.000000 1.529429 1.588304 3.816843 -17.981963 1.998963 33.901994 -0.059862 0.023150
Car -1 -1 -10 895.000000 150.000000 955.000000 179.000000 1.571630 1.619239 3.723721 20.234662 0.220585 47.410744 -1.627366 0.018355
