Pedestrian -1 -1 -10 628.000000 161.000000 665.000000 290.000000 1.741170 0.564131 0.625809 0.450024 1.521013 9.968064 0.046344 0.996733
Pedestrian -1 -1 -10 645.000000 170.000000 781.000000 299.000000 1.750671 0.739487 1.019726 1.144862 1.625222 8.530569 3.227863 0.022634
Car -1 -1 -10 631.000000 169.000000 791.000000 297.000000 1.527167 1.628060 3.694528 1.251367 1.491208 9.984187 -1.610737 0.998701
Car -1 -1 -10 265.000000 176.000000 388.000000 244.000000 1.518317 1.609996 3.874760 -6.726702 1.589696 17.127828 1.345462 0.810790
Car -1 -1 -10 647.000000 168.000000 683.000000 198.000000 1.499145 1.594090 3.870912 1.940047 1.171001 27.995623 -1.509196 0.109208
Car -1 -1 -10 627.000000 164.000000 677.000000 282.000000 1.579213 1.608990 3.611359 1.339319 1.407720 10.596586 -1.532806 0.061335
Car -1 -1 -10 268.000000 165.000000 311.000000 204.000000 1.573303 1.670117 3.798817 -18.281185 1.823526 41.651099 -1.978531 0.017339
Car -1 -1 -10 320.000000 180.000000 356.000000 240.000000 1.465601 1.544106 3.710509 -6.930362 1.516144 17.678361 1.717726 0.016603
Car -1 -1 -10 -14.000000 122.000000 326.000000 367.000000 1.890201 1.799431 4.532901 -3.488714 1.667354 4.679071 1.457972 0.011685
Car -1 -1 -10 630.000000 160.000000 660.000000 191.000000 1.560300 1.616901 3.839145 2.437667 0.767221 44.120875 -1.552090 0.010903
Cyclist -1 -1 -10 624.000000 165.000000 671.000000 282.000000 1.696145 0.630680 1.663914 0.592046 1.473446 10.024817 2.786125 0.022447
