Pedestrian -1 -1 -10 690.000000 182.000000 764.000000 236.000000 1.799843 0.654985 0.959601 3.383163 1.863361 21.536047 -1.698878 0.024605
Car -1 -1 -10 500.000000 176.000000 556.000000 217.000000 1.564931 1.636418 3.943348 -3.192617 1.709619 28.494725 1.577485 0.997584
Car -1 -1 -10 691.000000 183.000000 762.000000 235.000000 1.515485 1.592981 3.615042 3.518364 1.862469 22.845748 -1.587124 0.993374
Car -1 -1 -10 761.000000 195.000000 950.000000 324.000000 1.456241 1.622473 4.031686 3.474064 1.909179 10.871642 -1.557060 0.993165
Car -1 -1 -10 668.000000 181.000000 727.000000 224.000000 1.494296 1.577885 3.665759 3.169574 1.816529 27.390731 -1.595617 0.990848
Car -1 -1 -10 724.000000 188.000000 840.000000 266.000000 1.503986 1.579972 3.538280 3.562042 1.872585 16.177116 -1.603091 0.990338
Car -1 -1 -10 904.000000 208.000000 1231.000000 374.000000 1.535094 1.642470 4.101185 3.747363 1.887156 4.958639 1.556218 0.989958
Car -1 -1 -10 349.000000 174.000000 500.000000 291.000000 1.511047 1.621359 3.923176 -3.090122 1.598236 12.499008 1.597590 0.965904
Car -1 -1 -10 654.000000 180.000000 700.000000 213.000000 1.482150 1.600061 3.944963 3.191694 1.897573 33.247880 -1.581678 0.861363
Car -1 -1 -10 525.000000 175.000000 565.000000 207.000000 1.429073 1.629116 3.716796 -3.492694 1.592266 34.885278 1.625186 0.292489
Car -1 -1 -10 71.000000 135.000000 431.000000 372.000000 1.851890 1.655925 4.122101 -2.819456 1.663239 6.893789 -1.624597 0.254407
