Pedestrian -1 -1 -10 692.000000 161.000000 758.000000 336.000000 1.758688 0.678598 0.895344 1.212794 1.504807 7.489179 -1.569434 0.996828
Pedestrian -1 -1 -10 196.000000 161.000000 265.000000 341.000000 1.768773 0.657337 1.052105 -3.844093 1.561082 7.358199 -1.557853 0.995546
Pedestrian -1 -1 -10 640.000000 167.000000 697.000000 341.000000 1.751684 0.589318 0.871740 0.608161 1.590620 7.447199 -1.833193 0.992253
Pedestrian -1 -1 -10 -1.000000 183.000000 188.000000 374.000000 1.726315 0.585140 0.636821 -4.951117 2.005863 6.028172 0.026282 0.840897
Pedestrian -1 -1 -10 802.000000 166.000000 832.000000 243.000000 1.764286 0.610965 0.674961 5.085160 1.337437 16.712284 -0.346687 0.804437
Pedestrian -1 -1 -10 754.000000 163.000000 780.000000 238.000000 1.797749 0.660360 0.924994 4.171596 1.360075 18.265654 -1.492510 0.643810
Pedestrian -1 -1 -10 690.000000 173.000000 709.000000 236.000000 1.689946 0.595705 0.755565 2.471735 1.410056 18.711151 -1.467243 0.117644
Pedestrian -1 -1 -10 8.000000 192.000000 119.000000 283.000000 1.730660 0.720456 0.679500 -7.965424 1.624660 10.589922 -0.161638 0.061731
Pedestrian -1 -1 -10 786.000000 163.000000 823.000000 262.000000 1.739273 0.602470 0.795781 4.107137 1.366978 14.238207 -1.352892 0.051937
Pedestrian -1 -1 -10 46.000000 209.000000 162.000000 345.000000 1.765603 0.557045 0.692840 -9.026623 1.597715 12.858567 -0.512539 0.051819
Pedestrian -1 -1 -10 751.000000 162.000000 790.000000 276.000000 1.781205 0.652547 0.680899 3.121968 2.528898 12.875913 -0.655757 0.043262
Pedestrian -1 -1 -10 708.000000 164.000000 821.000000 309.000000 1.721145 0.582303 0.920908 1.516617 1.743356 7.686971 -1.080164 0.027117
Pedestrian -1 -1 -10 0.000000 180.000000 91.000000 353.000000 1.675198 0.613823 0.649509 -6.108692 1.832679 7.508006 0.342941 0.024975
Pedestrian -1 -1 -10 79.000000 208.000000 137.000000 299.000000 1.731053 0.577014 0.623984 -7.854909 1.905088 11.295867 -0.027973 0.020626
Pedestrian -1 -1 -10 33.000000 212.000000 148.000000 267.000000 1.786338 0.709508 0.632919 -7.781081 2.023384 11.106736 0.772977 0.011079
Cyclist -1 -1 -10 335.000000 161.000000 433.000000 328.000000 1.765605 0.635822 1.791289 -2.634725 1.564469 8.649088 1.636941 0.999759
Cyclist -1 -1 -10 0.000000 188.000000 187.000000 373.000000 1.649777 0.647696 1.654089 -2.351873 1.400332 3.004119 1.513246 0.576368
Cyclist -1 -1 -10 394.000000 175.000000 444.000000 236.000000 1.761701 0.636104 1.797986 -5.182092 1.568070 20.632278 1.305582 0.511355
Cyclist -1 -1 -10 360.000000 175.000000 437.000000 264.000000 1.696635 0.407439 1.108312 -3.635177 1.883650 12.631108 -1.177034 0.134539
Cyclist -1 -1 -10 0.000000 179.000000 88.000000 361.000000 1.651502 0.606563 1.743235 -6.151657 1.666493 7.481313 -2.380374 0.091295
Cyclist -1 -1 -10 751.000000 162.000000 786.000000 254.000000 1.790978 0.669219 1.771544 4.141291 1.372741 18.376030 -2.029765 0.071239
Cyclist -1 -1 -10 748.000000 167.000000 817.000000 297.000000 1.688161 0.534629 1.689795 2.190976 1.812197 8.384679 -0.892419 0.061680
Cyclist -1 -1 -10 780.000000 165.000000 821.000000 262.000000 1.775576 0.509294 1.693703 4.215960 1.392395 14.413772 -1.290384 0.054176
Cyclist -1 -1 -10 5.000000 202.000000 116.000000 270.000000 1.670220 0.736877 1.702831 -8.373223 1.635023 10.888761 2.436841 0.040300
Cyclist -1 -1 -10 696.000000 163.000000 768.000000 331.000000 1.762608 0.591029 1.700321 1.234641 1.540721 7.562168 -1.385969 0.016953
Cyclist -1 -1 -10 825.000000 169.000000 1001.000000 368.000000 1.680828 0.580744 1.751828 2.919957 1.728629 6.344216 -0.172512 0.012856
