Car -1 -1 -10 635.000000 180.000000 762.000000 274.000000 1.571550 1.648973 3.934389 1.663509 1.540472 14.764787 -1.647651 0.999726
Car -1 -1 -10 521.000000 181.000000 567.000000 224.000000 1.502655 1.653055 3.620050 -2.621094 1.411644 28.642075 -1.666367 0.999263
Car -1 -1 -10 238.000000 188.000000 381.000000 276.000000 1.450432 1.565470 3.709564 -5.787987 1.600504 14.089660 -1.658332 0.999042
Car -1 -1 -10 348.000000 189.000000 435.000000 242.000000 1.470617 1.606374 3.851981 -6.061253 1.548919 20.579463 -1.657371 0.998290
Car -1 -1 -10 439.000000 184.000000 475.000000 210.000000 1.501079 1.608411 3.833537 -8.525136 1.208557 40.820956 -1.771699 0.985315
Car -1 -1 -10 116.000000 166.000000 284.000000 254.000000 1.817281 1.739994 4.145568 -10.382615 1.486641 18.531867 -1.646641 0.971774
Car -1 -1 -10 397.000000 184.000000 454.000000 224.000000 1.515232 1.606545 3.993175 -7.237837 1.535667 28.607264 -1.681171 0.918232
Car -1 -1 -10 512.000000 184.000000 541.000000 214.000000 1.479763 1.601649 3.695390 -4.118029 1.517653 37.896430 -1.721882 0.766062
Car -1 -1 -10 0.000000 189.000000 201.000000 380.000000 1.480533 1.643573 3.854799 -5.017075 1.564288 5.556161 1.518154 0.686386
Car -1 -1 -10 300.000000 187.000000 358.000000 212.000000 1.519443 1.518737 3.412391 -8.686682 1.614618 22.193245 0.651141 0.580152
