Pedestrian -1 -1 -10 791.000000 200.000000 828.000000 311.000000 1.812311 0.572036 0.906637 2.813163 2.001615 10.119425 2.858264 0.900912
Pedestrian -1 -1 -10 776.000000 195.000000 858.000000 301.000000 1.753607 0.588654 0.895679 2.835549 1.979644 9.946197 2.867347 0.243791
Pedestrian -1 -1 -10 735.000000 196.000000 843.000000 273.000000 1.842027 0.767678 0.820675 3.413460 2.229274 15.746105 0.212749 0.028754
Car -1 -1 -10 804.000000 189.000000 1009.000000 344.000000 1.547343 1.611452 3.773092 3.565540 1.830332 9.754573 -1.525343 0.998652
Car -1 -1 -10 122.000000 204.000000 432.000000 375.000000 1.517720 1.551954 3.613507 -3.049080 1.901839 7.320072 1.590029 0.997017
Car -1 -1 -10 702.000000 196.000000 770.000000 249.000000 1.473973 1.613463 3.973345 3.827020 2.199196 22.522936 -1.524893 0.994826
Car -1 -1 -10 554.000000 190.000000 589.000000 218.000000 1.541863 1.638059 3.897818 -2.271663 2.404556 40.087250 1.554695 0.986359
Car -1 -1 -10 733.000000 197.000000 835.000000 271.000000 1.479514 1.613024 3.984257 3.891269 2.060738 16.427827 1.580911 0.981440
Car -1 -1 -10 968.000000 215.000000 1238.000000 376.000000 1.498590 1.587183 3.750701 3.890309 1.899579 4.206066 -1.534019 0.956466
Car -1 -1 -10 459.000000 177.000000 561.000000 263.000000 1.787518 1.684347 4.296702 -2.685744 2.027092 18.744884 -1.568042 0.883237
Car -1 -1 -10 693.000000 192.000000 747.000000 237.000000 1.504177 1.540366 3.563926 4.075997 2.349325 27.716146 -1.565804 0.774997
Car -1 -1 -10 750.000000 195.000000 886.000000 294.000000 1.549035 1.570509 3.514137 2.034389 1.757214 10.587094 0.153527 0.683854
Car -1 -1 -10 684.000000 191.000000 728.000000 228.000000 1.627368 1.608843 3.941725 4.267605 2.566569 34.179656 -1.593813 0.152563
Car -1 -1 -10 788.000000 199.000000 847.000000 306.000000 1.572672 1.652683 3.880294 3.567866 1.827595 9.136829 1.391557 0.145941
