Car -1 -1 -10 713.000000 193.000000 866.000000 299.000000 1.429966 1.635928 4.024959 2.739239 1.716451 11.461274 1.575669 0.998844
Car -1 -1 -10 673.000000 180.000000 729.000000 223.000000 1.446367 1.611669 3.982216 3.097764 1.741858 25.559811 1.544041 0.997149
Car -1 -1 -10 462.000000 176.000000 533.000000 230.000000 1.500521 1.523905 3.540544 -3.099666 1.563289 20.930547 1.561401 0.996245
Car -1 -1 -10 2.000000 182.000000 426.000000 375.000000 1.455154 1.658793 4.047230 -2.963955 1.631870 6.079986 1.626309 0.992889
Car -1 -1 -10 791.000000 206.000000 1217.000000 375.000000 1.470023 1.593489 3.781470 2.841524 1.736200 6.139046 -1.616657 0.989372
Car -1 -1 -10 506.000000 176.000000 557.000000 215.000000 1.470540 1.588062 3.867912 -3.013642 1.629292 28.036431 1.605771 0.979473
Car -1 -1 -10 329.000000 173.000000 485.000000 292.000000 1.546175 1.581573 3.726412 -3.290369 1.627161 12.153484 1.615789 0.928801
Car -1 -1 -10 1139.000000 241.000000 1235.000000 370.000000 1.504656 1.610134 3.996425 2.824733 1.664961 6.293548 -1.516404 0.019178
Car -1 -1 -10 994.000000 224.000000 1213.000000 371.000000 1.445063 1.600330 3.974730 2.769132 1.589048 6.317212 -1.635757 0.012405
Car -1 -1 -10 213.000000 190.000000 446.000000 305.000000 1.508246 1.629298 4.086458 -2.915196 1.721020 5.993490 1.621927 0.012366
