Car -1 -1 -10 758.000000 177.000000 975.000000 315.000000 1.540231 1.633989 3.983532 3.232145 1.639662 10.204880 -1.563113 0.999532
Car -1 -1 -10 36.000000 199.000000 332.000000 333.000000 1.500153 1.660796 4.127639 -5.746814 1.948061 10.572221 1.614462 0.999518
Car -1 -1 -10 697.000000 182.000000 770.000000 237.000000 1.439405 1.572994 3.802157 3.389854 1.689656 20.016170 1.516479 0.998946
Car -1 -1 -10 288.000000 191.000000 415.000000 265.000000 1.513915 1.531282 3.667455 -5.728680 1.965341 16.228576 1.570975 0.998423
Car -1 -1 -10 417.000000 185.000000 489.000000 231.000000 1.492423 1.617195 4.029877 -5.633142 2.003989 25.480522 1.683147 0.997076
Car -1 -1 -10 880.000000 192.000000 1236.000000 372.000000 1.499868 1.637024 3.981334 3.266790 1.700926 4.499978 -1.598052 0.955331
Car -1 -1 -10 671.000000 180.000000 736.000000 223.000000 1.489357 1.625777 3.995753 3.265284 1.758745 25.768480 -1.604775 0.953748
Car -1 -1 -10 658.000000 179.000000 700.000000 211.000000 1.520313 1.593527 3.782023 3.185204 1.822087 34.407752 -1.593715 0.779311
Car -1 -1 -10 492.000000 179.000000 529.000000 207.000000 1.505722 1.591052 3.763777 -5.537104 1.914607 40.306641 1.620489 0.639300
Car -1 -1 -10 192.000000 190.000000 300.000000 224.000000 1.438504 1.528555 3.819240 -10.862607 1.519355 26.385762 1.539683 0.012891
