Car -1 -1 -10 411.000000 184.000000 496.000000 246.000000 1.493345 1.647940 3.939071 -4.335348 1.898181 20.131001 1.522459 0.999318
Car -1 -1 -10 769.000000 186.000000 1052.000000 372.000000 1.550362 1.578939 3.482481 2.999140 1.785847 7.958988 -1.638196 0.998689
Car -1 -1 -10 691.000000 182.000000 810.000000 272.000000 1.531358 1.559984 3.426517 2.608230 1.788247 14.558605 -1.636366 0.998002
Car -1 -1 -10 652.000000 179.000000 740.000000 246.000000 1.521203 1.624517 3.798284 2.147118 1.780872 19.374956 -1.635018 0.995758
Car -1 -1 -10 633.000000 180.000000 695.000000 227.000000 1.469618 1.616700 4.049991 1.884590 1.850973 25.354365 -1.623509 0.987362
Car -1 -1 -10 920.000000 194.000000 1259.000000 378.000000 1.468565 1.615256 3.922253 3.055544 1.748733 2.973226 -1.577934 0.979670
Car -1 -1 -10 16.000000 196.000000 271.000000 376.000000 1.549099 1.629750 3.810614 -3.466522 1.788980 3.990366 1.527494 0.955516
Car -1 -1 -10 458.000000 184.000000 510.000000 229.000000 1.459855 1.578013 3.666568 -4.576558 1.842841 25.905424 1.569308 0.918533
Car -1 -1 -10 487.000000 183.000000 524.000000 215.000000 1.620276 1.651349 3.903174 -5.500753 2.019729 35.833076 -2.404652 0.588583
Car -1 -1 -10 629.000000 180.000000 670.000000 217.000000 1.689299 1.583381 3.741316 1.986795 1.999666 31.252398 1.536190 0.276414
