Car -1 -1 -10 338.000000 193.000000 433.000000 251.000000 1.534531 1.590245 3.740479 -6.309806 2.067075 20.246687 1.599078 0.999446
Car -1 -1 -10 667.000000 176.000000 737.000000 225.000000 1.538151 1.640046 3.966652 2.896219 1.657121 23.943869 -1.599286 0.997779
Car -1 -1 -10 399.000000 189.000000 471.000000 234.000000 1.502453 1.562671 3.867125 -6.226228 2.088716 25.840051 1.615920 0.996624
Car -1 -1 -10 453.000000 177.000000 502.000000 218.000000 1.579940 1.600500 3.817330 -6.227056 2.024394 33.920782 1.585230 0.918195
Car -1 -1 -10 0.000000 202.000000 109.000000 246.000000 1.515802 1.683129 3.942858 -20.867424 2.607020 27.232231 -1.558774 0.845482
Car -1 -1 -10 478.000000 181.000000 519.000000 210.000000 1.614513 1.673514 4.058883 -6.500132 2.125486 40.971169 -3.127329 0.406728
Car -1 -1 -10 1078.000000 132.000000 1204.000000 183.000000 2.016677 1.709857 4.181729 25.562741 0.319091 34.604086 -0.354222 0.102360
Car -1 -1 -10 1123.000000 132.000000 1236.000000 175.000000 1.672691 1.681586 4.077685 27.066366 -0.081621 34.610168 -1.962960 0.017296
Car -1 -1 -10 33.000000 203.000000 170.000000 243.000000 1.544168 1.611942 4.060500 -20.880619 2.558963 26.581435 -1.574732 0.014316
Car -1 -1 -10 680.000000 167.000000 726.000000 196.000000 1.532616 1.600693 3.602239 5.816428 0.921050 44.002648 1.702236 0.013941
