Car -1 -1 -10 573.000000 181.000000 609.000000 214.000000 1.540125 1.631521 3.796600 -0.834687 1.376695 38.012650 -1.603516 0.999647
Car -1 -1 -10 293.000000 197.000000 474.000000 304.000000 1.482452 1.609060 4.067984 -3.455697 1.623739 11.500482 -1.553269 0.999621
Car -1 -1 -10 128.000000 193.000000 306.000000 277.000000 1.416283 1.595095 3.897331 -7.640407 1.646889 14.455837 -1.587855 0.999492
Car -1 -1 -10 442.000000 187.000000 503.000000 227.000000 1.477712 1.648315 4.006790 -5.096804 1.483086 27.076759 -1.595751 0.998192
Car -1 -1 -10 109.000000 193.000000 235.000000 248.000000 1.443052 1.619479 3.852643 -12.411235 1.752940 21.244146 -1.499639 0.976784
Car -1 -1 -10 318.000000 189.000000 374.000000 228.000000 1.495437 1.602804 3.815924 -8.053748 1.383055 23.346561 -1.850668 0.798936
Car -1 -1 -10 233.000000 181.000000 325.000000 223.000000 1.610558 1.665524 3.995885 -12.982941 1.587993 28.472946 -1.599298 0.571509
Car -1 -1 -10 366.000000 195.000000 423.000000 221.000000 1.474824 1.551052 3.688477 -8.897729 1.437190 31.144428 1.686139 0.144351
Car -1 -1 -10 401.000000 192.000000 441.000000 221.000000 1.580872 1.636528 3.948218 -8.832737 1.327344 31.587126 1.561433 0.040854
Car -1 -1 -10 338.000000 194.000000 376.000000 219.000000 1.534031 1.542604 3.453254 -10.932845 1.850650 30.602786 2.156333 0.029474
Car -1 -1 -10 437.000000 185.000000 480.000000 216.000000 1.526265 1.540798 3.494679 -8.256278 1.448774 39.710918 1.287670 0.022673
