Car -1 -1 -10 172.000000 202.000000 346.000000 306.000000 1.455550 1.580280 3.846521 -6.039907 2.016506 12.759266 1.560668 0.998537
Car -1 -1 -10 408.000000 188.000000 483.000000 234.000000 1.446272 1.621114 3.968471 -5.923227 2.114620 26.255210 1.636123 0.998262
Car -1 -1 -10 317.000000 194.000000 428.000000 258.000000 1.461896 1.613406 3.986020 -6.100454 2.063255 18.721806 1.571627 0.998020
Car -1 -1 -10 689.000000 175.000000 765.000000 231.000000 1.491449 1.626994 3.964214 3.136238 1.591718 20.701158 -1.587649 0.997601
Car -1 -1 -10 923.000000 140.000000 1187.000000 221.000000 1.536980 1.652638 3.862111 9.140525 0.937212 14.689911 3.180502 0.991383
Car -1 -1 -10 672.000000 175.000000 735.000000 222.000000 1.581651 1.632192 3.929690 3.129397 1.647514 26.186202 -1.573043 0.985726
Car -1 -1 -10 654.000000 177.000000 700.000000 207.000000 1.531824 1.588687 3.821270 3.302998 1.718440 36.010824 1.509410 0.882168
Car -1 -1 -10 451.000000 186.000000 505.000000 223.000000 1.479947 1.623377 3.780682 -5.880745 2.211702 32.428181 1.565271 0.845697
Car -1 -1 -10 2.000000 216.000000 228.000000 375.000000 1.458027 1.606322 3.870449 -5.978010 1.996740 7.980654 1.558527 0.834509
Car -1 -1 -10 803.000000 154.000000 948.000000 210.000000 1.501179 1.624956 4.050636 8.342673 1.204904 22.753162 -0.174459 0.676955
Car -1 -1 -10 863.000000 151.000000 1027.000000 211.000000 1.545017 1.595563 4.007453 8.942392 1.010664 19.562177 3.123591 0.575441
Car -1 -1 -10 643.000000 178.000000 682.000000 204.000000 1.537471 1.571407 3.581348 3.118337 1.891193 40.423456 1.483031 0.296166
Car -1 -1 -10 490.000000 184.000000 530.000000 209.000000 1.523765 1.628688 3.902907 -5.766019 2.124333 41.339989 1.723686 0.224305
