Pedestrian -1 -1 -10 670.000000 169.000000 683.000000 206.000000 1.722696 0.672380 0.762637 3.259506 1.624799 35.862359 1.181665 0.615767
Car -1 -1 -10 763.000000 182.000000 1012.000000 326.000000 1.464703 1.580243 3.628113 3.192962 1.622735 9.091510 -1.619774 0.998782
Car -1 -1 -10 472.000000 178.000000 525.000000 203.000000 1.432151 1.574491 3.787104 -6.362908 1.738959 41.188534 0.901030 0.997009
Car -1 -1 -10 187.000000 184.000000 366.000000 285.000000 1.519498 1.591890 3.851210 -5.710320 1.767698 12.521341 1.551904 0.995977
Car -1 -1 -10 0.000000 193.000000 256.000000 364.000000 1.501455 1.573021 3.626113 -5.594549 1.774289 8.091924 1.545406 0.990203
Car -1 -1 -10 879.000000 187.000000 1245.000000 370.000000 1.535628 1.591655 3.741387 3.099636 1.646909 3.720073 -1.637549 0.987961
Car -1 -1 -10 221.000000 177.000000 288.000000 218.000000 1.516376 1.595217 3.821706 -14.445712 1.695869 30.185744 1.592419 0.143836
Car -1 -1 -10 278.000000 185.000000 355.000000 230.000000 1.520396 1.602367 3.876802 -11.296267 1.550297 27.939983 -2.997341 0.031985
Car -1 -1 -10 876.000000 199.000000 1057.000000 374.000000 1.529371 1.649759 3.835913 3.126777 1.791073 3.626512 1.480467 0.015105
Cyclist -1 -1 -10 669.000000 170.000000 684.000000 207.000000 1.752832 0.568185 1.686833 3.322690 1.610304 36.010736 -0.994864 0.022540
