Pedestrian -1 -1 -10 305.000000 187.000000 323.000000 247.000000 1.725603 0.585359 0.646079 -15.587559 2.511363 37.835436 2.189474 0.395667
Pedestrian -1 -1 -10 314.000000 194.000000 333.000000 246.000000 1.707361 0.524486 0.624000 -4.700764 2.018737 11.681473 -0.283386 0.148595
Pedestrian -1 -1 -10 292.000000 189.000000 335.000000 251.000000 1.717686 0.549115 0.580588 -5.670523 1.981434 13.852010 -0.281777 0.076041
Pedestrian -1 -1 -10 286.000000 193.000000 297.000000 240.000000 1.730121 0.616356 0.695744 -12.627515 2.406261 28.415487 0.141671 0.055068
Pedestrian -1 -1 -10 285.000000 194.000000 316.000000 243.000000 1.650940 0.512623 0.584849 -12.416101 2.416652 28.705388 0.213320 0.020594
Pedestrian -1 -1 -10 310.000000 190.000000 329.000000 231.000000 1.722028 0.604667 0.591999 -15.418662 2.644196 37.861427 0.146947 0.011329
Car -1 -1 -10 53.000000 197.000000 349.000000 328.000000 1.482775 1.699563 4.303733 -5.671782 1.896564 10.771274 1.575596 0.999505
Car -1 -1 -10 223.000000 197.000000 338.000000 259.000000 1.445894 1.601702 3.471997 -10.052127 2.007613 21.813485 -3.496654 0.022005
Cyclist -1 -1 -10 288.000000 190.000000 341.000000 256.000000 1.725191 0.451995 1.411569 -7.878688 1.727995 19.341174 -1.236746 0.098356
Cyclist -1 -1 -10 300.000000 188.000000 328.000000 247.000000 1.728784 0.703580 1.775851 -15.635094 2.482629 38.066745 2.221695 0.058040
Cyclist -1 -1 -10 285.000000 194.000000 318.000000 244.000000 1.719218 0.459196 1.410290 -8.338240 1.980051 19.892178 -1.268178 0.025562
Cyclist -1 -1 -10 311.000000 194.000000 333.000000 252.000000 1.743141 0.494027 1.200690 -6.480968 1.876882 16.029609 -1.324920 0.013989
Cyclist -1 -1 -10 286.000000 193.000000 297.000000 240.000000 1.729267 0.460303 1.157303 -6.723444 1.917253 15.118488 -1.348108 0.011596
