Car -1 -1 -10 313.000000 197.000000 436.000000 263.000000 1.412862 1.603557 3.804807 -5.824549 2.026646 17.213205 -2.259293 0.999447
Car -1 -1 -10 189.000000 191.000000 255.000000 231.000000 1.438630 1.651635 3.880551 -15.603686 2.153684 29.001321 -2.184661 0.998730
Car -1 -1 -10 783.000000 178.000000 886.000000 237.000000 1.467788 1.640224 3.943241 5.575553 1.586434 18.430034 1.635353 0.998535
Car -1 -1 -10 169.000000 191.000000 231.000000 223.000000 1.503847 1.585827 3.858006 -19.237773 2.208393 33.483957 -2.171819 0.987240
Car -1 -1 -10 698.000000 178.000000 771.000000 232.000000 1.519663 1.581549 3.733874 3.335334 1.667788 19.783613 1.696015 0.983120
Car -1 -1 -10 374.000000 178.000000 472.000000 218.000000 1.506410 1.641842 3.956648 -8.666632 1.825197 33.369825 -3.146342 0.898451
Car -1 -1 -10 447.000000 166.000000 713.000000 312.000000 2.012615 1.754908 4.362541 -0.849214 1.954590 11.433053 -2.256671 0.753729
Car -1 -1 -10 848.000000 170.000000 1016.000000 229.000000 1.438971 1.534902 3.905884 8.090914 1.759288 19.449832 1.390887 0.379941
Car -1 -1 -10 320.000000 185.000000 408.000000 210.000000 1.576266 1.659920 4.175059 -13.179862 1.977659 38.072969 -3.120713 0.206762
Car -1 -1 -10 745.000000 177.000000 811.000000 220.000000 1.537157 1.598808 3.923326 7.034887 1.575177 30.233508 1.232278 0.137893
Car -1 -1 -10 560.000000 175.000000 711.000000 262.000000 1.493402 1.568718 3.587715 1.304348 2.454605 15.924087 2.102304 0.022864
