Car -1 -1 -10 405.000000 189.000000 473.000000 233.000000 1.506574 1.558067 3.665464 -6.309277 2.139465 26.624927 1.584122 0.998504
Car -1 -1 -10 445.000000 188.000000 498.000000 222.000000 1.518586 1.586886 3.831952 -6.219209 2.162991 32.245096 1.600342 0.990266
Car -1 -1 -10 110.000000 200.000000 200.000000 235.000000 1.522632 1.612195 3.621840 -20.851716 2.835045 33.262618 -1.577013 0.961410
Car -1 -1 -10 654.000000 175.000000 708.000000 214.000000 1.513650 1.618037 3.855327 2.801535 1.614931 30.249846 -1.600872 0.905693
Car -1 -1 -10 65.000000 205.000000 144.000000 238.000000 1.547897 1.606397 3.918641 -23.631695 2.882462 34.390832 1.486881 0.849630
Car -1 -1 -10 175.000000 200.000000 248.000000 235.000000 1.627658 1.616892 3.762505 -18.373633 2.832184 32.903616 0.890264 0.683831
Car -1 -1 -10 1010.000000 134.000000 1099.000000 178.000000 1.948961 1.694928 4.159052 24.377975 0.046368 40.236336 1.498733 0.673955
Car -1 -1 -10 479.000000 179.000000 519.000000 211.000000 1.555756 1.668915 3.972629 -6.320487 2.045732 40.365357 1.550605 0.412514
Car -1 -1 -10 11.000000 207.000000 98.000000 242.000000 1.460833 1.626617 3.813704 -25.771851 3.040753 34.291102 -1.500881 0.387265
Car -1 -1 -10 493.000000 181.000000 530.000000 206.000000 1.573504 1.498060 3.332993 -5.829260 2.337165 44.751963 1.515233 0.025034
