Car -1 -1 -10 573.000000 175.000000 614.000000 212.000000 1.537007 1.659710 3.748088 -0.735565 1.159290 34.097813 -1.597948 0.999681
Car -1 -1 -10 303.000000 187.000000 446.000000 271.000000 1.462051 1.567305 3.776513 -4.517645 1.510687 14.417288 -1.563835 0.999622
Car -1 -1 -10 397.000000 180.000000 474.000000 233.000000 1.507933 1.622503 4.002630 -5.319046 1.398628 22.484390 -1.601142 0.996346
Car -1 -1 -10 -3.000000 187.000000 232.000000 294.000000 1.486147 1.620846 3.936793 -8.525660 1.545344 12.500691 -1.548019 0.981243
Car -1 -1 -10 266.000000 180.000000 362.000000 235.000000 1.482745 1.622850 3.823328 -9.028902 1.394625 22.363489 -1.606733 0.968492
Car -1 -1 -10 -4.000000 208.000000 229.000000 376.000000 1.466562 1.659596 3.939406 -4.703547 1.616731 5.309590 -1.594420 0.825316
Car -1 -1 -10 536.000000 166.000000 561.000000 192.000000 1.579817 1.644381 3.844319 -4.462927 0.927941 49.437663 -1.650999 0.093688
Car -1 -1 -10 387.000000 173.000000 437.000000 207.000000 1.553941 1.656975 3.893715 -8.393777 0.885243 32.056512 -1.365453 0.047552
Car -1 -1 -10 3.000000 209.000000 112.000000 335.000000 1.431452 1.583268 3.778480 -8.613964 1.307325 12.383404 -1.549586 0.023311
Car -1 -1 -10 494.000000 170.000000 544.000000 206.000000 1.575250 1.629559 3.604300 -4.396844 0.847659 33.888915 -1.604827 0.015174
