Pedestrian -1 -1 -10 515.000000 166.000000 560.000000 275.000000 1.685101 0.609631 0.687371 -1.148925 1.397616 11.429008 0.334739 0.989224
Pedestrian -1 -1 -10 1117.000000 131.000000 1187.000000 299.000000 1.771612 0.628394 0.819393 6.292274 1.159494 8.244487 0.132897 0.971949
Pedestrian -1 -1 -10 499.000000 168.000000 535.000000 277.000000 1.808072 0.644008 0.833968 -1.383067 1.588385 11.413181 0.466404 0.941347
Pedestrian -1 -1 -10 1138.000000 126.000000 1219.000000 308.000000 1.794200 0.590106 0.841039 6.193456 1.178156 7.460910 0.168261 0.937805
Pedestrian -1 -1 -10 1003.000000 149.000000 1024.000000 213.000000 1.754764 0.577482 0.776458 10.458984 0.994530 18.238421 3.071409 0.172542
Pedestrian -1 -1 -10 1152.000000 134.000000 1222.000000 220.000000 1.750072 0.535917 0.569497 7.924045 1.732367 9.803096 3.644292 0.024301
Pedestrian -1 -1 -10 881.000000 153.000000 898.000000 196.000000 1.824961 0.578440 0.876078 13.312592 0.584832 33.443563 1.464806 0.022626
Car -1 -1 -10 448.000000 173.000000 481.000000 198.000000 1.599321 1.681547 4.039504 -8.659348 1.059656 43.947390 1.490171 0.997425
Car -1 -1 -10 0.000000 205.000000 295.000000 365.000000 1.529911 1.596620 3.907171 -3.256372 1.721358 3.369634 -1.572238 0.971807
Cyclist -1 -1 -10 1148.000000 129.000000 1222.000000 304.000000 1.781094 0.500344 1.771655 6.243348 1.121554 7.708684 0.139410 0.096247
Cyclist -1 -1 -10 501.000000 166.000000 540.000000 284.000000 1.764847 0.640148 1.779722 -1.306577 1.507487 11.549108 1.923955 0.023899
Cyclist -1 -1 -10 1149.000000 138.000000 1222.000000 207.000000 1.723307 0.439748 1.427514 12.270199 1.394243 14.891761 -0.167193 0.015552
Cyclist -1 -1 -10 515.000000 166.000000 559.000000 278.000000 1.741625 0.644622 1.826721 -1.272415 1.496860 11.533995 -1.226942 0.014904
Cyclist -1 -1 -10 502.000000 171.000000 538.000000 213.000000 1.750809 0.612271 1.841928 -4.962821 1.178829 38.983589 2.956639 0.010873
