Pedestrian -1 -1 -10 945.000000 168.000000 1068.000000 373.000000 1.591111 0.689216 0.561582 2.344446 1.460909 4.342322 2.017870 0.863191
Pedestrian -1 -1 -10 980.000000 194.000000 1122.000000 369.000000 1.733288 0.601474 0.687061 2.494892 1.656283 4.462975 1.092762 0.613825
Pedestrian -1 -1 -10 462.000000 179.000000 490.000000 262.000000 1.733201 0.588333 0.633562 -2.520145 1.576266 13.586496 0.428931 0.450823
Pedestrian -1 -1 -10 960.000000 196.000000 1060.000000 303.000000 1.713850 0.542603 0.573674 8.037313 1.978922 14.151886 3.024154 0.019686
Car -1 -1 -10 844.000000 175.000000 917.000000 228.000000 1.418549 1.622146 3.942451 8.040306 1.529466 21.559988 -1.330122 0.999467
Car -1 -1 -10 393.000000 179.000000 531.000000 257.000000 1.504311 1.585626 3.923854 -3.031799 1.694021 13.717668 1.834192 0.938434
Car -1 -1 -10 962.000000 200.000000 1228.000000 367.000000 1.504026 1.554707 3.740656 2.994712 1.533495 3.288763 1.536469 0.777281
Car -1 -1 -10 1019.000000 213.000000 1143.000000 367.000000 1.519380 1.650143 4.031132 1.795591 1.341825 5.260918 -2.527464 0.033788
Car -1 -1 -10 450.000000 179.000000 498.000000 260.000000 1.433865 1.552720 3.828978 -2.536265 1.581980 13.770747 -1.366525 0.017233
Cyclist -1 -1 -10 936.000000 171.000000 1079.000000 374.000000 1.578717 0.569863 1.721474 2.358081 1.447025 4.270146 1.513514 0.759476
Cyclist -1 -1 -10 963.000000 192.000000 1177.000000 371.000000 1.640927 0.647126 1.710679 2.541485 1.526734 4.436639 1.099572 0.466956
Cyclist -1 -1 -10 954.000000 182.000000 1050.000000 306.000000 1.725290 0.626497 1.353174 7.452562 1.649719 13.270499 -1.026800 0.071875
Cyclist -1 -1 -10 960.000000 195.000000 1059.000000 247.000000 1.801233 0.657253 1.217211 9.814606 1.885957 17.493263 -1.057960 0.022128
Cyclist -1 -1 -10 994.000000 176.000000 1037.000000 247.000000 1.709511 0.553792 1.638127 9.959521 1.568691 18.361264 -1.053207 0.015553
Cyclist -1 -1 -10 950.000000 211.000000 1071.000000 266.000000 1.712978 0.531420 1.608745 8.165115 1.772683 14.756259 -1.061687 0.014852
