Pedestrian -1 -1 -10 523.000000 165.000000 546.000000 210.000000 1.785895 0.607435 1.065174 -3.009066 1.153030 28.718223 -0.509061 0.940928
Pedestrian -1 -1 -10 394.000000 167.000000 414.000000 215.000000 1.769816 0.600009 0.936430 -7.909746 1.235430 27.444280 -2.818749 0.709250
Pedestrian -1 -1 -10 425.000000 162.000000 446.000000 212.000000 1.810069 0.617028 0.909004 -6.186318 1.298064 25.985489 0.334530 0.275009
Pedestrian -1 -1 -10 286.000000 175.000000 299.000000 217.000000 1.728241 0.567879 0.708912 -13.631137 1.888971 30.425923 0.226374 0.174929
Pedestrian -1 -1 -10 279.000000 177.000000 292.000000 218.000000 1.742089 0.587759 0.753892 -13.781788 1.576779 30.387724 0.149924 0.046104
Pedestrian -1 -1 -10 827.000000 155.000000 839.000000 185.000000 1.766226 0.621166 0.663825 8.276224 0.269269 25.322944 -1.810920 0.011858
Pedestrian -1 -1 -10 325.000000 173.000000 343.000000 200.000000 1.710393 0.590766 0.553656 -9.053783 1.248986 23.626432 0.107002 0.011484
Car -1 -1 -10 451.000000 175.000000 527.000000 227.000000 1.483177 1.607760 3.784737 -3.525577 1.275957 21.560920 -1.571782 0.999393
Car -1 -1 -10 925.000000 162.000000 1012.000000 187.000000 1.569355 1.635849 3.788985 20.061502 0.508005 38.639847 0.361804 0.806527
Car -1 -1 -10 1001.000000 151.000000 1112.000000 185.000000 1.759493 1.669532 4.047835 23.852313 0.161166 37.704878 -0.032431 0.470591
Car -1 -1 -10 481.000000 173.000000 517.000000 199.000000 1.458876 1.614736 3.509684 -1.454047 1.096370 11.171029 -0.209490 0.092223
Cyclist -1 -1 -10 637.000000 162.000000 672.000000 198.000000 1.680129 0.672433 1.763059 2.616345 0.773508 37.723409 -0.371867 0.997944
Cyclist -1 -1 -10 751.000000 154.000000 800.000000 202.000000 1.748355 0.672363 1.779283 7.179075 0.734059 29.750558 -0.152556 0.997740
Cyclist -1 -1 -10 814.000000 153.000000 872.000000 201.000000 1.748342 0.561036 1.753178 8.262962 0.763530 25.340300 0.761256 0.664799
Cyclist -1 -1 -10 394.000000 167.000000 415.000000 213.000000 1.775174 0.664938 1.833775 -7.936125 1.214165 27.440972 0.758563 0.015397
