Pedestrian -1 -1 -10 639.000000 171.000000 655.000000 212.000000 1.763587 0.647159 0.838254 1.843544 1.365183 28.825699 2.676505 0.761467
Pedestrian -1 -1 -10 877.000000 199.000000 921.000000 279.000000 1.793595 0.672041 0.693276 5.808629 1.722442 13.516447 -0.680627 0.391166
Pedestrian -1 -1 -10 0.000000 236.000000 156.000000 373.000000 1.758973 0.847124 0.613787 -2.590043 2.012458 3.499479 1.037377 0.354881
Pedestrian -1 -1 -10 892.000000 188.000000 915.000000 258.000000 1.741322 0.609488 0.676611 5.929361 1.626990 14.278052 2.926391 0.032504
Pedestrian -1 -1 -10 828.000000 204.000000 867.000000 255.000000 1.756984 0.693754 0.746382 5.641413 2.037468 16.141578 2.852222 0.020655
Pedestrian -1 -1 -10 832.000000 205.000000 906.000000 256.000000 1.690217 0.546038 0.585080 3.620201 1.833442 9.912377 0.457148 0.015391
Car -1 -1 -10 0.000000 228.000000 210.000000 373.000000 1.512562 1.548674 3.680186 -3.175797 1.580995 4.229619 -2.187907 0.021541
Car -1 -1 -10 823.000000 207.000000 872.000000 254.000000 1.526224 1.561635 3.436831 6.175208 1.630998 18.442825 2.429516 0.014397
Cyclist -1 -1 -10 1.000000 227.000000 165.000000 373.000000 1.653021 0.621547 1.634382 -2.555554 1.678729 3.330748 0.826019 0.438972
Cyclist -1 -1 -10 489.000000 184.000000 546.000000 230.000000 1.745117 0.622481 1.712769 -2.743620 1.436016 21.919681 0.346814 0.417197
Cyclist -1 -1 -10 873.000000 198.000000 927.000000 277.000000 1.705016 0.544445 1.665739 6.093612 1.559865 13.569560 -1.805206 0.049179
