Pedestrian -1 -1 -10 594.000000 168.000000 606.000000 200.000000 1.676168 0.700519 0.495022 -0.548824 1.424976 34.860150 1.471479 0.010124
Car -1 -1 -10 491.000000 169.000000 553.000000 221.000000 1.631384 1.684278 4.059590 -2.967243 1.553446 25.978350 1.597352 0.999636
Car -1 -1 -10 696.000000 175.000000 794.000000 270.000000 1.542218 1.557183 3.233307 2.514494 1.671561 13.778727 -1.555904 0.999292
Car -1 -1 -10 12.000000 194.000000 424.000000 372.000000 1.483254 1.577956 3.779150 -2.979627 1.651325 6.272100 -1.573917 0.997849
Car -1 -1 -10 670.000000 182.000000 731.000000 242.000000 1.458105 1.575826 3.733387 2.458517 1.705674 18.737906 -1.509881 0.994161
Car -1 -1 -10 274.000000 167.000000 437.000000 225.000000 1.444554 1.624927 4.125700 -7.273606 1.369543 19.720487 -3.145636 0.986305
Car -1 -1 -10 532.000000 172.000000 573.000000 208.000000 1.549258 1.616777 4.001172 -2.829739 1.659684 34.129402 -1.543354 0.985731
Car -1 -1 -10 172.000000 199.000000 412.000000 309.000000 1.469408 1.605848 3.903067 -2.907745 1.680558 6.171840 -1.585096 0.012227
Car -1 -1 -10 593.000000 167.000000 605.000000 199.000000 1.519914 1.624417 3.534214 0.611228 1.274942 35.327178 0.017756 0.011113
Cyclist -1 -1 -10 591.000000 167.000000 607.000000 205.000000 1.736397 0.586658 1.802826 -0.425714 1.483070 34.839731 1.639564 0.991817
