Car -1 -1 -10 320.000000 187.000000 457.000000 268.000000 1.509882 1.615262 3.752302 -4.593902 1.836085 15.286346 1.592267 0.999309
Car -1 -1 -10 531.000000 179.000000 565.000000 206.000000 1.526023 1.572415 3.560574 -3.660683 1.893685 42.135674 1.603888 0.999148
Car -1 -1 -10 412.000000 184.000000 499.000000 241.000000 1.460533 1.588591 3.877606 -4.446598 1.814464 21.165877 1.607950 0.998372
Car -1 -1 -10 790.000000 187.000000 1001.000000 311.000000 1.443665 1.615716 3.812639 3.835092 1.695731 10.438259 -1.564557 0.998268
Car -1 -1 -10 705.000000 180.000000 784.000000 235.000000 1.429318 1.620954 3.985234 3.894041 1.695621 21.237442 -1.578779 0.997515
Car -1 -1 -10 739.000000 182.000000 851.000000 258.000000 1.466929 1.592696 3.698616 3.902146 1.682819 15.971280 -1.543668 0.997159
Car -1 -1 -10 458.000000 184.000000 524.000000 226.000000 1.460567 1.602906 3.906636 -4.316754 1.847026 26.341560 1.607563 0.994880
Car -1 -1 -10 693.000000 178.000000 741.000000 221.000000 1.571200 1.594071 3.753647 4.575548 1.802641 31.941313 -1.520581 0.979008
Car -1 -1 -10 915.000000 183.000000 1242.000000 372.000000 1.618430 1.653359 3.907012 3.987786 1.783153 5.272649 -1.641372 0.947142
Car -1 -1 -10 686.000000 178.000000 724.000000 211.000000 1.544922 1.462231 3.297267 4.464195 1.862205 33.117433 -1.562881 0.410545
