Pedestrian -1 -1 -10 763.000000 162.000000 775.000000 202.000000 1.749712 0.599685 0.609269 4.813914 1.193941 21.901656 0.875996 0.178132
Pedestrian -1 -1 -10 758.000000 162.000000 786.000000 205.000000 1.760204 0.626901 0.663335 5.063425 1.075895 22.640188 -0.830905 0.012145
Car -1 -1 -10 745.000000 172.000000 883.000000 256.000000 1.430282 1.599228 3.961483 3.778981 1.407164 14.198856 -1.538360 0.998894
Car -1 -1 -10 560.000000 182.000000 614.000000 218.000000 1.412125 1.589969 3.871259 -0.765059 1.744535 29.177328 -1.456774 0.997367
Car -1 -1 -10 942.000000 179.000000 1227.000000 372.000000 1.543429 1.649641 3.962153 3.248159 1.571827 3.401387 -1.521891 0.980265
Car -1 -1 -10 593.000000 178.000000 627.000000 207.000000 1.491953 1.578489 3.971602 0.000557 1.761296 38.016405 -1.500865 0.955310
Car -1 -1 -10 700.000000 174.000000 731.000000 201.000000 1.562536 1.597412 3.877882 6.075054 1.538285 42.284009 -1.485915 0.049913
Car -1 -1 -10 694.000000 171.000000 722.000000 196.000000 1.477876 1.582908 3.677252 5.810531 1.258105 42.238741 -1.427493 0.020500
Car -1 -1 -10 2.000000 206.000000 112.000000 344.000000 1.471726 1.608326 3.771811 -5.403672 1.183532 4.673949 -2.337357 0.019686
Cyclist -1 -1 -10 758.000000 165.000000 778.000000 202.000000 1.795921 0.616465 1.528419 5.020984 1.186499 21.924996 -1.390505 0.012371
