Car -1 -1 -10 225.000000 187.000000 416.000000 297.000000 1.477678 1.580282 3.822679 -4.445651 1.563222 11.741078 -1.569551 0.999627
Car -1 -1 -10 573.000000 174.000000 614.000000 210.000000 1.539834 1.643708 3.947667 -0.799772 1.082731 33.674462 -1.594355 0.999526
Car -1 -1 -10 365.000000 178.000000 461.000000 241.000000 1.496746 1.624617 3.897172 -5.287514 1.391993 19.697633 -1.587885 0.998477
Car -1 -1 -10 218.000000 183.000000 319.000000 242.000000 1.499473 1.637318 3.751138 -8.894004 1.496664 19.720380 -1.587351 0.987130
Car -1 -1 -10 -2.000000 191.000000 157.000000 310.000000 1.455238 1.658678 4.030360 -8.541579 1.599505 10.057276 -1.585334 0.813769
Car -1 -1 -10 361.000000 171.000000 425.000000 214.000000 1.490046 1.587114 3.799626 -8.227999 1.009291 29.249423 -1.248619 0.442027
Car -1 -1 -10 501.000000 173.000000 547.000000 203.000000 1.580956 1.658277 3.895475 -5.225205 0.733550 46.636757 -1.718583 0.021964
Car -1 -1 -10 533.000000 164.000000 561.000000 192.000000 1.553797 1.625552 3.839696 -5.655757 0.934925 46.424328 -1.666239 0.020049
Car -1 -1 -10 255.000000 182.000000 336.000000 229.000000 1.533662 1.565879 3.806352 -12.487493 1.170099 28.909142 1.233449 0.016685
Car -1 -1 -10 482.000000 168.000000 536.000000 208.000000 1.600979 1.643351 3.872918 -4.367552 0.849569 31.510807 -1.563018 0.011982
