Pedestrian -1 -1 -10 433.000000 177.000000 448.000000 219.000000 1.846042 0.725512 0.772051 -6.945953 2.069592 29.397238 1.564203 0.940568
Pedestrian -1 -1 -10 415.000000 180.000000 429.000000 217.000000 1.790261 0.669840 0.657963 -7.701913 2.114638 29.256359 -1.976535 0.892543
Pedestrian -1 -1 -10 420.000000 180.000000 437.000000 218.000000 1.818737 0.698430 0.837485 -7.388650 1.931621 29.050140 -0.435937 0.060149
Pedestrian -1 -1 -10 431.000000 180.000000 441.000000 216.000000 1.755881 0.584130 0.504264 -7.067083 1.840015 29.447406 2.302964 0.059726
Car -1 -1 -10 670.000000 181.000000 770.000000 256.000000 1.479006 1.581917 3.677846 2.307841 1.697316 16.507456 -1.633082 0.999683
Car -1 -1 -10 413.000000 192.000000 480.000000 241.000000 1.447419 1.571913 3.495808 -4.965353 1.992617 22.355087 -1.634405 0.998138
Car -1 -1 -10 2.000000 207.000000 279.000000 372.000000 1.487122 1.647057 4.034909 -4.812224 1.847269 6.559461 1.550938 0.982901
Car -1 -1 -10 451.000000 180.000000 506.000000 223.000000 1.621977 1.631397 3.884456 -5.626440 2.042383 31.597724 -1.597999 0.982068
Car -1 -1 -10 636.000000 181.000000 684.000000 223.000000 1.467617 1.542103 3.511705 1.699939 1.806209 26.697985 -1.607775 0.981866
Car -1 -1 -10 616.000000 178.000000 647.000000 207.000000 1.527030 1.612887 3.869162 1.283596 1.913207 42.545972 -1.585467 0.552165
Car -1 -1 -10 485.000000 182.000000 523.000000 209.000000 1.547143 1.616089 3.849330 -6.596208 2.141259 45.610627 1.469515 0.363694
Car -1 -1 -10 876.000000 210.000000 1247.000000 372.000000 1.489967 1.616507 3.906030 3.109781 1.641446 4.009134 1.551088 0.324399
Car -1 -1 -10 866.000000 236.000000 1075.000000 358.000000 1.481181 1.577194 3.755914 3.059652 1.769487 4.113847 1.466752 0.010293
