Car -1 -1 -10 685.000000 182.000000 767.000000 244.000000 1.444483 1.568595 3.637356 2.882259 1.681908 18.462415 -1.562543 0.999471
Car -1 -1 -10 233.000000 179.000000 460.000000 251.000000 1.537674 1.597300 3.903740 -5.636910 1.673609 16.217425 0.066088 0.998578
Car -1 -1 -10 731.000000 172.000000 873.000000 223.000000 1.611394 1.658739 3.926598 6.339401 1.630088 23.519016 0.066022 0.994526
Car -1 -1 -10 331.000000 175.000000 483.000000 230.000000 1.537343 1.560385 4.011918 -5.877632 1.638240 21.524313 0.086752 0.948178
Car -1 -1 -10 393.000000 175.000000 500.000000 214.000000 1.516138 1.606615 3.782107 -6.018232 1.494493 26.952563 0.740815 0.900999
Car -1 -1 -10 837.000000 168.000000 1225.000000 374.000000 1.592927 1.591975 3.713925 2.781345 1.604024 4.708199 -1.589445 0.883555
Car -1 -1 -10 33.000000 184.000000 294.000000 294.000000 1.542144 1.598071 3.966738 -7.217241 1.695559 10.909046 -3.232326 0.768648
Car -1 -1 -10 -1.000000 147.000000 238.000000 331.000000 1.735424 1.630818 4.004810 -6.837090 1.569144 8.428851 -3.249028 0.558783
Car -1 -1 -10 687.000000 173.000000 741.000000 201.000000 1.483085 1.582043 3.994777 5.723551 1.415438 38.160682 0.068739 0.453353
Car -1 -1 -10 1.000000 197.000000 177.000000 383.000000 1.581430 1.614309 3.832006 -6.029793 1.771187 6.481314 0.428436 0.266456
Car -1 -1 -10 432.000000 175.000000 536.000000 207.000000 1.508158 1.620067 4.058511 -5.839327 1.526561 34.482077 -2.402638 0.120505
Car -1 -1 -10 152.000000 186.000000 394.000000 264.000000 1.493908 1.598051 3.887411 -6.061889 1.739261 13.927939 0.026764 0.078906
