Pedestrian -1 -1 -10 579.000000 165.000000 589.000000 202.000000 1.764444 0.602608 0.758102 -0.813697 0.885797 35.282529 1.913155 0.856179
Pedestrian -1 -1 -10 648.000000 165.000000 658.000000 192.000000 1.821282 0.724725 0.888156 3.314475 0.696711 46.383278 -1.598647 0.790490
Pedestrian -1 -1 -10 573.000000 165.000000 585.000000 201.000000 1.735290 0.685629 0.707896 -1.177028 0.846525 36.888997 1.164530 0.782312
Pedestrian -1 -1 -10 1000.000000 159.000000 1060.000000 313.000000 1.720167 0.655839 0.760692 4.492154 1.342283 7.606877 -1.430649 0.639827
Pedestrian -1 -1 -10 655.000000 163.000000 663.000000 191.000000 1.802785 0.569206 0.714961 4.295996 0.653548 52.120962 -1.105786 0.273852
Pedestrian -1 -1 -10 662.000000 164.000000 669.000000 192.000000 1.763840 0.628571 0.678573 4.245520 0.545901 46.711434 -1.026186 0.191415
Pedestrian -1 -1 -10 582.000000 165.000000 598.000000 201.000000 1.745811 0.574307 0.731321 -0.788180 0.775006 35.560029 2.550384 0.054823
Pedestrian -1 -1 -10 620.000000 166.000000 634.000000 191.000000 1.727714 0.488130 0.665638 0.328337 1.212349 12.409360 0.154747 0.045058
Pedestrian -1 -1 -10 593.000000 165.000000 601.000000 195.000000 1.811992 0.599740 0.705357 -0.250349 0.942314 50.838994 -1.129053 0.044614
Pedestrian -1 -1 -10 665.000000 165.000000 672.000000 193.000000 1.829877 0.689370 0.782209 4.319064 0.775990 47.890617 -0.973321 0.023386
Pedestrian -1 -1 -10 587.000000 165.000000 605.000000 199.000000 1.767720 0.632325 0.607425 -0.335936 1.071071 45.176144 -1.591838 0.023352
Pedestrian -1 -1 -10 992.000000 160.000000 1053.000000 233.000000 1.724341 0.627486 0.580576 5.278229 1.105924 9.128968 -1.123050 0.013143
Car -1 -1 -10 589.000000 172.000000 640.000000 213.000000 1.561361 1.663881 3.893837 0.539670 1.184809 27.067183 1.686406 0.999207
Car -1 -1 -10 928.000000 162.000000 998.000000 205.000000 1.512896 1.572783 3.575605 12.864836 1.330129 25.098745 2.553267 0.030195
Car -1 -1 -10 595.000000 169.000000 631.000000 199.000000 1.500680 1.625395 3.919495 0.777503 0.588894 46.811504 2.104399 0.022866
Car -1 -1 -10 612.000000 168.000000 636.000000 193.000000 1.527466 1.633700 3.715338 1.312648 0.505550 47.279927 -1.550996 0.010797
Cyclist -1 -1 -10 998.000000 156.000000 1065.000000 310.000000 1.713666 0.628681 1.525660 4.823343 1.150878 8.043897 3.185281 0.611783
Cyclist -1 -1 -10 981.000000 165.000000 1134.000000 348.000000 1.722702 0.563782 1.523273 4.847923 1.178222 8.056918 -0.531659 0.019338
Cyclist -1 -1 -10 992.000000 160.000000 1053.000000 233.000000 1.684351 0.653751 1.705254 5.601511 0.846874 9.453095 2.691150 0.019246
