Pedestrian -1 -1 -10 437.000000 170.000000 467.000000 255.000000 1.787682 0.626252 0.930570 -3.312144 1.556186 15.636556 1.787510 0.998371
Pedestrian -1 -1 -10 690.000000 174.000000 729.000000 284.000000 1.728551 0.703023 0.955034 1.709864 1.563865 11.795673 -1.387602 0.997310
Pedestrian -1 -1 -10 642.000000 171.000000 672.000000 238.000000 1.817297 0.664389 1.139524 1.543828 1.557809 20.484535 -1.514375 0.995036
Pedestrian -1 -1 -10 723.000000 176.000000 758.000000 281.000000 1.704217 0.531201 0.691185 2.237857 1.628093 11.965715 -1.405518 0.968244
Pedestrian -1 -1 -10 398.000000 174.000000 420.000000 237.000000 1.684400 0.541056 0.606815 -4.386199 1.482251 16.256950 1.384983 0.958658
Pedestrian -1 -1 -10 780.000000 166.000000 807.000000 247.000000 1.755338 0.602743 0.673146 4.437026 1.485300 16.464714 1.346524 0.920749
Pedestrian -1 -1 -10 819.000000 169.000000 844.000000 249.000000 1.720252 0.575685 0.688052 4.907552 1.444358 15.477248 1.937686 0.917670
Pedestrian -1 -1 -10 755.000000 170.000000 784.000000 252.000000 1.721602 0.637059 0.874747 3.611373 1.499270 15.886826 -1.359290 0.894707
Pedestrian -1 -1 -10 7.000000 172.000000 69.000000 280.000000 1.739859 0.580142 0.498574 -8.376023 1.446896 10.563646 1.973039 0.630288
Pedestrian -1 -1 -10 3.000000 227.000000 94.000000 373.000000 1.778284 0.692006 0.610110 -4.176640 2.089844 5.450375 -1.838442 0.563859
Pedestrian -1 -1 -10 766.000000 169.000000 797.000000 248.000000 1.744857 0.690434 0.815250 3.820204 1.441651 15.814295 -1.826846 0.502477
Pedestrian -1 -1 -10 1.000000 217.000000 234.000000 373.000000 1.717604 0.799806 0.597260 -3.412251 2.046997 5.156211 -0.554978 0.196768
Car -1 -1 -10 562.000000 180.000000 603.000000 212.000000 1.457250 1.607796 3.964964 -0.907005 1.533057 36.124810 1.658744 0.998724
Car -1 -1 -10 22.000000 221.000000 276.000000 373.000000 1.468594 1.475598 3.752252 -3.656459 1.942524 4.776557 1.724029 0.055938
Cyclist -1 -1 -10 5.000000 221.000000 130.000000 368.000000 1.671068 0.633970 1.551061 -4.046040 1.821612 5.090163 -0.137714 0.876879
Cyclist -1 -1 -10 -4.000000 218.000000 263.000000 376.000000 1.675889 0.652437 1.622076 -2.933047 1.942486 4.344169 1.513907 0.652498
Cyclist -1 -1 -10 3.000000 171.000000 88.000000 296.000000 1.733888 0.665089 1.668222 -8.740450 1.435422 10.899729 1.586210 0.537263
Cyclist -1 -1 -10 17.000000 195.000000 136.000000 285.000000 1.652677 0.608387 1.681876 -9.112870 1.810724 12.442037 0.355462 0.111858
Cyclist -1 -1 -10 16.000000 213.000000 81.000000 351.000000 1.663628 0.701138 1.635356 -4.223070 1.799504 5.297628 2.396128 0.014144
Cyclist -1 -1 -10 891.000000 211.000000 1031.000000 367.000000 1.691394 0.647011 1.835948 2.728695 1.719968 5.437998 1.465592 0.013480
