Pedestrian -1 -1 -10 634.000000 153.000000 672.000000 247.000000 1.824605 0.781583 0.976053 0.916413 1.256566 14.573844 1.109181 0.984700
Pedestrian -1 -1 -10 321.000000 165.000000 365.000000 257.000000 1.827342 0.734450 0.810764 -4.995516 1.338986 13.429807 -1.689776 0.981423
Pedestrian -1 -1 -10 1.000000 175.000000 43.000000 280.000000 1.821540 0.602541 0.981757 -11.008016 1.753561 13.353794 -2.402409 0.973484
Pedestrian -1 -1 -10 400.000000 153.000000 441.000000 265.000000 1.873547 0.727422 1.038507 -3.335975 1.449192 12.343766 0.272495 0.957530
Pedestrian -1 -1 -10 138.000000 179.000000 165.000000 254.000000 1.785409 0.578816 0.797371 -10.697309 1.784477 16.680679 -3.151575 0.726262
Pedestrian -1 -1 -10 62.000000 184.000000 103.000000 266.000000 1.686951 0.590788 0.898163 -11.046022 1.786988 15.020586 -3.226968 0.723263
Pedestrian -1 -1 -10 175.000000 166.000000 210.000000 256.000000 1.681846 0.678777 0.767746 -8.740844 1.337652 14.998840 2.507183 0.660011
Pedestrian -1 -1 -10 122.000000 182.000000 149.000000 255.000000 1.681566 0.540465 0.730128 -10.677058 1.717929 16.076801 0.472049 0.534021
Pedestrian -1 -1 -10 771.000000 155.000000 788.000000 187.000000 1.754883 0.686797 0.804081 10.155455 0.500817 41.981340 -1.289466 0.111619
Pedestrian -1 -1 -10 348.000000 169.000000 370.000000 246.000000 1.764708 0.662921 0.635860 -5.735237 1.281747 15.989575 -1.900871 0.082672
Pedestrian -1 -1 -10 923.000000 152.000000 948.000000 207.000000 1.732841 0.633417 0.828443 10.556576 0.785971 22.665197 -1.144093 0.048337
Pedestrian -1 -1 -10 173.000000 181.000000 194.000000 259.000000 1.732174 0.638144 0.869899 -8.820816 1.434165 14.885443 -0.036603 0.046262
Pedestrian -1 -1 -10 402.000000 167.000000 426.000000 241.000000 1.699960 0.554471 0.723506 -3.327731 1.383500 12.242917 0.286916 0.034445
Pedestrian -1 -1 -10 136.000000 185.000000 292.000000 256.000000 1.754519 0.657227 0.726696 -8.635280 1.664214 15.006816 -2.067767 0.020192
Pedestrian -1 -1 -10 145.000000 180.000000 178.000000 262.000000 1.779075 0.612906 0.562094 -10.562069 1.736456 16.622884 0.497660 0.016720
Car -1 -1 -10 127.000000 184.000000 430.000000 364.000000 1.489405 1.605897 3.736571 -3.256813 1.558961 7.675980 -1.559974 0.999283
Car -1 -1 -10 361.000000 183.000000 426.000000 238.000000 1.537666 1.619096 3.474451 -5.756663 1.489676 19.583171 -2.946189 0.027677
Car -1 -1 -10 396.000000 160.000000 443.000000 262.000000 1.676951 1.630127 3.916988 -3.724772 1.330737 13.410114 -1.813261 0.027395
Car -1 -1 -10 1120.000000 154.000000 1222.000000 194.000000 1.538670 1.572701 3.682756 19.062747 0.802736 23.704982 -0.217244 0.017233
Car -1 -1 -10 187.000000 191.000000 293.000000 235.000000 1.647309 1.707871 4.308795 -18.672475 2.126138 36.303424 -0.490944 0.011941
Cyclist -1 -1 -10 922.000000 153.000000 948.000000 205.000000 1.779633 0.604608 1.797003 10.644123 0.792124 22.793500 -1.026957 0.990508
Cyclist -1 -1 -10 958.000000 150.000000 1009.000000 198.000000 1.751808 0.503995 1.688186 14.314180 0.521242 26.688194 -0.084660 0.948634
Cyclist -1 -1 -10 164.000000 173.000000 219.000000 257.000000 1.679699 0.633420 1.754466 -8.800412 1.362891 14.975588 1.726316 0.153864
Cyclist -1 -1 -10 397.000000 158.000000 443.000000 262.000000 1.805648 0.585872 1.750503 -3.273091 1.478396 12.528322 0.289384 0.083566
Cyclist -1 -1 -10 136.000000 185.000000 292.000000 256.000000 1.670067 0.570687 1.698879 -8.782165 1.442791 15.144253 -2.113011 0.069632
Cyclist -1 -1 -10 319.000000 164.000000 365.000000 254.000000 1.758954 0.774578 1.792647 -4.834333 1.140680 13.648482 -3.386552 0.063330
Cyclist -1 -1 -10 145.000000 180.000000 178.000000 262.000000 1.741699 0.506333 1.759720 -10.682597 1.745176 16.789404 0.321470 0.033687
Cyclist -1 -1 -10 137.000000 179.000000 165.000000 253.000000 1.733185 0.512938 1.695451 -10.841378 1.717076 16.796029 -1.767883 0.029538
Cyclist -1 -1 -10 364.000000 192.000000 386.000000 235.000000 1.696246 0.597349 1.663829 -6.351655 1.428769 18.716236 0.088484 0.027057
Cyclist -1 -1 -10 771.000000 154.000000 788.000000 187.000000 1.684319 0.586170 1.675470 10.179986 0.405635 42.342046 0.795079 0.025692
Cyclist -1 -1 -10 399.000000 177.000000 422.000000 227.000000 1.715012 0.604292 1.620741 -4.236423 1.646346 15.348242 -1.801960 0.013891
Cyclist -1 -1 -10 390.000000 173.000000 433.000000 238.000000 1.697343 0.504414 1.575249 -4.076978 1.822995 14.056242 0.263356 0.012599
Cyclist -1 -1 -10 169.000000 193.000000 187.000000 261.000000 1.712978 0.531420 1.608745 -8.871826 1.250495 14.727249 -2.111213 0.011349
Cyclist -1 -1 -10 121.000000 181.000000 148.000000 255.000000 1.720372 0.534947 1.741960 -10.801771 1.750183 16.252266 -1.827432 0.011121
Cyclist -1 -1 -10 177.000000 192.000000 267.000000 246.000000 1.729205 0.460246 1.443816 -8.393420 1.497776 16.008429 -1.357866 0.010509
Cyclist -1 -1 -10 184.000000 167.000000 208.000000 253.000000 1.691649 0.585996 1.791151 -8.718601 1.295402 15.035875 -0.348614 0.010122
Cyclist -1 -1 -10 356.000000 179.000000 375.000000 239.000000 1.722692 0.653010 1.636972 -6.367033 1.260482 18.862130 1.895212 0.010019
