Pedestrian -1 -1 -10 1123.000000 205.000000 1242.000000 378.000000 1.707377 0.661251 0.657150 3.152558 1.932178 3.576673 0.054787 0.018741
Car -1 -1 -10 920.000000 196.000000 1236.000000 374.000000 1.478164 1.626503 3.817081 4.482384 1.699247 5.961887 -0.003386 0.996662
Car -1 -1 -10 -5.000000 163.000000 229.000000 293.000000 1.659806 1.613055 3.741995 -7.810956 1.536252 10.234604 -3.297919 0.963296
Car -1 -1 -10 464.000000 174.000000 507.000000 203.000000 1.576008 1.658486 3.974564 -7.385813 1.734441 43.188327 -1.932970 0.961327
Car -1 -1 -10 1101.000000 195.000000 1237.000000 375.000000 1.508067 1.625755 3.901253 4.395942 1.502161 4.301259 0.083724 0.699152
Car -1 -1 -10 1.000000 168.000000 119.000000 326.000000 1.613344 1.651422 3.853571 -7.912413 1.588112 7.690234 -3.281508 0.367073
Car -1 -1 -10 257.000000 174.000000 358.000000 219.000000 1.454002 1.599056 3.774782 -10.537252 1.434476 26.168099 -1.889720 0.259735
Car -1 -1 -10 59.000000 148.000000 199.000000 230.000000 1.513520 1.581924 3.715687 -8.852937 0.574254 12.609483 1.545800 0.244186
Car -1 -1 -10 84.000000 174.000000 293.000000 266.000000 1.469876 1.589846 4.132153 -8.225877 1.672077 12.314598 -0.065713 0.154301
Car -1 -1 -10 144.000000 166.000000 334.000000 238.000000 1.724420 1.731499 3.987829 -9.547813 1.520785 18.937641 -3.423159 0.121158
