Car -1 -1 -10 670.000000 177.000000 741.000000 230.000000 1.464358 1.607423 3.845047 2.832422 1.657966 21.807674 -1.578914 0.999618
Car -1 -1 -10 744.000000 182.000000 960.000000 326.000000 1.448623 1.623777 3.845942 2.924272 1.586502 9.659713 -1.584254 0.999356
Car -1 -1 -10 283.000000 172.000000 459.000000 231.000000 1.602493 1.649324 4.004575 -6.537482 1.604802 20.358746 0.115164 0.988661
Car -1 -1 -10 78.000000 170.000000 392.000000 271.000000 1.512782 1.616699 3.983877 -6.362346 1.447093 12.527635 -3.105920 0.987930
Car -1 -1 -10 859.000000 203.000000 1236.000000 378.000000 1.513046 1.617568 3.866866 2.891253 1.725939 4.021864 -1.597100 0.973155
Car -1 -1 -10 26.000000 165.000000 298.000000 312.000000 1.561273 1.630031 4.029227 -5.932167 1.495490 9.046509 -3.146203 0.972127
Car -1 -1 -10 0.000000 142.000000 208.000000 363.000000 1.667236 1.641262 4.098380 -5.471141 1.619225 6.527619 1.125286 0.930782
Car -1 -1 -10 649.000000 170.000000 696.000000 209.000000 1.593611 1.627325 3.905620 2.796803 1.591532 32.512681 -1.604976 0.921756
Car -1 -1 -10 345.000000 168.000000 505.000000 219.000000 1.749291 1.740122 4.148091 -6.404192 1.603766 25.075706 -3.138718 0.359071
Car -1 -1 -10 418.000000 171.000000 516.000000 210.000000 1.513420 1.566590 3.851643 -5.827311 1.516883 31.794942 -3.183666 0.308101
