Pedestrian -1 -1 -10 374.000000 186.000000 434.000000 332.000000 1.689071 0.598095 0.767139 -2.251211 1.689987 7.974592 1.728322 0.997018
Pedestrian -1 -1 -10 891.000000 169.000000 931.000000 271.000000 1.658358 0.658242 0.650254 4.914694 1.506669 11.513255 -0.647765 0.995972
Pedestrian -1 -1 -10 331.000000 180.000000 369.000000 301.000000 1.778439 0.612850 0.643291 -3.429180 1.680297 9.731537 -0.192125 0.985416
Pedestrian -1 -1 -10 584.000000 171.000000 606.000000 239.000000 1.774621 0.656165 0.861081 -0.224924 1.499028 19.531565 1.560854 0.956945
Pedestrian -1 -1 -10 473.000000 177.000000 511.000000 273.000000 1.747846 0.643393 0.646976 -2.142471 1.658792 13.282561 2.000225 0.933747
Pedestrian -1 -1 -10 548.000000 173.000000 566.000000 232.000000 1.765209 0.588604 0.840385 -1.434384 1.504784 22.744299 1.989304 0.095065
Pedestrian -1 -1 -10 600.000000 173.000000 614.000000 223.000000 1.832929 0.644001 0.642961 0.294048 1.514414 30.509191 -0.536154 0.077274
Pedestrian -1 -1 -10 562.000000 172.000000 579.000000 226.000000 1.819992 0.689144 0.884878 -1.203689 1.531323 25.853959 1.549596 0.048780
Pedestrian -1 -1 -10 610.000000 174.000000 624.000000 216.000000 1.793883 0.633810 0.771444 0.573324 1.634273 31.741037 -2.172552 0.036796
Pedestrian -1 -1 -10 624.000000 174.000000 639.000000 217.000000 1.745950 0.535779 0.604707 1.317171 1.406851 30.700118 2.599710 0.017560
Pedestrian -1 -1 -10 346.000000 187.000000 407.000000 302.000000 1.750132 0.650384 0.614527 -2.874917 1.886183 9.145586 -2.435350 0.010599
Car -1 -1 -10 1159.000000 211.000000 1236.000000 363.000000 1.508075 1.568217 3.747916 2.083105 1.184454 0.576673 -1.461366 0.012280
Cyclist -1 -1 -10 328.000000 180.000000 372.000000 296.000000 1.786132 0.602496 1.792635 -3.683223 1.642986 10.197261 -1.821523 0.463412
Cyclist -1 -1 -10 471.000000 176.000000 512.000000 274.000000 1.719470 0.539681 1.710140 -2.036987 1.639835 13.112998 1.587316 0.067140
Cyclist -1 -1 -10 284.000000 185.000000 403.000000 281.000000 1.736487 0.625435 1.679993 -4.461924 2.094306 11.955544 -2.884244 0.058169
Cyclist -1 -1 -10 370.000000 188.000000 434.000000 326.000000 1.687630 0.500863 1.626722 -2.328766 1.694867 8.065357 1.924648 0.044996
Cyclist -1 -1 -10 687.000000 169.000000 725.000000 243.000000 1.719153 0.543421 1.795000 2.527130 1.485113 18.183627 2.232700 0.038657
Cyclist -1 -1 -10 358.000000 197.000000 414.000000 279.000000 1.741859 0.653523 1.746445 -3.826056 1.829630 13.342922 -0.275246 0.013600
