Pedestrian -1 -1 -10 -1.000000 162.000000 108.000000 371.000000 1.766497 0.631815 0.913522 -5.623221 1.833887 6.721752 1.905379 0.547809
Pedestrian -1 -1 -10 557.000000 176.000000 565.000000 204.000000 1.824502 0.627281 0.744498 -3.226001 1.986933 46.208140 1.050148 0.252647
Pedestrian -1 -1 -10 568.000000 172.000000 577.000000 203.000000 1.791174 0.583941 0.951682 -2.505489 1.913870 46.646038 1.467719 0.118953
Pedestrian -1 -1 -10 0.000000 169.000000 53.000000 362.000000 1.790495 0.624740 0.833151 -5.698704 1.797758 6.779318 1.940021 0.058945
Car -1 -1 -10 438.000000 180.000000 505.000000 230.000000 1.570405 1.616087 3.888918 -4.943209 1.905273 26.037889 1.568211 0.999411
Car -1 -1 -10 771.000000 189.000000 1085.000000 375.000000 1.476500 1.571708 3.563225 2.635403 1.637547 6.920382 -1.565163 0.999189
Car -1 -1 -10 666.000000 175.000000 730.000000 228.000000 1.541193 1.598191 3.669570 2.623870 1.651464 22.580393 -1.583362 0.998946
Car -1 -1 -10 224.000000 178.000000 423.000000 306.000000 1.630600 1.671377 4.044969 -4.563559 1.832316 12.153817 -1.577938 0.993221
Car -1 -1 -10 500.000000 181.000000 538.000000 209.000000 1.634213 1.663694 3.873998 -5.153207 2.027338 41.790996 1.552907 0.990702
Car -1 -1 -10 -7.000000 161.000000 112.000000 370.000000 1.513178 1.587892 3.704537 -4.662773 1.965198 3.880688 1.527613 0.091510
Cyclist -1 -1 -10 568.000000 172.000000 577.000000 203.000000 1.807642 0.653229 1.870185 -2.452796 1.900155 46.760680 1.572614 0.216447
Cyclist -1 -1 -10 557.000000 176.000000 565.000000 204.000000 1.785176 0.608729 1.770130 -3.132233 1.904359 46.152466 -1.570251 0.115902
Cyclist -1 -1 -10 -2.000000 159.000000 112.000000 373.000000 1.718207 0.451555 1.715036 -5.502678 1.765150 6.702917 1.629663 0.095237
