Car -1 -1 -10 576.000000 177.000000 610.000000 209.000000 1.519663 1.580946 3.464779 -0.774289 1.102391 38.699043 -1.600504 0.999396
Car -1 -1 -10 394.000000 186.000000 485.000000 245.000000 1.465231 1.587937 3.676190 -4.512321 1.480697 19.373840 -1.563059 0.998798
Car -1 -1 -10 13.000000 195.000000 374.000000 370.000000 1.475812 1.628261 4.017350 -4.128986 1.633397 8.335484 -1.580786 0.998173
Car -1 -1 -10 457.000000 182.000000 510.000000 221.000000 1.465280 1.638633 4.121007 -4.975076 1.409612 29.605818 -1.602310 0.942670
Car -1 -1 -10 349.000000 179.000000 405.000000 222.000000 1.524794 1.616667 3.761129 -8.793663 1.338330 27.827914 -1.587282 0.914484
Car -1 -1 -10 495.000000 182.000000 533.000000 210.000000 1.499196 1.625820 3.850512 -5.028732 1.318742 38.852401 -1.590724 0.815725
Car -1 -1 -10 2.000000 183.000000 93.000000 291.000000 1.516320 1.570939 3.812027 -8.510331 1.690042 8.747885 1.523388 0.476371
Car -1 -1 -10 15.000000 195.000000 219.000000 334.000000 1.425959 1.568714 3.759085 -4.894045 1.885655 6.515819 1.464141 0.227874
Car -1 -1 -10 341.000000 181.000000 388.000000 211.000000 1.514200 1.615316 3.754096 -12.890450 1.279874 37.566391 -1.861125 0.185746
Car -1 -1 -10 167.000000 182.000000 335.000000 303.000000 1.575896 1.660375 3.793305 -8.515342 1.575497 17.124311 -1.447929 0.058793
Car -1 -1 -10 191.000000 170.000000 304.000000 254.000000 1.513352 1.595135 3.757586 -8.562985 1.399703 17.228160 1.667131 0.030435
