Car -1 -1 -10 667.000000 177.000000 731.000000 225.000000 1.440853 1.607647 3.775900 2.832274 1.689233 23.794925 -1.576359 0.999025
Car -1 -1 -10 330.000000 174.000000 473.000000 227.000000 1.552409 1.625770 4.033145 -6.460484 1.630110 22.354820 0.068789 0.995624
Car -1 -1 -10 727.000000 179.000000 896.000000 297.000000 1.470728 1.617023 3.800979 2.953363 1.616435 11.668790 -1.591584 0.995606
Car -1 -1 -10 801.000000 204.000000 1221.000000 375.000000 1.466700 1.573308 3.567081 2.902747 1.724681 6.133276 -1.594108 0.995580
Car -1 -1 -10 0.000000 156.000000 313.000000 301.000000 1.808933 1.657066 3.856940 -6.155887 1.695032 9.871092 -3.220006 0.984948
Car -1 -1 -10 185.000000 172.000000 411.000000 263.000000 1.608941 1.612229 3.900037 -6.225994 1.600897 14.382599 -3.119255 0.968041
Car -1 -1 -10 647.000000 172.000000 691.000000 209.000000 1.574076 1.615353 3.920934 2.734427 1.628964 34.730019 -1.577140 0.877389
Car -1 -1 -10 259.000000 174.000000 439.000000 236.000000 1.554490 1.608441 3.763033 -6.205285 1.256571 17.698849 1.391718 0.635660
Car -1 -1 -10 378.000000 170.000000 508.000000 216.000000 1.739449 1.715805 4.119899 -6.313077 1.563094 27.149693 -3.180633 0.369129
Car -1 -1 -10 436.000000 175.000000 520.000000 210.000000 1.559780 1.605326 3.798023 -5.676323 1.684868 34.623396 -3.150214 0.247446
Car -1 -1 -10 -1.000000 184.000000 87.000000 375.000000 1.574047 1.627741 3.970384 -6.410133 1.671700 5.366098 -3.131388 0.092616
