Pedestrian -1 -1 -10 707.000000 168.000000 734.000000 247.000000 1.676466 0.601758 0.683834 2.171260 1.572643 14.274057 -0.893718 0.614976
Pedestrian -1 -1 -10 727.000000 167.000000 769.000000 255.000000 1.618047 0.651576 0.662576 2.302610 1.229089 12.553725 1.388120 0.080091
Pedestrian -1 -1 -10 712.000000 173.000000 755.000000 248.000000 1.735845 0.580060 0.637293 2.361016 1.686902 14.361223 -0.770138 0.046434
Pedestrian -1 -1 -10 744.000000 162.000000 786.000000 241.000000 1.700227 0.660304 0.794729 2.994867 1.260691 13.571622 2.870349 0.029979
Pedestrian -1 -1 -10 718.000000 162.000000 807.000000 260.000000 1.833939 0.608120 1.029346 2.665059 1.592440 12.943119 2.937084 0.026079
Pedestrian -1 -1 -10 758.000000 155.000000 787.000000 217.000000 1.711327 0.547119 0.608061 3.070635 1.401100 14.379006 2.773493 0.023777
Pedestrian -1 -1 -10 736.000000 169.000000 766.000000 215.000000 1.720957 0.619266 0.602898 4.278106 1.822798 23.350182 -0.859130 0.010032
Car -1 -1 -10 596.000000 173.000000 624.000000 200.000000 1.492531 1.619272 3.722471 -0.054280 1.472871 46.388277 -1.593683 0.998299
Car -1 -1 -10 2.000000 169.000000 415.000000 373.000000 1.599269 1.637055 3.876454 -2.795473 1.669917 5.007741 -1.558370 0.993662
Car -1 -1 -10 429.000000 181.000000 468.000000 207.000000 1.517020 1.639670 3.792832 -9.882958 2.163370 44.002758 1.533633 0.978059
Car -1 -1 -10 0.000000 175.000000 178.000000 367.000000 1.560493 1.494604 3.293886 -7.306531 1.551829 10.025128 1.495664 0.051310
Car -1 -1 -10 3.000000 162.000000 107.000000 197.000000 1.568340 1.617480 4.173128 -37.857022 1.773587 50.553612 -0.144402 0.019895
Car -1 -1 -10 3.000000 172.000000 125.000000 213.000000 1.914599 1.782556 4.239769 -32.374381 2.155703 41.825587 -1.714745 0.010518
Cyclist -1 -1 -10 730.000000 148.000000 867.000000 275.000000 1.810338 0.592854 1.823466 2.768799 1.458630 10.878012 -2.800254 0.999835
Cyclist -1 -1 -10 731.000000 156.000000 797.000000 265.000000 1.793034 0.526395 1.743062 2.575906 1.470823 13.044037 -0.840192 0.968169
Cyclist -1 -1 -10 900.000000 177.000000 944.000000 227.000000 1.624624 0.451108 1.691559 7.621754 1.591471 17.534566 -1.320059 0.881917
Cyclist -1 -1 -10 717.000000 166.000000 775.000000 252.000000 1.750033 0.572615 1.680365 2.368120 1.512076 12.824353 1.234722 0.818988
Cyclist -1 -1 -10 707.000000 169.000000 743.000000 248.000000 1.667884 0.590300 1.783397 2.066551 1.548331 14.324923 2.758016 0.800082
Cyclist -1 -1 -10 722.000000 176.000000 751.000000 250.000000 1.728604 0.556450 1.721236 2.303027 1.654762 14.051487 -1.418675 0.334011
Cyclist -1 -1 -10 744.000000 162.000000 786.000000 241.000000 1.732583 0.574739 1.729178 3.020711 1.340013 13.763106 -1.330733 0.147570
Cyclist -1 -1 -10 735.000000 166.000000 761.000000 254.000000 1.648277 0.481995 1.579659 2.477948 1.744373 13.711468 -1.484532 0.065904
Cyclist -1 -1 -10 760.000000 157.000000 830.000000 210.000000 1.726943 0.453332 1.432713 4.573163 1.269970 17.396642 -0.595373 0.047963
Cyclist -1 -1 -10 761.000000 154.000000 787.000000 220.000000 1.711267 0.538721 1.648695 2.738524 1.708579 12.929365 -1.359334 0.012301
