Pedestrian -1 -1 -10 1115.000000 117.000000 1228.000000 345.000000 1.758714 0.593987 0.865307 4.764766 1.252367 6.185962 -1.365012 0.990039
Pedestrian -1 -1 -10 1194.000000 108.000000 1240.000000 306.000000 1.699678 0.617556 0.650036 5.091260 1.576086 6.337118 -1.434735 0.537337
Pedestrian -1 -1 -10 1121.000000 126.000000 1169.000000 274.000000 1.777233 0.659422 0.626340 6.569350 2.254071 8.757683 3.267981 0.070727
Pedestrian -1 -1 -10 1088.000000 140.000000 1222.000000 240.000000 1.801958 0.810222 0.814833 12.146510 1.108769 15.505653 3.744143 0.056481
Pedestrian -1 -1 -10 1217.000000 85.000000 1241.000000 339.000000 1.715254 0.612257 0.769831 5.155335 0.968313 5.953362 0.773189 0.053614
Pedestrian -1 -1 -10 1149.000000 126.000000 1240.000000 255.000000 1.773251 0.548559 0.533490 11.933239 1.279007 14.661695 3.277954 0.015669
Car -1 -1 -10 846.000000 166.000000 963.000000 212.000000 1.496208 1.607854 3.956883 10.022713 1.362208 24.677470 3.167093 0.993815
Car -1 -1 -10 979.000000 157.000000 1146.000000 206.000000 1.506370 1.665975 4.208726 14.892675 1.201235 24.787064 3.149062 0.977028
Car -1 -1 -10 132.000000 179.000000 302.000000 244.000000 1.897784 1.732497 4.210352 -12.915100 2.231832 23.864231 -3.098086 0.726268
Car -1 -1 -10 245.000000 185.000000 340.000000 218.000000 1.528470 1.632883 4.005858 -13.778589 2.134059 33.268959 0.988035 0.113325
Car -1 -1 -10 55.000000 198.000000 131.000000 227.000000 1.604076 1.632177 3.893419 -21.344224 2.951677 29.892299 1.602335 0.092545
Car -1 -1 -10 0.000000 207.000000 60.000000 251.000000 1.516756 1.636560 4.110940 -20.909689 2.583989 23.721074 -3.132241 0.091903
Car -1 -1 -10 1099.000000 133.000000 1224.000000 250.000000 1.543017 1.585846 3.673831 12.307201 1.083873 16.652188 -1.497098 0.037136
Car -1 -1 -10 130.000000 194.000000 196.000000 223.000000 1.510967 1.605774 3.836534 -20.420130 2.501055 33.013677 0.796609 0.031623
Car -1 -1 -10 132.000000 189.000000 239.000000 229.000000 1.577045 1.547415 3.512209 -14.842979 2.007202 26.155044 -0.634420 0.021363
Car -1 -1 -10 305.000000 182.000000 385.000000 210.000000 1.511868 1.523883 3.722603 -12.802412 2.552024 35.273246 0.748673 0.012991
Car -1 -1 -10 1048.000000 154.000000 1228.000000 205.000000 1.526648 1.599887 3.734938 15.767283 1.228747 25.157375 -1.599315 0.012220
Cyclist -1 -1 -10 1118.000000 126.000000 1236.000000 279.000000 1.698763 0.703150 1.795789 7.054055 1.680486 8.385849 3.231213 0.075241
Cyclist -1 -1 -10 1178.000000 117.000000 1239.000000 314.000000 1.715336 0.366590 1.189083 7.314264 1.929601 8.962520 -0.893859 0.049183
