Pedestrian -1 -1 -10 0.000000 200.000000 51.000000 369.000000 1.706954 0.591687 0.654131 -5.337166 1.859922 6.364759 -2.802948 0.132154
Car -1 -1 -10 633.000000 178.000000 675.000000 212.000000 1.505373 1.649762 4.105406 2.072191 1.856993 34.978184 -1.626760 0.998149
Car -1 -1 -10 952.000000 186.000000 1230.000000 335.000000 1.522660 1.589738 3.899077 6.247409 1.718072 8.597590 -0.017564 0.993900
Car -1 -1 -10 189.000000 167.000000 407.000000 258.000000 1.579185 1.647925 3.977906 -6.972959 1.710422 15.313764 -3.182123 0.990901
Car -1 -1 -10 849.000000 185.000000 1100.000000 287.000000 1.516628 1.566446 3.660983 5.857972 1.768653 11.516205 -0.011146 0.988829
Car -1 -1 -10 12.000000 183.000000 313.000000 301.000000 1.550099 1.619088 3.831498 -6.649724 1.740501 10.859861 -3.065706 0.987297
Car -1 -1 -10 765.000000 182.000000 972.000000 257.000000 1.594936 1.586614 3.928500 5.845278 1.812692 16.644649 3.139862 0.978473
Car -1 -1 -10 382.000000 179.000000 505.000000 217.000000 1.476351 1.575003 3.957847 -6.654543 1.748373 29.178668 0.071216 0.969380
Car -1 -1 -10 735.000000 176.000000 890.000000 243.000000 1.574937 1.603502 4.019137 5.497900 1.810044 19.404657 2.982029 0.955912
Car -1 -1 -10 0.000000 194.000000 129.000000 352.000000 1.538783 1.659748 3.872232 -6.589142 1.718088 7.027209 -3.126782 0.034376
Car -1 -1 -10 514.000000 177.000000 539.000000 211.000000 1.635295 1.669825 3.765168 -6.259243 1.781905 43.353920 -1.647722 0.029827
Cyclist -1 -1 -10 515.000000 175.000000 538.000000 221.000000 1.706601 0.502857 1.768226 -3.184133 1.818543 28.173906 1.552472 0.954065
