Pedestrian -1 -1 -10 676.000000 179.000000 769.000000 250.000000 1.775596 0.785960 1.006565 2.434005 1.823914 16.102679 0.072381 0.011654
Car -1 -1 -10 435.000000 180.000000 508.000000 233.000000 1.493987 1.634219 3.893947 -4.287752 1.764002 22.858057 1.529223 0.998952
Car -1 -1 -10 26.000000 183.000000 380.000000 372.000000 1.530659 1.582782 3.861181 -3.536829 1.738864 6.748759 1.535563 0.997709
Car -1 -1 -10 645.000000 178.000000 723.000000 234.000000 1.567080 1.620584 3.767868 2.097251 1.757967 22.125055 -1.622716 0.995583
Car -1 -1 -10 738.000000 183.000000 917.000000 312.000000 1.534055 1.558742 3.423314 2.946828 1.757500 10.750734 -1.645846 0.994602
Car -1 -1 -10 676.000000 179.000000 769.000000 250.000000 1.538625 1.548844 3.336035 2.569232 1.750951 17.313802 -1.645499 0.992905
Car -1 -1 -10 819.000000 198.000000 1244.000000 376.000000 1.462234 1.611927 4.011152 2.969085 1.737400 5.624195 -1.592163 0.987799
Car -1 -1 -10 629.000000 178.000000 683.000000 219.000000 1.482438 1.614591 4.112477 1.830601 1.717708 28.106669 -1.625762 0.967278
Car -1 -1 -10 473.000000 180.000000 518.000000 220.000000 1.503381 1.602024 3.788613 -4.657707 1.827473 28.871175 1.559357 0.593193
Car -1 -1 -10 496.000000 180.000000 528.000000 207.000000 1.462060 1.602762 3.868550 -5.712783 1.989912 38.781360 1.405483 0.219050
Car -1 -1 -10 4.000000 140.000000 158.000000 373.000000 1.544295 1.621974 3.920137 -3.168013 1.151068 1.620605 1.538986 0.161301
Car -1 -1 -10 625.000000 178.000000 662.000000 210.000000 1.645964 1.658932 3.952121 1.997535 1.792322 33.831882 1.482097 0.156296
