Pedestrian -1 -1 -10 937.000000 190.000000 972.000000 276.000000 1.671345 0.640856 0.606107 5.814479 1.772892 12.428451 2.967482 0.084448
Car -1 -1 -10 688.000000 179.000000 814.000000 261.000000 1.437583 1.631612 4.117584 2.662059 1.580328 14.975417 -1.578934 0.999223
Car -1 -1 -10 0.000000 170.000000 338.000000 277.000000 1.570472 1.582692 3.971607 -6.657910 1.519757 11.580513 -0.033449 0.986672
Car -1 -1 -10 417.000000 168.000000 517.000000 207.000000 1.452378 1.595958 4.143906 -6.297139 1.354367 28.820070 -3.167560 0.984501
Car -1 -1 -10 754.000000 172.000000 917.000000 235.000000 1.473315 1.607547 3.898677 6.457727 1.506596 19.866414 0.047771 0.975246
Car -1 -1 -10 229.000000 167.000000 462.000000 241.000000 1.546923 1.612565 3.802389 -5.587222 1.462628 16.395948 0.056369 0.963831
Car -1 -1 -10 706.000000 171.000000 781.000000 211.000000 1.514102 1.626670 3.987821 6.114573 1.266316 33.580619 0.029089 0.859048
Car -1 -1 -10 672.000000 169.000000 726.000000 195.000000 1.519047 1.647980 3.824378 5.684022 1.388897 43.811842 -0.022740 0.659832
Car -1 -1 -10 326.000000 168.000000 486.000000 223.000000 1.516066 1.609301 3.846899 -5.205651 1.331108 19.634033 -2.914791 0.516890
Car -1 -1 -10 179.000000 161.000000 332.000000 245.000000 1.492828 1.605849 3.836927 -6.559088 1.159800 14.669532 -1.885160 0.157507
Car -1 -1 -10 452.000000 165.000000 531.000000 199.000000 1.503323 1.593123 3.822664 -5.630566 1.419046 33.981561 -3.132617 0.087834
