Pedestrian -1 -1 -10 741.000000 168.000000 753.000000 200.000000 1.758067 0.606000 0.933828 7.152876 1.482377 38.225801 -1.400762 0.186811
Pedestrian -1 -1 -10 745.000000 170.000000 756.000000 200.000000 1.748275 0.613895 0.774288 7.222651 1.465311 38.315773 -1.981367 0.071725
Car -1 -1 -10 774.000000 176.000000 918.000000 279.000000 1.484198 1.608727 3.743360 3.735450 1.618695 12.158040 -1.435300 0.998952
Car -1 -1 -10 173.000000 200.000000 428.000000 332.000000 1.442623 1.641111 4.071315 -4.162775 1.929038 10.491159 1.653424 0.998819
Car -1 -1 -10 760.000000 177.000000 824.000000 229.000000 1.485785 1.619277 3.698811 5.481855 1.568058 22.123547 -1.374762 0.979782
Car -1 -1 -10 746.000000 177.000000 796.000000 216.000000 1.531640 1.599353 3.887186 6.212269 1.651544 28.324340 1.753731 0.950230
Car -1 -1 -10 649.000000 171.000000 688.000000 197.000000 1.644009 1.684825 3.999097 4.443357 1.721246 50.717523 1.978104 0.896531
Car -1 -1 -10 815.000000 179.000000 876.000000 226.000000 1.497318 1.527048 3.588729 11.424766 1.135697 31.230917 -1.259360 0.035279
Car -1 -1 -10 769.000000 177.000000 871.000000 244.000000 1.505257 1.610868 3.583235 5.542272 1.521340 21.967440 -1.333095 0.012803
Cyclist -1 -1 -10 744.000000 169.000000 755.000000 201.000000 1.782309 0.586318 1.637200 7.362913 1.343549 38.660124 -0.941749 0.011893
