Car -1 -1 -10 664.000000 180.000000 826.000000 290.000000 1.461345 1.582701 3.696122 1.962123 1.565664 11.636306 -1.697947 0.998855
Car -1 -1 -10 574.000000 171.000000 680.000000 215.000000 1.521239 1.590316 3.967771 0.730906 1.497672 27.128310 2.511551 0.998068
Car -1 -1 -10 830.000000 162.000000 942.000000 208.000000 1.461380 1.606991 4.123949 10.059737 1.184822 25.788263 -0.665256 0.996747
Car -1 -1 -10 730.000000 167.000000 872.000000 216.000000 1.499561 1.606802 3.719780 6.395094 1.313737 22.918878 -0.608884 0.992577
Car -1 -1 -10 907.000000 165.000000 998.000000 203.000000 1.463497 1.583410 3.599118 13.807686 1.199408 28.501097 -0.608918 0.990003
Car -1 -1 -10 967.000000 155.000000 1058.000000 199.000000 1.632917 1.728732 3.987369 17.508878 1.036024 31.074788 -0.655321 0.962225
Car -1 -1 -10 717.000000 169.000000 801.000000 215.000000 1.498834 1.575711 3.786112 6.198059 1.242573 31.192818 2.390685 0.076955
Cyclist -1 -1 -10 692.000000 176.000000 718.000000 217.000000 1.738293 0.637353 1.606030 4.500459 1.518631 33.101702 -2.057928 0.202205
Cyclist -1 -1 -10 697.000000 172.000000 788.000000 220.000000 1.779022 0.773368 1.748653 5.309518 1.445705 29.936708 -0.301904 0.053397
Cyclist -1 -1 -10 708.000000 173.000000 727.000000 219.000000 1.690493 0.616278 1.701971 4.675624 1.531439 29.836741 0.569581 0.052080
Cyclist -1 -1 -10 717.000000 168.000000 739.000000 221.000000 1.731280 0.688587 1.652489 4.744215 1.597811 29.793760 -2.611383 0.046771
Cyclist -1 -1 -10 705.000000 176.000000 754.000000 214.000000 1.734109 0.708670 1.673201 4.863191 1.643677 29.829472 2.735186 0.024500
