Pedestrian -1 -1 -10 724.000000 145.000000 765.000000 246.000000 1.718740 0.556924 0.900583 2.414460 1.080079 12.453524 -1.986163 0.999022
Pedestrian -1 -1 -10 593.000000 152.000000 635.000000 253.000000 1.681058 0.585518 0.587946 0.103461 1.215977 11.645000 1.572641 0.997771
Pedestrian -1 -1 -10 561.000000 156.000000 593.000000 252.000000 1.645209 0.502330 0.577900 -0.520504 1.177532 11.457755 -2.106423 0.993738
Pedestrian -1 -1 -10 526.000000 139.000000 557.000000 221.000000 1.801623 0.644901 1.004305 -1.441627 0.895807 16.113534 1.894269 0.990837
Pedestrian -1 -1 -10 474.000000 140.000000 500.000000 221.000000 1.727595 0.585927 0.807196 -2.754441 0.793449 15.996541 1.012090 0.966922
Pedestrian -1 -1 -10 511.000000 141.000000 539.000000 218.000000 1.861471 0.594907 1.059498 -1.947536 0.948587 16.951392 1.031613 0.947001
Pedestrian -1 -1 -10 650.000000 139.000000 672.000000 202.000000 1.837385 0.648221 0.685104 1.598266 0.579540 20.829660 -1.580132 0.901996
Pedestrian -1 -1 -10 622.000000 144.000000 638.000000 194.000000 1.686625 0.723205 0.755072 0.863547 0.420469 24.862018 3.054561 0.733024
Pedestrian -1 -1 -10 562.000000 141.000000 578.000000 192.000000 1.818913 0.615744 0.770578 -1.347519 0.236314 25.356281 -2.602344 0.667772
Pedestrian -1 -1 -10 437.000000 139.000000 468.000000 213.000000 1.708338 0.582581 0.579129 -3.432756 1.595637 15.683926 -1.210572 0.627931
Pedestrian -1 -1 -10 246.000000 130.000000 282.000000 267.000000 1.831243 0.620156 0.890991 -5.797086 1.140508 11.855946 2.251658 0.511036
Pedestrian -1 -1 -10 429.000000 140.000000 454.000000 215.000000 1.671510 0.542994 0.571760 -5.128056 0.681532 22.076301 0.398985 0.290367
Pedestrian -1 -1 -10 268.000000 137.000000 325.000000 269.000000 1.780580 0.672781 0.804861 -5.065594 1.151285 11.547610 0.090024 0.245977
Pedestrian -1 -1 -10 486.000000 140.000000 506.000000 181.000000 1.831776 0.559603 0.965991 -5.533047 -0.024712 36.857869 2.348092 0.225142
Pedestrian -1 -1 -10 607.000000 145.000000 637.000000 219.000000 1.750279 0.509126 0.689614 0.097050 1.028612 10.120857 0.136040 0.140824
Pedestrian -1 -1 -10 450.000000 141.000000 473.000000 202.000000 1.722942 0.576172 0.677331 -4.645406 0.463067 23.089689 -2.254023 0.136546
Pedestrian -1 -1 -10 505.000000 144.000000 519.000000 184.000000 1.819646 0.638460 0.728283 -4.199267 0.224210 30.978756 1.930957 0.091922
Pedestrian -1 -1 -10 567.000000 145.000000 589.000000 208.000000 1.743360 0.631400 0.535615 -1.058217 0.709192 25.038698 -2.139142 0.053702
Cyclist -1 -1 -10 272.000000 138.000000 323.000000 261.000000 1.806811 0.684330 1.828069 -5.165113 1.160705 11.707967 -1.376776 0.670444
Cyclist -1 -1 -10 424.000000 143.000000 466.000000 220.000000 1.671980 0.498993 1.657892 -3.463806 0.716462 15.647940 0.672977 0.662130
Cyclist -1 -1 -10 650.000000 140.000000 672.000000 202.000000 1.771116 0.590911 1.731356 1.406591 0.537365 20.961431 -1.483870 0.306023
Cyclist -1 -1 -10 337.000000 144.000000 397.000000 200.000000 1.708011 0.477584 1.575766 -4.724098 0.991072 14.329651 -1.916324 0.209193
Cyclist -1 -1 -10 366.000000 146.000000 469.000000 217.000000 1.724297 0.448024 1.543986 -3.531417 0.862347 13.808409 -1.175144 0.160632
Cyclist -1 -1 -10 308.000000 147.000000 376.000000 207.000000 1.701078 0.591173 1.593254 -7.406552 1.340173 18.381677 1.817975 0.156588
Cyclist -1 -1 -10 381.000000 146.000000 424.000000 199.000000 1.714366 0.573188 1.754302 -6.356288 0.478008 22.366291 -2.245406 0.152408
Cyclist -1 -1 -10 252.000000 132.000000 304.000000 267.000000 1.830460 0.563944 1.813204 -5.489083 1.121074 11.933762 2.222625 0.122727
Cyclist -1 -1 -10 565.000000 141.000000 582.000000 193.000000 1.712238 0.537565 1.609508 -1.106816 0.584484 25.071098 -1.665803 0.086907
Cyclist -1 -1 -10 466.000000 141.000000 496.000000 235.000000 1.767160 0.630501 1.745863 -2.793467 0.822412 16.241937 1.497755 0.060865
Cyclist -1 -1 -10 445.000000 139.000000 470.000000 211.000000 1.695315 0.385019 1.366053 -4.087449 1.328401 19.487569 -1.795513 0.051707
Cyclist -1 -1 -10 561.000000 154.000000 593.000000 250.000000 1.678507 0.462084 1.658185 -0.541280 1.187788 11.507641 -1.605191 0.033711
Cyclist -1 -1 -10 486.000000 139.000000 503.000000 182.000000 1.714000 0.479923 1.732948 -5.643726 -0.220122 37.017306 -2.233078 0.027963
Cyclist -1 -1 -10 477.000000 142.000000 502.000000 206.000000 1.702996 0.547790 1.619209 -2.564485 1.274491 16.080934 -1.698455 0.025190
Cyclist -1 -1 -10 620.000000 144.000000 637.000000 194.000000 1.698807 0.602622 1.697836 0.638011 0.366277 25.047581 -1.682934 0.016379
Cyclist -1 -1 -10 522.000000 140.000000 542.000000 210.000000 1.712978 0.531420 1.608745 -1.864786 0.299048 17.218318 -1.671296 0.010384
