Pedestrian -1 -1 -10 802.000000 157.000000 866.000000 311.000000 1.790508 0.627360 0.849650 2.633413 1.465381 8.353047 -1.750493 0.998937
Pedestrian -1 -1 -10 240.000000 165.000000 284.000000 278.000000 1.754869 0.579342 0.980692 -5.562045 1.549018 11.526137 -2.310053 0.998286
Pedestrian -1 -1 -10 715.000000 157.000000 774.000000 320.000000 1.706053 0.564439 0.826362 1.530631 1.496035 7.991646 -1.797334 0.994567
Pedestrian -1 -1 -10 1088.000000 141.000000 1187.000000 322.000000 1.787079 0.572351 1.006298 5.330387 1.403665 7.152465 3.350890 0.994341
Pedestrian -1 -1 -10 768.000000 158.000000 813.000000 267.000000 1.785132 0.671498 1.056168 3.013147 1.324808 11.346341 -2.018600 0.978402
Pedestrian -1 -1 -10 354.000000 168.000000 399.000000 266.000000 1.669921 0.704954 0.609947 -3.792084 1.494967 12.199453 1.760519 0.773899
Pedestrian -1 -1 -10 328.000000 167.000000 362.000000 256.000000 1.743398 0.622115 0.636326 -4.655080 1.950282 12.631250 -1.335213 0.544664
Pedestrian -1 -1 -10 262.000000 161.000000 280.000000 223.000000 1.681864 0.523412 0.502835 -8.294341 0.978062 18.051727 0.106691 0.467441
Pedestrian -1 -1 -10 622.000000 167.000000 647.000000 240.000000 1.712152 0.595506 0.885535 0.701759 1.336516 17.025723 -1.633237 0.326592
Pedestrian -1 -1 -10 720.000000 166.000000 760.000000 259.000000 1.767709 0.529933 0.654717 2.017396 1.228543 11.754578 0.282222 0.313061
Pedestrian -1 -1 -10 717.000000 170.000000 738.000000 238.000000 1.739063 0.722083 0.773587 2.985394 1.486713 17.859157 0.677267 0.294669
Pedestrian -1 -1 -10 796.000000 155.000000 812.000000 214.000000 1.686418 0.582121 0.596118 4.754797 0.860922 16.500352 -0.751234 0.242553
Pedestrian -1 -1 -10 1089.000000 142.000000 1145.000000 275.000000 1.743926 0.605816 0.657828 5.786226 1.089097 7.954352 3.121234 0.198036
Pedestrian -1 -1 -10 730.000000 162.000000 753.000000 234.000000 1.760498 0.650915 0.647646 3.857451 1.370541 19.775992 2.819713 0.179174
Pedestrian -1 -1 -10 685.000000 176.000000 708.000000 227.000000 1.743185 0.607323 0.727394 3.080526 1.088611 23.435917 -1.479541 0.161227
Car -1 -1 -10 395.000000 156.000000 483.000000 227.000000 1.874720 1.769057 4.127045 -4.953447 1.228106 22.266133 1.503855 0.974166
Car -1 -1 -10 438.000000 162.000000 503.000000 217.000000 1.776190 1.614198 4.031492 -4.907847 1.149329 28.665600 1.574686 0.222073
Car -1 -1 -10 525.000000 164.000000 569.000000 205.000000 1.481903 1.666440 3.866401 -2.519689 1.054239 32.735833 1.454799 0.018894
Cyclist -1 -1 -10 621.000000 167.000000 648.000000 239.000000 1.765687 0.533526 1.661240 0.688728 1.409875 17.198550 -1.547775 0.952237
Cyclist -1 -1 -10 351.000000 166.000000 401.000000 270.000000 1.679586 0.586972 1.767431 -3.820304 1.453581 12.024337 1.643614 0.644003
Cyclist -1 -1 -10 718.000000 166.000000 751.000000 241.000000 1.715487 0.759887 1.604571 2.946493 1.452378 18.027536 2.819563 0.178349
Cyclist -1 -1 -10 328.000000 167.000000 375.000000 267.000000 1.700925 0.614717 1.881935 -4.177026 1.430361 12.032180 1.157891 0.153582
Cyclist -1 -1 -10 705.000000 174.000000 735.000000 233.000000 1.675534 0.550159 1.650914 2.958073 1.477648 18.115910 0.710589 0.131499
Cyclist -1 -1 -10 719.000000 164.000000 768.000000 298.000000 1.714262 0.455937 1.683687 1.481924 1.486972 7.942307 -1.861955 0.079181
Cyclist -1 -1 -10 732.000000 164.000000 758.000000 228.000000 1.703114 0.530193 1.783098 4.288092 0.837788 19.635111 -1.775852 0.031904
Cyclist -1 -1 -10 1086.000000 139.000000 1180.000000 317.000000 1.739457 0.489833 1.697365 5.314522 1.383821 7.182757 3.426766 0.024610
Cyclist -1 -1 -10 684.000000 175.000000 716.000000 230.000000 1.675219 0.422859 1.180293 3.058141 1.458212 22.997444 -0.748007 0.019770
