Pedestrian -1 -1 -10 437.000000 173.000000 464.000000 250.000000 1.719275 0.629210 0.772712 -3.608960 1.574167 17.074935 -1.781989 0.996825
Pedestrian -1 -1 -10 659.000000 170.000000 696.000000 273.000000 1.801070 0.643341 0.945575 1.299091 1.569133 12.470494 -1.313449 0.996712
Pedestrian -1 -1 -10 627.000000 169.000000 655.000000 236.000000 1.825082 0.680541 0.981860 1.086732 1.535410 21.090727 1.550019 0.985412
Pedestrian -1 -1 -10 698.000000 170.000000 732.000000 271.000000 1.719830 0.578713 0.834672 1.996076 1.565564 12.595806 -1.440993 0.978330
Pedestrian -1 -1 -10 401.000000 175.000000 426.000000 244.000000 1.711239 0.606812 0.686397 -4.615075 1.567620 17.642696 1.899566 0.968766
Pedestrian -1 -1 -10 0.000000 236.000000 151.000000 375.000000 1.747139 0.512864 0.599816 -4.066815 1.760182 5.500809 1.589129 0.927118
Pedestrian -1 -1 -10 728.000000 168.000000 754.000000 246.000000 1.743400 0.619028 0.826385 3.280440 1.392024 16.646108 -1.392296 0.820038
Pedestrian -1 -1 -10 779.000000 168.000000 805.000000 236.000000 1.722485 0.593721 0.810945 4.516151 1.415977 17.260918 1.192946 0.769120
Pedestrian -1 -1 -10 71.000000 216.000000 141.000000 366.000000 1.703458 0.560417 0.531296 -5.459151 1.723919 7.706538 -1.451638 0.576085
Pedestrian -1 -1 -10 107.000000 214.000000 213.000000 364.000000 1.769842 0.758720 0.609251 -3.031255 2.299176 4.866518 -1.701908 0.424781
Pedestrian -1 -1 -10 83.000000 174.000000 135.000000 296.000000 1.672930 0.548215 0.652657 -7.915874 1.603716 11.415830 0.480112 0.343201
Pedestrian -1 -1 -10 738.000000 169.000000 765.000000 237.000000 1.828930 0.627201 0.861148 3.788456 1.500020 18.199390 1.799611 0.319687
Pedestrian -1 -1 -10 677.000000 171.000000 698.000000 256.000000 1.813458 0.661052 0.589791 2.017930 1.599451 15.639054 3.099428 0.164101
Car -1 -1 -10 551.000000 180.000000 590.000000 211.000000 1.510056 1.607179 3.771596 -1.670340 1.419783 37.163074 1.634443 0.998240
Cyclist -1 -1 -10 45.000000 224.000000 196.000000 369.000000 1.658907 0.692552 1.710503 -3.515508 1.957923 4.939306 -0.449525 0.148842
Cyclist -1 -1 -10 1.000000 242.000000 94.000000 369.000000 1.691211 0.626644 1.654729 -3.526399 1.668107 4.292965 -0.540906 0.077423
Cyclist -1 -1 -10 109.000000 215.000000 221.000000 350.000000 1.617504 0.516241 1.646558 -3.009578 2.000725 4.803322 -2.623249 0.038134
Cyclist -1 -1 -10 79.000000 213.000000 154.000000 346.000000 1.791693 0.605488 1.263165 -5.033040 1.770292 7.013556 2.385041 0.027682
Cyclist -1 -1 -10 626.000000 170.000000 657.000000 236.000000 1.792119 0.614686 1.826173 1.110409 1.470355 21.031381 1.081467 0.027370
Cyclist -1 -1 -10 396.000000 176.000000 428.000000 243.000000 1.748463 0.577114 1.819748 -4.672413 1.602798 17.565028 1.330840 0.014686
Cyclist -1 -1 -10 1178.000000 212.000000 1237.000000 369.000000 1.712978 0.531420 1.608745 2.414283 1.449776 2.897150 -0.866629 0.010225
