Car -1 -1 -10 720.000000 192.000000 900.000000 309.000000 1.464472 1.595544 3.716497 2.723358 1.738577 10.643513 -1.588966 0.999828
Car -1 -1 -10 -9.000000 186.000000 282.000000 324.000000 1.527384 1.632365 3.965956 -6.475265 1.678489 9.215200 0.027742 0.997994
Car -1 -1 -10 665.000000 177.000000 737.000000 237.000000 1.533695 1.641992 3.999910 2.583359 1.765323 21.706237 -1.575958 0.996704
Car -1 -1 -10 314.000000 183.000000 471.000000 238.000000 1.565442 1.653671 4.184913 -6.452397 1.840265 21.538648 -3.196901 0.977728
Car -1 -1 -10 131.000000 165.000000 402.000000 269.000000 1.700880 1.690626 3.967688 -6.375117 1.660451 14.143864 -3.155210 0.976265
Car -1 -1 -10 648.000000 180.000000 704.000000 225.000000 1.483124 1.631899 4.023989 2.588530 1.924435 27.762273 -1.602266 0.555082
Car -1 -1 -10 387.000000 183.000000 501.000000 221.000000 1.706206 1.705677 4.248684 -7.025661 1.974664 30.902192 -3.145998 0.348064
Car -1 -1 -10 480.000000 180.000000 547.000000 206.000000 1.531214 1.614854 3.996428 -6.263345 2.202473 46.775070 -3.067876 0.254436
Car -1 -1 -10 249.000000 175.000000 448.000000 253.000000 1.468436 1.582050 3.913733 -6.166596 1.906346 17.797119 0.650507 0.097826
Car -1 -1 -10 432.000000 180.000000 527.000000 215.000000 1.504400 1.599786 4.080815 -5.784068 2.023538 34.402712 1.913820 0.091310
Car -1 -1 -10 638.000000 178.000000 679.000000 211.000000 1.570106 1.569791 3.630778 2.363294 1.865362 36.673961 -1.645856 0.070885
Cyclist -1 -1 -10 1126.000000 166.000000 1173.000000 209.000000 1.725233 0.633625 1.669429 15.837041 1.343658 21.370486 -0.293929 0.170133
