Pedestrian -1 -1 -10 668.000000 160.000000 715.000000 285.000000 1.656151 0.503798 0.575542 1.111232 1.403641 9.005756 1.169408 0.995857
Pedestrian -1 -1 -10 610.000000 164.000000 657.000000 288.000000 1.622576 0.534591 0.548091 0.347219 1.386969 8.702690 1.042379 0.995795
Pedestrian -1 -1 -10 504.000000 141.000000 538.000000 232.000000 1.834596 0.635912 0.946536 -1.753752 0.979592 14.087861 1.004133 0.988052
Pedestrian -1 -1 -10 545.000000 140.000000 576.000000 229.000000 1.807602 0.665112 0.897019 -0.951870 0.960218 14.346917 2.443387 0.985052
Pedestrian -1 -1 -10 660.000000 145.000000 691.000000 224.000000 1.768348 0.653325 0.620816 1.339684 0.947316 14.547036 -1.994518 0.969168
Pedestrian -1 -1 -10 486.000000 138.000000 518.000000 224.000000 1.771210 0.712280 0.822828 -2.045143 0.906625 13.926498 1.535828 0.940648
Pedestrian -1 -1 -10 641.000000 141.000000 664.000000 202.000000 1.814553 0.665711 0.737274 1.405042 0.636894 21.090565 -1.495588 0.890008
Pedestrian -1 -1 -10 535.000000 142.000000 564.000000 222.000000 1.821711 0.627690 0.887107 -1.249930 0.990134 15.066617 0.981084 0.806030
Pedestrian -1 -1 -10 248.000000 136.000000 279.000000 245.000000 1.825587 0.593029 0.868570 -5.853554 1.113390 12.030462 0.615657 0.562277
Pedestrian -1 -1 -10 501.000000 141.000000 523.000000 212.000000 1.758008 0.595606 0.718199 -1.771203 0.916797 13.485968 0.427926 0.467903
Pedestrian -1 -1 -10 518.000000 140.000000 549.000000 220.000000 1.824006 0.561249 0.917424 -1.488421 1.024204 14.910170 0.461532 0.392092
Pedestrian -1 -1 -10 592.000000 144.000000 610.000000 190.000000 1.694426 0.739377 0.885939 -0.213431 0.445078 25.034439 -2.135658 0.339202
Pedestrian -1 -1 -10 481.000000 142.000000 499.000000 200.000000 1.762957 0.644841 0.707678 -3.870067 0.498191 22.706878 0.253748 0.262052
Pedestrian -1 -1 -10 448.000000 146.000000 472.000000 202.000000 1.837898 0.612234 0.995266 -4.472839 0.709595 21.453249 0.439111 0.210508
Pedestrian -1 -1 -10 257.000000 138.000000 309.000000 246.000000 1.829741 0.690070 1.012898 -5.395173 1.144824 11.762177 -0.938076 0.184167
Pedestrian -1 -1 -10 687.000000 156.000000 710.000000 217.000000 1.729743 0.549489 0.552956 2.015855 1.606825 16.518661 3.101310 0.122736
Pedestrian -1 -1 -10 465.000000 145.000000 482.000000 199.000000 1.768374 0.604269 0.713791 -4.176375 0.676279 22.379863 0.882389 0.116831
Pedestrian -1 -1 -10 675.000000 155.000000 702.000000 217.000000 1.730393 0.535995 0.569984 1.881405 1.673801 17.052292 3.099119 0.076215
Pedestrian -1 -1 -10 556.000000 142.000000 578.000000 205.000000 1.762582 0.494529 0.681579 -0.305076 0.904480 6.684919 0.020965 0.049209
Cyclist -1 -1 -10 272.000000 136.000000 324.000000 245.000000 1.767377 0.583342 1.659749 -5.294868 1.073322 11.757119 -2.547599 0.707456
Cyclist -1 -1 -10 401.000000 146.000000 449.000000 204.000000 1.721218 0.570855 1.796392 -5.646620 0.747932 21.921866 -1.838277 0.263505
Cyclist -1 -1 -10 313.000000 151.000000 372.000000 201.000000 1.722457 0.435537 1.486965 -5.194586 0.965206 14.519274 -1.245453 0.216054
Cyclist -1 -1 -10 386.000000 147.000000 431.000000 197.000000 1.737115 0.467799 1.515337 -2.496332 0.824921 10.333843 -1.135684 0.169776
Cyclist -1 -1 -10 591.000000 143.000000 611.000000 192.000000 1.748277 0.595597 1.627229 -0.329840 0.433524 25.357613 -2.478577 0.160851
Cyclist -1 -1 -10 344.000000 150.000000 438.000000 209.000000 1.688454 0.523925 1.659399 -6.600885 0.629589 21.504476 -1.918215 0.126078
Cyclist -1 -1 -10 241.000000 134.000000 294.000000 255.000000 1.792239 0.538709 1.720864 -5.623794 1.083350 11.897541 2.115650 0.112321
Cyclist -1 -1 -10 360.000000 145.000000 402.000000 194.000000 1.708602 0.632349 1.722070 -9.349805 0.117774 28.841810 2.349152 0.104738
Cyclist -1 -1 -10 381.000000 150.000000 464.000000 218.000000 1.726519 0.575736 1.691342 -5.658536 0.895338 21.438447 2.842610 0.097371
Cyclist -1 -1 -10 666.000000 151.000000 708.000000 239.000000 1.747040 0.638470 1.682904 1.500599 0.895637 14.909734 0.629675 0.071192
Cyclist -1 -1 -10 639.000000 138.000000 663.000000 208.000000 1.776102 0.462008 1.727957 1.333181 0.635885 21.312774 -1.565066 0.017685
Cyclist -1 -1 -10 686.000000 157.000000 711.000000 218.000000 1.648502 0.518132 1.579192 2.387922 1.705520 16.831700 -1.434402 0.017580
Cyclist -1 -1 -10 630.000000 157.000000 651.000000 207.000000 1.791995 0.607560 1.573396 1.343443 0.733889 21.943479 2.525361 0.017300
Cyclist -1 -1 -10 547.000000 140.000000 577.000000 224.000000 1.763544 0.558255 1.723278 -0.946679 0.918737 14.539673 -2.068437 0.016507
Cyclist -1 -1 -10 660.000000 145.000000 692.000000 222.000000 1.746594 0.652081 1.682395 1.453424 0.886926 14.794452 0.681058 0.012013
