Car -1 -1 -10 681.000000 182.000000 759.000000 241.000000 1.428380 1.564240 3.585883 2.842390 1.714907 19.379842 -1.553155 0.998988
Car -1 -1 -10 251.000000 180.000000 468.000000 251.000000 1.519370 1.609244 4.065499 -5.830448 1.747473 17.099147 0.097408 0.998893
Car -1 -1 -10 733.000000 173.000000 855.000000 222.000000 1.591209 1.666729 4.008587 6.371246 1.656025 24.535733 0.056123 0.995019
Car -1 -1 -10 315.000000 177.000000 488.000000 230.000000 1.547493 1.573765 3.963974 -6.005446 1.610788 22.115606 0.150199 0.969526
Car -1 -1 -10 382.000000 178.000000 501.000000 217.000000 1.462983 1.540036 4.032571 -6.371416 1.672017 26.876909 -3.142454 0.937713
Car -1 -1 -10 808.000000 165.000000 1242.000000 375.000000 1.533917 1.594303 3.648814 2.809364 1.577896 5.753825 -1.597656 0.837832
Car -1 -1 -10 -3.000000 168.000000 300.000000 297.000000 1.666305 1.707834 4.068086 -6.537003 1.705397 9.844720 -3.164555 0.784135
Car -1 -1 -10 687.000000 173.000000 735.000000 201.000000 1.561869 1.642906 3.839353 5.600596 1.280868 40.448151 0.005795 0.683378
Car -1 -1 -10 115.000000 183.000000 438.000000 269.000000 1.524071 1.620965 4.130214 -6.294357 1.731318 15.002828 0.016763 0.488719
Car -1 -1 -10 427.000000 176.000000 531.000000 208.000000 1.539818 1.618622 3.791626 -6.172963 1.686165 35.495083 0.710604 0.232538
Cyclist -1 -1 -10 976.000000 143.000000 1236.000000 371.000000 1.683761 0.666747 1.700347 2.682794 1.462863 4.148577 0.152793 0.016034
