Pedestrian -1 -1 -10 822.000000 199.000000 873.000000 327.000000 1.762536 0.566187 0.897129 2.832131 1.931766 8.687066 2.951683 0.837118
Pedestrian -1 -1 -10 807.000000 198.000000 918.000000 316.000000 1.758539 0.564777 0.882176 2.900621 1.882725 8.219364 2.957905 0.163044
Pedestrian -1 -1 -10 744.000000 197.000000 888.000000 288.000000 1.788205 0.707788 0.816999 3.473716 2.120490 14.523226 1.791538 0.020906
Car -1 -1 -10 824.000000 187.000000 1086.000000 370.000000 1.595930 1.603368 3.762680 3.527399 1.874764 8.544625 -1.590704 0.998191
Car -1 -1 -10 710.000000 196.000000 784.000000 251.000000 1.443535 1.595696 3.912071 3.907269 2.136914 21.155418 -1.527275 0.997507
Car -1 -1 -10 744.000000 196.000000 857.000000 280.000000 1.470122 1.625594 3.917465 3.985682 2.027768 15.159783 1.591019 0.995125
Car -1 -1 -10 555.000000 188.000000 593.000000 217.000000 1.548981 1.651757 3.933310 -1.952133 2.360108 38.994019 1.566507 0.991062
Car -1 -1 -10 6.000000 199.000000 410.000000 376.000000 1.517035 1.587178 3.669004 -2.997403 1.883925 6.060330 1.557637 0.985857
Car -1 -1 -10 703.000000 192.000000 756.000000 240.000000 1.494708 1.549910 3.619943 4.226314 2.228094 26.368842 -1.572250 0.965161
Car -1 -1 -10 451.000000 174.000000 561.000000 265.000000 1.789679 1.699503 4.277507 -2.619712 1.965227 17.545681 -1.570091 0.841394
Car -1 -1 -10 1055.000000 213.000000 1240.000000 370.000000 1.516366 1.631312 3.871286 4.004082 1.896956 3.239801 -1.552128 0.833109
Car -1 -1 -10 690.000000 191.000000 734.000000 229.000000 1.517257 1.608138 3.896300 4.492783 2.380855 33.123902 -1.574816 0.695620
Car -1 -1 -10 810.000000 196.000000 925.000000 321.000000 1.619157 1.667413 4.007694 3.639795 1.820161 7.548751 1.369880 0.689135
Car -1 -1 -10 675.000000 190.000000 713.000000 221.000000 1.502939 1.609462 3.673440 4.373792 2.377860 37.651544 -1.568482 0.261237
