Car -1 -1 -10 728.000000 179.000000 833.000000 261.000000 1.497801 1.584980 3.648142 3.494168 1.720749 15.426899 -1.529200 0.999348
Car -1 -1 -10 703.000000 175.000000 784.000000 238.000000 1.560177 1.628147 3.874171 3.747663 1.706819 20.644125 -1.538980 0.988839
Car -1 -1 -10 280.000000 180.000000 474.000000 237.000000 1.470841 1.648177 4.011554 -6.147664 1.685091 19.096467 -3.171285 0.987742
Car -1 -1 -10 51.000000 186.000000 421.000000 282.000000 1.575027 1.641950 4.093849 -5.801588 1.669877 12.218948 0.079431 0.986523
Car -1 -1 -10 424.000000 176.000000 529.000000 220.000000 1.613417 1.652723 4.170242 -5.458209 1.727768 28.010345 -2.996189 0.978470
Car -1 -1 -10 681.000000 180.000000 726.000000 212.000000 1.526146 1.547043 3.458430 4.225026 1.857652 33.951222 -1.598739 0.977535
Car -1 -1 -10 381.000000 179.000000 498.000000 224.000000 1.541022 1.671283 4.007220 -6.196614 1.742775 24.418818 -3.171261 0.958595
Car -1 -1 -10 187.000000 183.000000 432.000000 253.000000 1.528635 1.578478 3.769827 -5.468416 1.425647 18.730344 0.581934 0.635193
Car -1 -1 -10 463.000000 176.000000 550.000000 212.000000 1.614216 1.635890 4.131262 -4.794771 1.720366 32.535640 0.691305 0.134924
Car -1 -1 -10 11.000000 187.000000 243.000000 287.000000 1.483324 1.613116 3.958398 -5.508542 1.616886 12.058397 0.011914 0.117099
