Car -1 -1 -10 381.000000 190.000000 459.000000 240.000000 1.468534 1.612100 3.905036 -6.129491 2.087346 23.187122 1.564711 0.997832
Car -1 -1 -10 444.000000 187.000000 499.000000 224.000000 1.430522 1.591534 3.849893 -5.920719 2.103906 30.755279 1.626250 0.997329
Car -1 -1 -10 673.000000 175.000000 740.000000 220.000000 1.522109 1.607521 3.914686 3.115215 1.607089 25.224004 -1.571255 0.997296
Car -1 -1 -10 298.000000 195.000000 411.000000 266.000000 1.478078 1.551637 3.710823 -6.113105 2.056162 17.224958 1.560111 0.994904
Car -1 -1 -10 855.000000 147.000000 1038.000000 210.000000 1.551100 1.683165 4.112213 9.112158 0.936167 19.417411 3.182834 0.993429
Car -1 -1 -10 152.000000 200.000000 342.000000 308.000000 1.477935 1.600701 3.877373 -5.971736 2.028746 12.492337 1.577630 0.981019
Car -1 -1 -10 -1.000000 211.000000 204.000000 375.000000 1.482299 1.549543 3.731711 -5.860103 2.009062 7.221207 1.559141 0.968676
Car -1 -1 -10 659.000000 175.000000 716.000000 212.000000 1.476339 1.610041 3.937461 2.999337 1.553971 30.786634 -1.592722 0.940090
Car -1 -1 -10 1168.000000 132.000000 1239.000000 179.000000 1.518112 1.622494 3.949139 23.210659 0.106047 26.762845 -0.006722 0.732870
Car -1 -1 -10 767.000000 157.000000 937.000000 203.000000 1.533151 1.579177 4.007670 8.902132 1.107795 24.175037 3.013276 0.449461
Car -1 -1 -10 649.000000 177.000000 686.000000 205.000000 1.492654 1.607893 3.845099 3.302309 1.898905 40.591311 1.512155 0.374975
Car -1 -1 -10 472.000000 185.000000 514.000000 215.000000 1.554462 1.589730 3.780774 -6.026671 2.220566 36.960276 1.553350 0.084185
