Car -1 -1 -10 253.000000 177.000000 441.000000 240.000000 1.554673 1.663805 4.001250 -6.521422 1.636614 18.215718 -3.139894 0.997921
Car -1 -1 -10 838.000000 164.000000 1153.000000 283.000000 1.708814 1.697088 4.156528 6.378857 1.659578 12.158547 3.118415 0.993741
Car -1 -1 -10 22.000000 181.000000 283.000000 303.000000 1.464128 1.560354 3.647566 -6.792201 1.670606 10.721843 -3.205152 0.987231
Car -1 -1 -10 325.000000 169.000000 494.000000 226.000000 1.778522 1.714822 4.165849 -6.151364 1.647064 23.391489 -3.248476 0.950800
Car -1 -1 -10 660.000000 144.000000 756.000000 231.000000 2.300547 1.813461 4.545284 2.843388 1.725198 21.853519 -1.582910 0.637324
Car -1 -1 -10 465.000000 175.000000 532.000000 202.000000 1.534004 1.616094 3.891098 -6.680326 1.669903 41.479366 0.260395 0.168193
Car -1 -1 -10 433.000000 174.000000 510.000000 205.000000 1.519675 1.604842 3.793991 -5.313628 1.846221 39.207918 -1.172126 0.099978
Car -1 -1 -10 655.000000 166.000000 724.000000 222.000000 1.605924 1.598906 3.724388 2.557870 1.363602 23.437227 -1.593738 0.053780
Car -1 -1 -10 3.000000 157.000000 157.000000 341.000000 1.570743 1.591357 3.989869 -6.586570 1.555070 7.826504 0.373021 0.042634
Car -1 -1 -10 641.000000 161.000000 689.000000 203.000000 1.853101 1.712326 3.998308 2.650398 1.227188 38.207421 -1.556067 0.041460
Car -1 -1 -10 1023.000000 161.000000 1120.000000 191.000000 1.490148 1.620478 3.815119 19.407026 0.716604 27.642987 -1.913845 0.029055
