Pedestrian -1 -1 -10 518.000000 173.000000 531.000000 213.000000 1.709760 0.678470 0.722468 -3.629734 1.747556 30.183268 1.523734 0.258355
Pedestrian -1 -1 -10 706.000000 162.000000 721.000000 212.000000 1.813258 0.653556 0.815529 4.189874 1.468702 29.202474 -1.652172 0.181753
Pedestrian -1 -1 -10 470.000000 165.000000 482.000000 209.000000 1.851136 0.717066 1.029906 -8.588156 1.284413 45.547181 1.480888 0.071117
Pedestrian -1 -1 -10 524.000000 175.000000 534.000000 208.000000 1.727008 0.570043 0.840545 -3.532261 1.695335 30.027881 2.555820 0.025907
Pedestrian -1 -1 -10 467.000000 169.000000 488.000000 223.000000 1.680489 0.586896 0.520450 -3.625801 1.850603 19.318388 -2.449182 0.017853
Car -1 -1 -10 9.000000 193.000000 266.000000 375.000000 1.623627 1.639736 3.957573 -5.033045 1.837631 7.064755 1.542281 0.994949
Car -1 -1 -10 851.000000 171.000000 1240.000000 372.000000 1.524463 1.574674 3.762768 2.618977 1.540655 3.480413 -1.586025 0.984584
Car -1 -1 -10 399.000000 182.000000 486.000000 240.000000 1.502314 1.570946 3.884427 -5.295861 1.859079 22.626354 1.561545 0.803734
Car -1 -1 -10 503.000000 179.000000 538.000000 208.000000 1.525679 1.654244 4.044609 -5.088649 2.075943 41.585120 1.582797 0.419283
Car -1 -1 -10 975.000000 180.000000 1180.000000 319.000000 1.558339 1.555108 3.666050 5.855395 1.704427 7.755323 1.636348 0.018684
Cyclist -1 -1 -10 464.000000 170.000000 501.000000 256.000000 1.723039 0.630007 1.775580 -2.970096 1.738921 16.392453 1.533972 0.999442
Cyclist -1 -1 -10 425.000000 174.000000 470.000000 263.000000 1.714312 0.597306 1.772373 -3.573484 1.824054 15.814805 1.558514 0.998388
Cyclist -1 -1 -10 517.000000 174.000000 534.000000 215.000000 1.746052 0.587036 1.777326 -3.575168 1.755221 30.114329 1.559160 0.983163
Cyclist -1 -1 -10 402.000000 183.000000 478.000000 239.000000 1.746171 0.673430 1.743396 -4.918599 2.068664 22.437146 -2.415997 0.912750
Cyclist -1 -1 -10 504.000000 178.000000 538.000000 208.000000 1.725651 0.455476 1.425114 -2.239579 1.410588 19.118516 -0.972300 0.176546
Cyclist -1 -1 -10 429.000000 178.000000 456.000000 242.000000 1.744283 0.618264 1.521370 -4.805176 2.050489 20.175512 -1.759238 0.078654
Cyclist -1 -1 -10 467.000000 169.000000 488.000000 223.000000 1.729367 0.432112 1.113260 -3.693233 1.999701 20.012329 -1.120261 0.026569
