Car -1 -1 -10 746.000000 193.000000 998.000000 336.000000 1.416242 1.595001 4.007141 2.960218 1.702457 9.168224 -1.610773 0.998896
Car -1 -1 -10 655.000000 170.000000 711.000000 219.000000 1.781742 1.714797 4.183120 2.767344 1.814175 28.704951 -1.621620 0.997312
Car -1 -1 -10 397.000000 173.000000 509.000000 218.000000 1.524389 1.643817 4.150200 -5.992519 1.624392 26.816882 -3.102748 0.835732
Car -1 -1 -10 324.000000 178.000000 473.000000 235.000000 1.567276 1.560545 3.732083 -5.704894 1.774001 21.284830 0.297894 0.586535
Car -1 -1 -10 439.000000 172.000000 526.000000 209.000000 1.591395 1.648938 3.990069 -6.262390 1.680121 35.189762 0.181105 0.391075
Car -1 -1 -10 5.000000 169.000000 194.000000 292.000000 1.559287 1.669137 3.603943 -7.366240 1.517237 12.344848 -3.239880 0.300473
Car -1 -1 -10 65.000000 178.000000 261.000000 259.000000 1.505203 1.652828 4.022924 -7.359016 1.538190 13.291841 -1.583961 0.037678
Car -1 -1 -10 724.000000 197.000000 830.000000 264.000000 1.509227 1.610211 3.790191 3.720521 1.865141 14.616431 0.825554 0.022781
Car -1 -1 -10 477.000000 173.000000 545.000000 200.000000 1.501506 1.611164 3.665401 -4.995249 1.004000 43.379710 1.309956 0.016413
Car -1 -1 -10 642.000000 176.000000 684.000000 206.000000 1.525649 1.612462 3.697228 2.813079 1.784313 39.498729 -1.575341 0.014933
Car -1 -1 -10 116.000000 179.000000 255.000000 228.000000 1.492605 1.634925 3.931658 -13.098069 1.302699 21.244605 1.583521 0.011843
Car -1 -1 -10 288.000000 185.000000 417.000000 231.000000 1.576011 1.639977 3.909179 -8.730007 1.794410 23.686026 -3.385331 0.010874
