Car -1 -1 -10 710.000000 183.000000 833.000000 278.000000 1.416421 1.581071 3.597912 2.874847 1.738952 13.522239 -1.548082 0.999278
Car -1 -1 -10 6.000000 196.000000 302.000000 323.000000 1.487671 1.623803 4.036868 -6.324459 1.743758 9.271802 0.001304 0.998523
Car -1 -1 -10 763.000000 174.000000 948.000000 243.000000 1.592016 1.668076 3.979708 6.434735 1.695389 18.685861 0.014334 0.998093
Car -1 -1 -10 113.000000 182.000000 398.000000 278.000000 1.508117 1.554594 4.066624 -6.182366 1.705479 13.462620 -0.039097 0.993005
Car -1 -1 -10 636.000000 176.000000 666.000000 203.000000 1.514493 1.655174 3.961613 2.858783 1.802768 47.448305 -1.530508 0.990141
Car -1 -1 -10 368.000000 180.000000 475.000000 226.000000 1.531721 1.585014 3.811406 -6.200651 1.696992 23.639692 -2.997631 0.960636
Car -1 -1 -10 213.000000 181.000000 445.000000 253.000000 1.545006 1.577872 3.965288 -6.084222 1.654273 16.150106 0.115211 0.910563
Car -1 -1 -10 705.000000 178.000000 794.000000 217.000000 1.567165 1.610525 3.953650 6.124178 2.016494 30.510133 2.969892 0.898879
Car -1 -1 -10 433.000000 178.000000 533.000000 213.000000 1.493250 1.610808 3.824851 -4.938719 2.282342 34.094600 1.594972 0.623344
Car -1 -1 -10 1.000000 196.000000 148.000000 342.000000 1.478440 1.606896 3.803058 -6.403741 1.844481 8.857000 -3.168950 0.189332
Car -1 -1 -10 303.000000 180.000000 454.000000 234.000000 1.468253 1.584570 4.074383 -6.404207 1.711096 20.804916 -3.210882 0.159374
Car -1 -1 -10 733.000000 179.000000 822.000000 226.000000 1.528073 1.431959 2.875710 5.947871 1.486734 27.863723 -1.890299 0.156948
