Pedestrian -1 -1 -10 616.000000 166.000000 660.000000 300.000000 1.707388 0.554319 0.710532 0.442400 1.520162 9.419018 -1.695168 0.997301
Pedestrian -1 -1 -10 259.000000 167.000000 314.000000 310.000000 1.722583 0.651025 1.010737 -3.990132 1.510535 8.961678 -1.612343 0.996787
Pedestrian -1 -1 -10 673.000000 163.000000 733.000000 295.000000 1.757029 0.654947 0.931299 1.227069 1.480335 9.629914 -1.741698 0.995776
Pedestrian -1 -1 -10 443.000000 170.000000 463.000000 223.000000 1.726020 0.664857 0.781684 -4.958239 1.326613 23.972985 -1.691772 0.651049
Pedestrian -1 -1 -10 467.000000 167.000000 487.000000 223.000000 1.789993 0.602338 0.840656 -3.215393 1.175156 18.320776 -0.640743 0.082241
Pedestrian -1 -1 -10 703.000000 162.000000 725.000000 222.000000 1.655434 0.706057 0.775696 3.365072 1.034870 21.325449 0.238836 0.065763
Pedestrian -1 -1 -10 654.000000 167.000000 679.000000 227.000000 1.726034 0.720597 0.811649 1.896623 1.243327 21.146149 -1.475758 0.052761
Pedestrian -1 -1 -10 723.000000 162.000000 746.000000 215.000000 1.806919 0.643864 0.697438 3.643802 1.270633 20.931139 -0.846387 0.042605
Pedestrian -1 -1 -10 528.000000 170.000000 537.000000 197.000000 1.879003 0.673764 0.906954 -4.971938 1.181760 52.059403 1.352547 0.036180
Pedestrian -1 -1 -10 692.000000 164.000000 729.000000 253.000000 1.719906 0.599706 0.641275 2.037032 1.770846 13.151609 -1.971973 0.020090
Pedestrian -1 -1 -10 657.000000 163.000000 707.000000 249.000000 1.723495 0.443884 0.744980 1.656051 1.345422 15.944414 2.744090 0.014566
Pedestrian -1 -1 -10 627.000000 170.000000 649.000000 214.000000 1.787531 0.885648 0.645911 2.056518 1.270356 39.480858 0.172503 0.014125
Car -1 -1 -10 488.000000 168.000000 528.000000 202.000000 1.502441 1.624495 3.973023 -5.737791 0.966144 43.196730 -3.108634 0.140031
Cyclist -1 -1 -10 341.000000 161.000000 419.000000 319.000000 1.747558 0.662491 1.744045 -2.682963 1.548078 8.731388 1.575716 0.999823
Cyclist -1 -1 -10 463.000000 165.000000 518.000000 256.000000 1.754397 0.629283 1.780100 -2.277094 1.508290 14.347192 1.655781 0.999656
Cyclist -1 -1 -10 672.000000 163.000000 736.000000 292.000000 1.759092 0.545966 1.641804 1.245219 1.496996 9.747392 1.583356 0.695408
Cyclist -1 -1 -10 466.000000 164.000000 491.000000 242.000000 1.773386 0.558201 1.865276 -3.144496 1.297790 18.316229 1.780860 0.264117
Cyclist -1 -1 -10 479.000000 167.000000 525.000000 227.000000 1.696329 0.511128 1.663784 -3.013436 1.874886 18.502807 -1.579973 0.183275
Cyclist -1 -1 -10 688.000000 166.000000 794.000000 280.000000 1.708550 0.543923 1.664445 2.194982 1.656509 10.805589 -0.706829 0.084702
Cyclist -1 -1 -10 704.000000 160.000000 740.000000 230.000000 1.774862 0.615797 1.796315 3.510859 1.209385 21.258879 2.304168 0.062929
Cyclist -1 -1 -10 618.000000 166.000000 660.000000 298.000000 1.735230 0.486185 1.727787 0.321851 1.576445 9.495570 -1.545938 0.045415
Cyclist -1 -1 -10 653.000000 168.000000 681.000000 229.000000 1.702635 0.578718 1.657772 1.938240 1.154112 21.385014 -1.533262 0.041338
Cyclist -1 -1 -10 470.000000 170.000000 502.000000 208.000000 1.740840 0.465948 1.470367 -1.413811 1.076043 11.089820 -1.009792 0.035795
Cyclist -1 -1 -10 692.000000 164.000000 729.000000 253.000000 1.705730 0.610367 1.612918 1.916007 1.806994 13.708008 -1.576616 0.018558
Cyclist -1 -1 -10 441.000000 169.000000 465.000000 222.000000 1.768205 0.545440 1.673069 -5.088438 1.367332 24.147074 -2.245721 0.013077
Cyclist -1 -1 -10 383.000000 176.000000 404.000000 225.000000 1.739263 0.630096 1.703319 -10.323985 1.233227 35.965212 0.164151 0.012711
Cyclist -1 -1 -10 489.000000 168.000000 528.000000 203.000000 1.760186 0.849776 1.864406 -5.562315 1.222162 41.891018 3.007074 0.010965
