Car -1 -1 -10 294.000000 189.000000 446.000000 276.000000 1.521716 1.613361 3.813233 -4.640565 1.847190 14.202441 1.591542 0.999268
Car -1 -1 -10 802.000000 190.000000 1046.000000 332.000000 1.460583 1.613138 3.846984 3.818439 1.698264 9.485367 -1.541321 0.999166
Car -1 -1 -10 526.000000 179.000000 564.000000 207.000000 1.527158 1.586732 3.555549 -3.702588 1.912992 41.244771 1.625229 0.999125
Car -1 -1 -10 398.000000 185.000000 493.000000 245.000000 1.476667 1.606937 3.982880 -4.549025 1.864788 19.924492 1.602754 0.998732
Car -1 -1 -10 742.000000 182.000000 872.000000 265.000000 1.480541 1.616690 3.797137 3.897575 1.694241 14.970687 -1.522922 0.998018
Car -1 -1 -10 451.000000 184.000000 519.000000 229.000000 1.439133 1.590954 3.950026 -4.431769 1.851517 25.222432 1.605155 0.995957
Car -1 -1 -10 707.000000 180.000000 795.000000 239.000000 1.444209 1.634694 4.016954 3.795171 1.726784 20.204056 -1.601230 0.993400
Car -1 -1 -10 693.000000 179.000000 742.000000 221.000000 1.464397 1.574237 3.756631 4.339509 1.736682 30.859230 -1.514847 0.973383
Car -1 -1 -10 966.000000 178.000000 1245.000000 378.000000 1.534238 1.622952 3.816485 3.897847 1.803193 4.159771 -1.620553 0.922463
Car -1 -1 -10 686.000000 178.000000 724.000000 211.000000 1.559551 1.568050 3.725187 4.758504 1.944078 36.388581 -1.538930 0.255684
Car -1 -1 -10 1005.000000 174.000000 1129.000000 215.000000 1.538189 1.609197 3.748455 15.515482 1.334261 24.481026 -1.704978 0.179636
Car -1 -1 -10 544.000000 178.000000 573.000000 203.000000 1.475375 1.637611 3.986492 -3.858799 1.846823 45.543140 1.642312 0.153413
