Pedestrian -1 -1 -10 324.000000 179.000000 349.000000 270.000000 1.821742 0.708611 0.550141 -5.894967 1.873207 15.501468 1.368680 0.947622
Pedestrian -1 -1 -10 287.000000 188.000000 315.000000 268.000000 1.781644 0.697727 0.573914 -6.631656 2.034901 15.309292 1.295349 0.805795
Pedestrian -1 -1 -10 580.000000 176.000000 589.000000 201.000000 1.746536 0.593890 0.865023 -2.132727 2.187056 58.775056 -3.166194 0.025301
Pedestrian -1 -1 -10 333.000000 191.000000 354.000000 262.000000 1.816376 0.714834 0.741674 -5.719809 2.015521 15.395982 -1.926752 0.016257
Car -1 -1 -10 699.000000 181.000000 807.000000 266.000000 1.494407 1.586132 3.607194 2.678900 1.704443 14.419999 -1.558856 0.999519
Car -1 -1 -10 480.000000 186.000000 526.000000 222.000000 1.488450 1.576883 3.813081 -4.878831 2.142920 33.522514 1.567831 0.998849
Car -1 -1 -10 387.000000 183.000000 489.000000 254.000000 1.655870 1.707605 3.894583 -4.561295 1.995280 19.516578 -1.550051 0.997166
Car -1 -1 -10 653.000000 178.000000 700.000000 216.000000 1.498950 1.618117 3.721442 2.659814 1.689259 30.083132 -1.597959 0.997115
Car -1 -1 -10 200.000000 207.000000 406.000000 333.000000 1.471322 1.577305 3.647302 -4.239189 2.010419 10.387340 -1.600889 0.997045
Car -1 -1 -10 849.000000 185.000000 1238.000000 370.000000 1.569015 1.597046 3.786731 2.822568 1.641077 3.940901 -1.569798 0.986191
Car -1 -1 -10 731.000000 181.000000 811.000000 223.000000 1.511729 1.589130 3.795416 5.873812 1.588602 26.069448 -2.888144 0.018863
Car -1 -1 -10 265.000000 201.000000 333.000000 261.000000 1.528593 1.578163 3.401465 -4.896848 1.639166 11.388215 1.674324 0.012379
Cyclist -1 -1 -10 282.000000 190.000000 321.000000 264.000000 1.708606 0.691257 1.716846 -6.648361 1.867804 15.453530 0.700663 0.065428
Cyclist -1 -1 -10 238.000000 194.000000 388.000000 294.000000 1.750466 0.695220 1.733521 -3.799227 2.055285 9.173017 -1.324528 0.024775
Cyclist -1 -1 -10 580.000000 176.000000 589.000000 201.000000 1.683886 0.540538 1.677124 -2.245600 1.995051 59.009791 -1.659740 0.017472
