Car -1 -1 -10 577.000000 179.000000 611.000000 209.000000 1.517341 1.608706 3.608914 -0.850278 1.245702 39.290362 -1.602713 0.999480
Car -1 -1 -10 202.000000 189.000000 422.000000 308.000000 1.449413 1.617425 3.948432 -4.222230 1.594183 10.844263 -1.587620 0.999263
Car -1 -1 -10 420.000000 185.000000 495.000000 237.000000 1.425148 1.546279 3.664255 -4.470579 1.438438 22.060196 -1.562068 0.998652
Car -1 -1 -10 -1.000000 175.000000 211.000000 303.000000 1.576046 1.606136 3.917765 -8.373697 1.593595 11.403753 -1.570515 0.913832
Car -1 -1 -10 466.000000 183.000000 518.000000 218.000000 1.498689 1.600478 3.967601 -4.982565 1.399761 32.089674 -1.584066 0.725674
Car -1 -1 -10 370.000000 181.000000 420.000000 219.000000 1.566909 1.578033 3.911353 -8.803377 1.436540 30.550995 -1.500313 0.550740
Car -1 -1 -10 96.000000 215.000000 298.000000 358.000000 1.490362 1.606248 3.935948 -4.865737 1.703567 8.311199 -3.099104 0.442337
Car -1 -1 -10 496.000000 183.000000 539.000000 209.000000 1.480852 1.591196 3.786450 -5.082652 1.329202 41.434920 -1.580517 0.239965
Car -1 -1 -10 242.000000 189.000000 336.000000 245.000000 1.555018 1.584680 3.772188 -12.970800 1.445153 26.224035 -3.408231 0.161784
Car -1 -1 -10 231.000000 170.000000 326.000000 227.000000 1.891918 1.687773 4.250088 -13.057959 1.380041 27.338865 -1.567822 0.089260
