Pedestrian -1 -1 -10 20.000000 174.000000 101.000000 352.000000 1.772858 0.850507 0.626337 -5.363100 1.530955 6.952605 0.875304 0.401249
Pedestrian -1 -1 -10 98.000000 179.000000 149.000000 290.000000 1.792006 0.645562 0.553347 -13.606081 2.140995 19.797451 2.087109 0.369711
Pedestrian -1 -1 -10 703.000000 174.000000 723.000000 212.000000 1.679043 0.603666 0.511981 4.256226 1.501718 28.616129 2.696022 0.061999
Pedestrian -1 -1 -10 81.000000 176.000000 171.000000 320.000000 1.719906 0.599706 0.641275 -7.328576 1.818819 10.533138 -2.713620 0.051115
Pedestrian -1 -1 -10 39.000000 188.000000 222.000000 330.000000 1.715038 0.551759 0.606970 -5.140116 1.536976 7.584759 1.977341 0.038655
Pedestrian -1 -1 -10 -4.000000 208.000000 319.000000 370.000000 1.718087 0.615727 0.831349 -2.521474 1.836972 3.840446 -0.017247 0.013028
Pedestrian -1 -1 -10 711.000000 173.000000 729.000000 219.000000 1.729195 0.641812 0.582069 4.260129 1.506289 27.125537 2.689563 0.011582
Car -1 -1 -10 671.000000 176.000000 800.000000 265.000000 1.474358 1.605748 3.926765 2.146849 1.553108 13.690411 -1.620735 0.999089
Car -1 -1 -10 634.000000 175.000000 700.000000 221.000000 1.530632 1.648501 3.944926 1.995130 1.637305 26.245909 -1.676809 0.997888
Car -1 -1 -10 492.000000 175.000000 543.000000 223.000000 1.543728 1.630992 3.754129 -3.441436 1.741031 27.124587 -1.681369 0.997130
Car -1 -1 -10 150.000000 187.000000 304.000000 254.000000 1.453588 1.581819 3.645420 -9.301529 1.848201 17.213470 -3.142140 0.996029
Car -1 -1 -10 -3.000000 199.000000 320.000000 372.000000 1.437802 1.654318 4.037971 -3.560026 1.643493 4.706333 -1.641338 0.992366
Car -1 -1 -10 624.000000 176.000000 671.000000 211.000000 1.499637 1.579174 3.867759 1.624369 1.695491 32.348002 -1.629960 0.575617
Car -1 -1 -10 619.000000 171.000000 653.000000 203.000000 1.760661 1.674106 3.972089 1.630032 1.718391 42.796117 -1.566995 0.549280
Car -1 -1 -10 528.000000 178.000000 556.000000 206.000000 1.514947 1.617865 3.844796 -4.151083 1.919570 41.122556 -1.668728 0.433243
Car -1 -1 -10 11.000000 180.000000 141.000000 349.000000 1.505014 1.479770 3.291506 -4.985900 1.480062 5.830006 0.985314 0.139422
Car -1 -1 -10 45.000000 188.000000 221.000000 346.000000 1.492652 1.615858 3.909206 -3.738432 1.650851 3.612610 1.548732 0.106709
Car -1 -1 -10 79.000000 186.000000 175.000000 318.000000 1.453891 1.522362 3.625311 -5.662351 1.142856 9.274947 -2.136426 0.035775
Car -1 -1 -10 511.000000 176.000000 549.000000 209.000000 1.608751 1.658209 3.927639 -3.887220 1.882865 40.950455 -1.699854 0.027748
Car -1 -1 -10 610.000000 172.000000 637.000000 197.000000 1.448978 1.608478 3.485371 0.345718 1.245490 14.659322 0.695371 0.026081
Car -1 -1 -10 94.000000 192.000000 155.000000 270.000000 1.521851 1.578950 3.681258 -13.793610 1.927237 20.153727 -0.091673 0.026049
Cyclist -1 -1 -10 87.000000 192.000000 161.000000 277.000000 1.680367 0.601892 1.705092 -13.517202 1.851701 19.736444 -2.318583 0.214619
Cyclist -1 -1 -10 58.000000 189.000000 194.000000 311.000000 1.686606 0.514252 1.558023 -11.581710 1.682188 17.354318 -2.192508 0.084244
Cyclist -1 -1 -10 707.000000 174.000000 720.000000 213.000000 1.670456 0.624344 1.656183 4.370425 1.368905 29.359015 -1.834559 0.047783
Cyclist -1 -1 -10 24.000000 166.000000 115.000000 329.000000 1.732918 0.605886 1.490913 -6.410963 1.304887 8.605681 1.452810 0.034932
Cyclist -1 -1 -10 705.000000 176.000000 733.000000 214.000000 1.679402 0.626773 1.573903 4.333623 1.313392 28.111762 -1.905105 0.029974
Cyclist -1 -1 -10 10.000000 199.000000 265.000000 359.000000 1.727499 0.547659 1.688264 -2.882912 1.678312 4.137732 -1.614147 0.014548
