Pedestrian -1 -1 -10 686.000000 155.000000 718.000000 238.000000 1.829560 0.713885 1.031115 2.218361 1.234465 16.089557 1.703063 0.997831
Pedestrian -1 -1 -10 660.000000 158.000000 689.000000 238.000000 1.725858 0.671888 0.750553 1.575124 1.207017 16.040605 1.583161 0.994619
Pedestrian -1 -1 -10 442.000000 164.000000 471.000000 243.000000 1.727662 0.636387 0.843465 -3.167496 1.278084 15.509504 -1.851388 0.970026
Pedestrian -1 -1 -10 55.000000 177.000000 99.000000 265.000000 1.775081 0.803697 0.833157 -11.726106 2.331619 16.051225 -1.638130 0.808095
Pedestrian -1 -1 -10 531.000000 164.000000 545.000000 203.000000 1.726247 0.668588 0.655015 -2.836506 0.907123 31.695345 -1.754384 0.683941
Pedestrian -1 -1 -10 560.000000 163.000000 580.000000 201.000000 1.794400 0.605957 0.860499 -1.534207 0.938965 35.096637 1.057225 0.074288
Pedestrian -1 -1 -10 1124.000000 183.000000 1239.000000 372.000000 1.656640 0.664394 0.574606 2.741505 1.594891 3.644525 -0.464000 0.050227
Pedestrian -1 -1 -10 674.000000 158.000000 708.000000 223.000000 1.764377 0.633211 0.743851 2.479744 2.274679 20.310883 2.738826 0.035795
Pedestrian -1 -1 -10 736.000000 159.000000 748.000000 196.000000 1.754889 0.634530 0.629199 5.861169 0.779714 29.870264 -1.359725 0.030104
Pedestrian -1 -1 -10 745.000000 147.000000 761.000000 201.000000 1.884206 0.664624 0.993121 5.636597 0.626634 27.022839 2.292647 0.015470
Pedestrian -1 -1 -10 25.000000 201.000000 48.000000 267.000000 1.712702 0.607307 0.644381 -8.712986 2.094202 11.127948 -2.802720 0.012211
Pedestrian -1 -1 -10 896.000000 203.000000 1239.000000 365.000000 1.809753 0.774892 0.845532 1.967169 1.688292 3.151587 -0.653925 0.010568
Cyclist -1 -1 -10 591.000000 159.000000 621.000000 208.000000 1.712372 0.623208 1.736155 0.183807 0.930372 28.389652 1.856248 0.970203
Cyclist -1 -1 -10 558.000000 164.000000 581.000000 201.000000 1.786513 0.618096 1.838202 -1.608576 0.910528 35.027163 0.986928 0.940935
Cyclist -1 -1 -10 440.000000 164.000000 472.000000 244.000000 1.758790 0.590790 1.686405 -3.299783 1.296405 15.588746 1.299735 0.290648
Cyclist -1 -1 -10 585.000000 162.000000 603.000000 200.000000 1.709584 0.502763 1.752349 -0.502161 0.796103 36.193293 0.924613 0.148028
Cyclist -1 -1 -10 530.000000 165.000000 545.000000 202.000000 1.734721 0.501506 1.651965 -2.846043 0.896162 31.869864 -1.467822 0.142776
Cyclist -1 -1 -10 686.000000 158.000000 722.000000 233.000000 1.774704 0.573767 1.697992 2.186702 1.169785 16.238453 -1.406907 0.077118
Cyclist -1 -1 -10 566.000000 164.000000 587.000000 194.000000 1.779982 0.571402 1.793416 -1.397434 0.788923 35.064355 1.125671 0.048575
Cyclist -1 -1 -10 1129.000000 179.000000 1237.000000 376.000000 1.783905 0.658052 1.379354 3.134376 1.472975 4.056746 1.666651 0.037471
Cyclist -1 -1 -10 965.000000 196.000000 1224.000000 373.000000 1.696730 0.755599 1.733853 2.109262 1.534167 3.160787 3.148142 0.021784
Cyclist -1 -1 -10 42.000000 174.000000 111.000000 269.000000 1.696981 0.652942 1.793914 -11.414705 1.706714 15.897295 2.113071 0.013969
