Car -1 -1 -10 264.000000 189.000000 432.000000 286.000000 1.521744 1.623751 3.762086 -4.647033 1.839010 13.160536 1.575481 0.999295
Car -1 -1 -10 820.000000 190.000000 1126.000000 357.000000 1.460039 1.595470 3.733428 3.781745 1.689412 8.307490 -1.556619 0.999059
Car -1 -1 -10 523.000000 179.000000 562.000000 207.000000 1.536241 1.597830 3.593077 -3.773305 1.864604 40.174977 1.629963 0.998920
Car -1 -1 -10 388.000000 185.000000 483.000000 249.000000 1.456809 1.603763 3.882918 -4.580009 1.812002 18.948956 1.627299 0.998896
Car -1 -1 -10 441.000000 184.000000 513.000000 231.000000 1.460037 1.587608 3.932621 -4.467269 1.853520 24.204673 1.610384 0.997482
Car -1 -1 -10 751.000000 183.000000 897.000000 271.000000 1.463487 1.613769 3.725969 3.867569 1.649927 13.908729 -1.552943 0.997331
Car -1 -1 -10 711.000000 180.000000 806.000000 242.000000 1.461267 1.634242 3.993961 3.795803 1.703182 19.234456 -1.579868 0.996748
Car -1 -1 -10 696.000000 178.000000 754.000000 225.000000 1.577947 1.607534 3.911398 4.252296 1.864194 29.923406 -1.519089 0.990182
Car -1 -1 -10 1019.000000 196.000000 1246.000000 372.000000 1.533662 1.648408 3.867205 3.709300 1.801136 2.984875 -1.595543 0.929981
Car -1 -1 -10 690.000000 177.000000 733.000000 215.000000 1.489787 1.518497 3.417898 4.261580 1.793260 29.604233 -1.545008 0.494340
Car -1 -1 -10 538.000000 178.000000 571.000000 203.000000 1.471760 1.627136 3.930453 -3.867691 1.858399 44.125264 1.665933 0.218813
