Pedestrian -1 -1 -10 310.000000 176.000000 322.000000 213.000000 1.802841 0.543894 0.855174 -14.216095 1.735184 34.818419 0.277400 0.292343
Pedestrian -1 -1 -10 303.000000 178.000000 313.000000 216.000000 1.747423 0.540631 0.766715 -14.413895 1.820537 34.123974 0.694489 0.123514
Pedestrian -1 -1 -10 520.000000 167.000000 530.000000 194.000000 1.733209 0.469689 0.672655 -1.431937 1.208803 12.293758 0.004453 0.067675
Pedestrian -1 -1 -10 430.000000 166.000000 448.000000 209.000000 1.790028 0.692823 0.980382 -6.982000 1.185814 29.817671 0.256530 0.049103
Pedestrian -1 -1 -10 495.000000 166.000000 504.000000 199.000000 1.749176 0.613669 0.523946 -4.791027 0.960123 31.455906 2.485951 0.013689
Pedestrian -1 -1 -10 300.000000 176.000000 327.000000 214.000000 1.788282 0.571294 0.869846 -14.364681 1.675305 34.641346 0.313727 0.012096
Car -1 -1 -10 473.000000 175.000000 536.000000 219.000000 1.470454 1.628356 3.755408 -3.620086 1.285209 25.325911 -1.573032 0.999244
Car -1 -1 -10 967.000000 151.000000 1064.000000 181.000000 1.636353 1.653792 3.862240 23.832504 -0.085795 41.476542 -0.008171 0.033586
Car -1 -1 -10 1062.000000 147.000000 1143.000000 173.000000 1.590174 1.628738 3.944568 28.955736 -0.259133 40.958528 0.032065 0.016677
Cyclist -1 -1 -10 695.000000 158.000000 740.000000 200.000000 1.754220 0.822766 1.913877 5.239041 0.657613 33.244935 0.136028 0.997384
Cyclist -1 -1 -10 600.000000 166.000000 634.000000 196.000000 1.674137 0.690605 1.760452 0.612775 0.753108 40.809300 2.888991 0.996576
Cyclist -1 -1 -10 325.000000 172.000000 370.000000 223.000000 1.783870 0.518390 1.808155 -9.745836 1.586368 26.510750 -1.254346 0.985995
