Car -1 -1 -10 593.000000 176.000000 672.000000 250.000000 1.492150 1.680821 3.702231 0.577677 1.369622 17.314497 -1.516096 0.999449
Car -1 -1 -10 250.000000 181.000000 438.000000 289.000000 1.505520 1.635842 4.166922 -4.441390 1.492987 12.555133 -1.561638 0.999355
Car -1 -1 -10 120.000000 181.000000 251.000000 237.000000 1.421537 1.607278 3.928814 -12.336185 1.408521 21.358201 -1.560509 0.999355
Car -1 -1 -10 -1.000000 190.000000 170.000000 370.000000 1.504474 1.597349 3.831906 -4.522253 1.879545 4.148054 -1.612697 0.468526
Car -1 -1 -10 632.000000 180.000000 675.000000 212.000000 1.463956 1.563762 3.611917 2.846519 1.205043 39.895807 -1.418090 0.391496
Car -1 -1 -10 1.000000 175.000000 92.000000 213.000000 1.536400 1.605751 3.682643 -29.862931 1.110942 38.759156 1.545286 0.093228
Car -1 -1 -10 256.000000 164.000000 351.000000 214.000000 1.732414 1.684144 3.943896 -11.744573 1.107253 27.923860 -1.594159 0.068817
Car -1 -1 -10 618.000000 168.000000 652.000000 199.000000 1.547828 1.627894 3.757749 0.854078 1.075601 17.912155 -0.922982 0.051986
Car -1 -1 -10 0.000000 179.000000 123.000000 261.000000 1.511154 1.615584 3.838413 -8.628485 1.303283 9.587753 -2.889173 0.022690
Car -1 -1 -10 297.000000 180.000000 350.000000 208.000000 1.576055 1.630953 4.000747 -12.127289 0.776837 28.727817 1.564157 0.017914
