Pedestrian -1 -1 -10 400.000000 167.000000 439.000000 271.000000 1.768481 0.656762 0.841082 -3.238593 1.555692 12.727150 1.761559 0.997698
Pedestrian -1 -1 -10 833.000000 163.000000 871.000000 263.000000 1.701263 0.593340 0.765611 4.381422 1.428033 12.658098 1.762361 0.995223
Pedestrian -1 -1 -10 721.000000 169.000000 767.000000 296.000000 1.771083 0.638284 0.951945 1.988512 1.564308 10.320870 -1.293629 0.993814
Pedestrian -1 -1 -10 643.000000 168.000000 673.000000 239.000000 1.777687 0.728874 0.959156 1.461288 1.459672 19.431054 1.537823 0.992400
Pedestrian -1 -1 -10 872.000000 164.000000 907.000000 269.000000 1.711078 0.570055 0.574212 4.760963 1.459761 11.975142 1.390299 0.981618
Pedestrian -1 -1 -10 332.000000 170.000000 365.000000 260.000000 1.656790 0.575974 0.682367 -4.616241 1.469448 13.050284 1.291262 0.965928
Pedestrian -1 -1 -10 690.000000 177.000000 716.000000 262.000000 1.654569 0.561571 0.771470 1.927598 1.539382 13.750343 -1.377189 0.837914
Pedestrian -1 -1 -10 766.000000 168.000000 792.000000 254.000000 1.710352 0.592379 0.811648 3.638089 1.415018 14.719774 -1.276226 0.784344
Pedestrian -1 -1 -10 780.000000 166.000000 807.000000 236.000000 1.823087 0.687718 0.822226 4.865810 1.323537 17.956241 -1.395287 0.608941
Pedestrian -1 -1 -10 715.000000 173.000000 750.000000 272.000000 1.725428 0.577444 0.642749 2.124612 1.435153 12.313285 -1.295606 0.367298
Pedestrian -1 -1 -10 743.000000 170.000000 778.000000 286.000000 1.770548 0.597881 0.784192 2.356662 1.654804 10.678604 -2.370500 0.303864
Pedestrian -1 -1 -10 704.000000 174.000000 724.000000 260.000000 1.802210 0.599918 0.823926 2.213978 1.631883 14.404765 0.732598 0.141295
Pedestrian -1 -1 -10 744.000000 171.000000 766.000000 247.000000 1.767275 0.699502 0.916490 3.366560 1.378163 16.859837 -1.519613 0.060962
Car -1 -1 -10 555.000000 178.000000 599.000000 212.000000 1.518948 1.655410 3.949349 -1.139533 1.350831 33.566062 1.641945 0.999111
Car -1 -1 -10 1004.000000 263.000000 1238.000000 372.000000 1.588491 1.631156 3.795100 3.305311 1.741537 2.541709 -1.566812 0.110550
Cyclist -1 -1 -10 328.000000 170.000000 368.000000 261.000000 1.682923 0.514083 1.667036 -4.761375 1.321763 13.307750 -2.285732 0.076074
Cyclist -1 -1 -10 642.000000 169.000000 678.000000 240.000000 1.777148 0.558685 1.769216 1.453486 1.440539 19.370139 1.156756 0.014831
Cyclist -1 -1 -10 749.000000 169.000000 780.000000 275.000000 1.732643 0.630643 1.670538 2.824232 1.996270 10.843700 -1.196618 0.011399
