Car -1 -1 -10 672.000000 181.000000 748.000000 237.000000 1.434262 1.599886 3.797257 2.786152 1.720454 20.767434 -1.581229 0.999506
Car -1 -1 -10 755.000000 187.000000 1009.000000 357.000000 1.471224 1.616667 3.801362 2.881138 1.681038 8.649565 -1.573286 0.999181
Car -1 -1 -10 48.000000 172.000000 369.000000 286.000000 1.577427 1.652178 4.020734 -6.473020 1.560552 11.477254 -3.124117 0.996707
Car -1 -1 -10 276.000000 174.000000 449.000000 239.000000 1.542820 1.623223 3.929073 -6.357729 1.606325 19.293708 0.046120 0.962995
Car -1 -1 -10 651.000000 174.000000 697.000000 214.000000 1.546789 1.622303 3.847752 2.708421 1.676506 31.559359 -1.591811 0.958388
Car -1 -1 -10 -6.000000 165.000000 263.000000 336.000000 1.679908 1.656450 4.022873 -6.134355 1.665867 8.232717 -3.064046 0.864772
Car -1 -1 -10 917.000000 224.000000 1253.000000 375.000000 1.536565 1.615955 3.765348 2.963249 1.671785 3.009121 -1.597078 0.826362
Car -1 -1 -10 424.000000 177.000000 518.000000 214.000000 1.520304 1.598653 3.669465 -5.855699 1.576913 31.987566 -3.219953 0.686506
Car -1 -1 -10 320.000000 170.000000 498.000000 223.000000 1.651587 1.729193 4.141889 -6.470023 1.574249 24.045330 -3.156245 0.399067
Car -1 -1 -10 221.000000 177.000000 388.000000 250.000000 1.455948 1.620562 3.924497 -7.450535 1.482301 19.158717 -3.010107 0.295749
