Pedestrian -1 -1 -10 704.000000 169.000000 711.000000 221.000000 1.751210 0.574335 0.515184 4.868110 1.515264 35.892366 1.758740 0.016486
Pedestrian -1 -1 -10 693.000000 174.000000 709.000000 220.000000 1.704162 0.541036 0.572830 4.747297 1.487564 36.588364 2.647982 0.013867
Car -1 -1 -10 538.000000 187.000000 572.000000 215.000000 1.513511 1.648960 3.959149 -3.375280 2.432646 43.177871 1.527914 0.999031
Car -1 -1 -10 460.000000 194.000000 536.000000 255.000000 1.465007 1.551956 3.540749 -2.890852 2.054753 19.050136 1.579227 0.998999
Car -1 -1 -10 665.000000 184.000000 749.000000 249.000000 1.565818 1.635960 3.768672 2.443363 1.894435 19.468088 -1.590971 0.998543
Car -1 -1 -10 -1.000000 199.000000 394.000000 374.000000 1.524406 1.593938 3.822480 -2.672892 1.788137 4.055547 1.556907 0.992079
Car -1 -1 -10 817.000000 186.000000 1245.000000 374.000000 1.563654 1.564045 3.708987 2.814385 1.714246 5.249060 1.561737 0.954182
Car -1 -1 -10 650.000000 181.000000 703.000000 233.000000 1.620401 1.637337 3.986806 2.337236 1.938095 29.245781 -1.590949 0.946514
Car -1 -1 -10 639.000000 178.000000 672.000000 218.000000 1.446870 1.565489 3.335834 1.292295 1.455321 22.873557 2.603061 0.521235
Car -1 -1 -10 631.000000 182.000000 657.000000 210.000000 1.644575 1.607293 3.945826 2.516873 2.201391 43.843649 -1.666994 0.018160
Cyclist -1 -1 -10 783.000000 190.000000 817.000000 254.000000 1.603561 0.531912 1.665181 4.194593 1.933985 16.127161 -1.684000 0.997046
Cyclist -1 -1 -10 694.000000 172.000000 710.000000 220.000000 1.724086 0.561290 1.744801 5.085809 1.287717 36.390513 -1.895563 0.011537
