Pedestrian -1 -1 -10 492.000000 172.000000 504.000000 212.000000 1.720081 0.481499 0.647138 -2.825300 1.751239 16.854115 -0.047756 0.041123
Pedestrian -1 -1 -10 536.000000 173.000000 550.000000 206.000000 1.737112 0.580186 0.814847 -3.613745 1.758033 37.889011 0.963347 0.034563
Pedestrian -1 -1 -10 490.000000 172.000000 514.000000 228.000000 1.724125 0.784548 0.581474 -3.525062 1.829766 23.429045 1.494225 0.022179
Pedestrian -1 -1 -10 515.000000 172.000000 536.000000 224.000000 1.659750 0.683647 0.649837 -2.836826 1.680665 23.948461 1.535055 0.017668
Pedestrian -1 -1 -10 498.000000 174.000000 509.000000 214.000000 1.717682 0.476214 0.649136 -2.736142 1.825086 17.128405 2.870677 0.013814
Pedestrian -1 -1 -10 699.000000 163.000000 713.000000 207.000000 1.867918 0.642927 0.947493 4.389195 1.490490 32.913512 -1.550844 0.011874
Car -1 -1 -10 737.000000 169.000000 996.000000 348.000000 1.573480 1.582895 3.569069 2.584408 1.600777 8.209234 -1.565224 0.999526
Car -1 -1 -10 191.000000 185.000000 389.000000 305.000000 1.558642 1.610059 3.848612 -4.992475 1.811580 11.768276 1.573377 0.999353
Car -1 -1 -10 440.000000 183.000000 502.000000 226.000000 1.467438 1.623123 4.032787 -5.277854 1.897986 27.732676 1.539081 0.993308
Car -1 -1 -10 777.000000 176.000000 850.000000 225.000000 1.491280 1.472660 3.218369 7.327645 1.493447 27.500205 2.339334 0.028769
Car -1 -1 -10 460.000000 177.000000 501.000000 214.000000 1.568292 1.620920 3.854776 -7.737038 1.449345 40.280671 1.407346 0.019135
Cyclist -1 -1 -10 515.000000 171.000000 539.000000 228.000000 1.732740 0.695551 1.837449 -2.805175 1.744717 23.905804 1.571934 0.999647
Cyclist -1 -1 -10 489.000000 173.000000 516.000000 232.000000 1.700916 0.586111 1.777558 -3.474668 1.781548 23.400440 1.600279 0.997986
Cyclist -1 -1 -10 444.000000 181.000000 506.000000 226.000000 1.774160 0.751268 1.687056 -5.291131 2.136810 26.180670 2.427252 0.719267
Cyclist -1 -1 -10 493.000000 174.000000 504.000000 211.000000 1.723723 0.378649 1.187001 -3.556654 1.981074 22.418861 -1.754720 0.087457
Cyclist -1 -1 -10 519.000000 175.000000 546.000000 209.000000 1.749904 0.590353 1.737929 -3.532072 1.737391 37.947226 -1.680486 0.045288
Cyclist -1 -1 -10 533.000000 173.000000 550.000000 205.000000 1.753703 0.582488 1.786819 -3.502215 1.777362 37.965505 -1.601399 0.012514
Cyclist -1 -1 -10 482.000000 179.000000 507.000000 214.000000 1.676380 0.512825 1.607671 -4.858385 1.277516 29.399351 -1.637151 0.011240
