Pedestrian -1 -1 -10 862.000000 158.000000 944.000000 346.000000 1.740466 0.667291 0.849568 2.905881 1.525819 7.175749 -1.554626 0.998978
Pedestrian -1 -1 -10 775.000000 161.000000 848.000000 347.000000 1.741608 0.596598 0.846888 1.981747 1.564985 7.029634 -1.705902 0.998223
Pedestrian -1 -1 -10 445.000000 163.000000 482.000000 268.000000 1.772646 0.619073 1.013015 -2.460811 1.470143 12.820687 -2.726454 0.997661
Pedestrian -1 -1 -10 1114.000000 143.000000 1178.000000 277.000000 1.745497 0.584609 0.905129 7.172836 1.322169 9.473498 3.455007 0.991405
Pedestrian -1 -1 -10 988.000000 148.000000 1038.000000 260.000000 1.706251 0.569700 0.637933 6.525630 1.243776 11.469029 3.258359 0.986336
Pedestrian -1 -1 -10 113.000000 169.000000 192.000000 335.000000 1.650573 0.618685 0.937453 -4.799368 1.627061 7.737066 -2.551027 0.980603
Pedestrian -1 -1 -10 904.000000 155.000000 950.000000 271.000000 1.696114 0.552837 0.668506 4.940709 1.278861 10.772456 0.894686 0.971729
Pedestrian -1 -1 -10 690.000000 165.000000 720.000000 238.000000 1.703852 0.631581 0.821184 2.329224 1.298681 16.724345 -1.918605 0.904608
Pedestrian -1 -1 -10 443.000000 168.000000 464.000000 242.000000 1.771691 0.561601 0.639385 -4.079391 1.489399 19.140266 1.778853 0.685890
Pedestrian -1 -1 -10 6.000000 169.000000 111.000000 359.000000 1.701182 0.698039 0.732038 -5.136875 1.684763 6.787211 -3.741018 0.110903
Pedestrian -1 -1 -10 422.000000 167.000000 442.000000 223.000000 1.707758 0.687717 0.744197 -6.045728 1.420149 25.549657 -1.604463 0.082449
Pedestrian -1 -1 -10 457.000000 168.000000 484.000000 240.000000 1.733038 0.496156 0.676705 -2.353772 1.229503 12.144063 -0.056857 0.068959
Pedestrian -1 -1 -10 440.000000 167.000000 504.000000 232.000000 1.854501 0.616236 0.927567 -3.228649 1.560369 18.676835 2.410158 0.055241
Car -1 -1 -10 547.000000 168.000000 576.000000 196.000000 1.595014 1.646577 3.896517 -2.674093 0.904265 48.026732 1.613213 0.406415
Car -1 -1 -10 439.000000 166.000000 512.000000 224.000000 1.718668 1.656580 3.770539 -4.138648 1.231981 25.089610 1.526438 0.034762
Car -1 -1 -10 467.000000 166.000000 525.000000 213.000000 1.692563 1.550861 3.733379 -3.963511 1.216187 27.151781 -1.618482 0.025604
Cyclist -1 -1 -10 0.000000 168.000000 120.000000 366.000000 1.690661 0.547615 1.765566 -5.329421 1.653045 6.873205 -2.237317 0.992805
Cyclist -1 -1 -10 688.000000 167.000000 721.000000 238.000000 1.806357 0.586537 1.658650 2.324687 1.398456 16.777127 -2.008895 0.212603
Cyclist -1 -1 -10 439.000000 164.000000 492.000000 255.000000 1.772824 0.568427 1.768734 -2.631766 1.360687 12.947935 0.780332 0.199156
Cyclist -1 -1 -10 466.000000 170.000000 494.000000 239.000000 1.717648 0.577945 1.890538 -3.129736 1.417602 18.594662 1.514767 0.089967
Cyclist -1 -1 -10 1210.000000 166.000000 1237.000000 352.000000 1.777123 0.455328 1.674708 8.919274 1.067867 10.471071 -0.253639 0.013596
