Car -1 -1 -10 396.000000 183.000000 493.000000 245.000000 1.510512 1.620846 3.730930 -4.437089 1.848427 19.533993 1.592366 0.999563
Car -1 -1 -10 804.000000 182.000000 1056.000000 328.000000 1.542782 1.580591 3.609046 3.939252 1.712979 9.534548 -1.620797 0.999444
Car -1 -1 -10 453.000000 182.000000 524.000000 228.000000 1.505715 1.580005 3.841272 -4.100320 1.789613 25.336449 1.598698 0.997273
Car -1 -1 -10 751.000000 182.000000 883.000000 266.000000 1.468028 1.608095 3.808142 3.980653 1.699244 14.721467 -1.542302 0.996940
Car -1 -1 -10 722.000000 180.000000 807.000000 238.000000 1.488310 1.625066 3.774654 4.101161 1.696668 20.227850 -1.504150 0.996566
Car -1 -1 -10 697.000000 178.000000 759.000000 223.000000 1.476105 1.626729 4.014992 4.255285 1.711133 25.428566 -1.565980 0.991831
Car -1 -1 -10 993.000000 195.000000 1236.000000 372.000000 1.518351 1.655035 3.970177 3.902616 1.826233 3.714368 -1.555785 0.958629
Car -1 -1 -10 493.000000 182.000000 541.000000 217.000000 1.507822 1.612503 3.834919 -3.963459 1.910549 30.546016 1.633115 0.958409
Car -1 -1 -10 690.000000 177.000000 734.000000 213.000000 1.642495 1.686544 3.998928 4.840940 1.895030 36.226980 -1.491050 0.782885
Cyclist -1 -1 -10 1002.000000 197.000000 1238.000000 360.000000 1.670996 0.746483 1.840869 3.285265 1.892003 4.318234 -1.608521 0.010294
