Pedestrian -1 -1 -10 333.000000 163.000000 365.000000 254.000000 1.751852 0.718133 0.665381 -4.801167 1.514001 12.757651 -1.535193 0.925305
Pedestrian -1 -1 -10 368.000000 169.000000 405.000000 258.000000 1.742029 0.664445 0.745326 -5.176017 1.486649 16.051424 -1.464293 0.896207
Pedestrian -1 -1 -10 968.000000 97.000000 1038.000000 339.000000 1.725154 0.566660 0.528515 4.092665 1.741727 7.700080 2.771886 0.221934
Pedestrian -1 -1 -10 314.000000 165.000000 385.000000 266.000000 1.763042 0.721364 0.625072 -4.590340 1.546900 12.558568 -1.473040 0.212339
Pedestrian -1 -1 -10 280.000000 177.000000 451.000000 282.000000 1.810263 0.672381 0.835728 -3.971410 1.485653 12.502765 -0.309564 0.131517
Pedestrian -1 -1 -10 354.000000 168.000000 387.000000 258.000000 1.720032 0.655114 0.695149 -5.195672 1.409647 15.903658 2.296073 0.079933
Pedestrian -1 -1 -10 367.000000 173.000000 450.000000 258.000000 1.721133 0.544566 0.583715 -2.665709 1.846285 9.264455 -0.162825 0.060761
Pedestrian -1 -1 -10 384.000000 168.000000 420.000000 260.000000 1.716597 0.589982 0.608247 -5.055768 0.996389 16.592467 -2.400435 0.010419
Car -1 -1 -10 660.000000 179.000000 726.000000 229.000000 1.421241 1.602317 3.887252 2.567146 1.620946 22.895892 -1.616245 0.998980
Car -1 -1 -10 750.000000 185.000000 1086.000000 377.000000 1.473924 1.592054 3.746851 2.491667 1.643015 7.129656 -1.595834 0.998827
Car -1 -1 -10 264.000000 187.000000 505.000000 331.000000 1.506899 1.626618 3.922735 -2.723620 1.681763 9.404571 -1.520588 0.993588
Car -1 -1 -10 536.000000 177.000000 573.000000 211.000000 1.573387 1.647757 4.113372 -2.879536 1.890074 36.848830 -1.644977 0.991726
Car -1 -1 -10 935.000000 165.000000 1244.000000 378.000000 1.536165 1.620178 3.758827 2.320321 1.465961 1.765186 -1.585118 0.959606
Car -1 -1 -10 5.000000 185.000000 398.000000 373.000000 1.579767 1.636661 3.938566 -2.609294 1.699427 4.207954 -1.649459 0.959328
Car -1 -1 -10 641.000000 178.000000 688.000000 210.000000 1.545128 1.628587 3.924156 2.605409 1.818650 35.567119 -1.663016 0.956100
Car -1 -1 -10 374.000000 184.000000 495.000000 248.000000 1.483229 1.624553 3.685699 -3.286325 1.619344 14.310014 -1.614425 0.722451
Car -1 -1 -10 634.000000 178.000000 666.000000 205.000000 1.501042 1.479304 3.168239 2.116837 2.106778 39.929795 1.625239 0.311663
Car -1 -1 -10 1096.000000 160.000000 1228.000000 375.000000 1.439514 1.602857 3.827628 4.001178 1.066831 6.970830 -2.432346 0.044476
Car -1 -1 -10 280.000000 177.000000 451.000000 282.000000 1.532986 1.575165 3.873241 -4.798553 1.473496 13.696915 -0.691992 0.027793
Car -1 -1 -10 362.000000 171.000000 435.000000 261.000000 1.475229 1.588378 3.900147 -4.205292 1.116954 16.403734 0.774825 0.014598
Cyclist -1 -1 -10 336.000000 182.000000 497.000000 248.000000 1.489820 1.629707 3.463817 -3.568317 1.771214 13.297844 2.383442 0.119522
Cyclist -1 -1 -10 265.000000 188.000000 500.000000 317.000000 1.766161 0.505499 1.699347 -2.190265 1.778341 8.542885 1.762890 0.055787
Cyclist -1 -1 -10 360.000000 171.000000 422.000000 261.000000 1.693613 0.767436 1.751378 -5.193133 1.081743 15.959631 -0.714355 0.036975
Cyclist -1 -1 -10 952.000000 168.000000 1217.000000 372.000000 1.669018 0.519642 1.600982 1.768008 1.625154 2.495948 -1.632987 0.012378
Cyclist -1 -1 -10 291.000000 175.000000 422.000000 295.000000 1.784993 0.626718 1.816115 -4.449904 1.375628 12.684425 -1.269614 0.012179
