Car -1 -1 -10 576.000000 178.000000 619.000000 217.000000 1.566268 1.656152 3.776977 -0.494707 1.338220 31.631020 -1.588619 0.999760
Car -1 -1 -10 375.000000 183.000000 494.000000 260.000000 1.518121 1.639898 3.831707 -3.713341 1.443396 15.961104 -1.565660 0.999437
Car -1 -1 -10 491.000000 183.000000 548.000000 220.000000 1.494641 1.665330 4.083984 -3.513876 1.324603 28.217055 -1.582085 0.999239
Car -1 -1 -10 204.000000 174.000000 347.000000 253.000000 1.621756 1.659677 3.957626 -7.965189 1.450526 17.613587 -1.573453 0.998481
Car -1 -1 -10 2.000000 189.000000 196.000000 298.000000 1.422940 1.587754 3.933204 -8.456870 1.561663 11.434730 -1.567624 0.879741
Car -1 -1 -10 79.000000 182.000000 210.000000 241.000000 1.480943 1.632231 3.810003 -12.294430 1.540496 19.155930 -1.574413 0.867491
Car -1 -1 -10 -5.000000 205.000000 221.000000 370.000000 1.514480 1.623699 3.949724 -8.569990 1.867934 12.555255 1.493826 0.828008
Car -1 -1 -10 333.000000 183.000000 416.000000 228.000000 1.477236 1.606872 3.843744 -7.677600 1.437246 24.523661 -1.421692 0.314337
Car -1 -1 -10 448.000000 179.000000 494.000000 210.000000 1.549807 1.579439 3.804497 -7.970977 1.161512 42.678734 -1.546893 0.139562
Car -1 -1 -10 298.000000 182.000000 364.000000 218.000000 1.546058 1.653631 3.855904 -12.900741 0.923431 32.259314 1.317359 0.015339
Car -1 -1 -10 425.000000 180.000000 493.000000 225.000000 1.451001 1.613046 3.517729 -1.950820 1.050870 10.539389 -0.265763 0.010093
