Car -1 -1 -10 626.000000 212.000000 884.000000 363.000000 1.477744 1.632914 3.918189 1.419465 1.941520 9.053263 -1.820249 0.998974
Car -1 -1 -10 179.000000 216.000000 304.000000 307.000000 1.419299 1.536883 3.745375 -7.258712 2.262775 14.266773 1.284750 0.998092
Car -1 -1 -10 565.000000 204.000000 702.000000 297.000000 1.445168 1.587673 3.807656 0.175283 2.066655 13.618587 -1.833472 0.996001
Car -1 -1 -10 509.000000 194.000000 602.000000 267.000000 1.556383 1.632009 3.726620 -1.651313 2.140135 18.583689 -1.816245 0.995267
Car -1 -1 -10 284.000000 195.000000 355.000000 254.000000 1.728424 1.667014 3.967968 -10.242700 2.579397 25.341082 -1.893274 0.990651
Car -1 -1 -10 776.000000 206.000000 1248.000000 378.000000 1.485706 1.587719 3.790567 2.508277 1.694547 4.320410 -1.763460 0.978705
Car -1 -1 -10 467.000000 200.000000 516.000000 240.000000 1.461237 1.594644 3.910854 -5.256830 2.588243 30.729931 -1.841404 0.970999
Car -1 -1 -10 -11.000000 222.000000 241.000000 373.000000 1.466865 1.597919 3.920323 -5.451873 2.065088 7.638922 1.266140 0.951346
Car -1 -1 -10 487.000000 197.000000 551.000000 250.000000 1.592214 1.588385 3.757840 -3.194992 2.450079 25.525123 1.891147 0.925032
Car -1 -1 -10 345.000000 201.000000 378.000000 226.000000 1.531158 1.600154 4.010810 -16.266850 3.322747 46.086632 1.303840 0.908820
