Pedestrian -1 -1 -10 771.000000 171.000000 792.000000 204.000000 1.841966 0.545263 1.113838 12.330709 1.587226 52.254832 2.679575 0.094026
Car -1 -1 -10 432.000000 184.000000 513.000000 236.000000 1.506399 1.611150 3.686615 -4.227841 1.936218 22.715906 1.614646 0.999444
Car -1 -1 -10 768.000000 179.000000 934.000000 284.000000 1.522544 1.587279 3.630965 4.035951 1.704253 12.705481 -1.613187 0.997758
Car -1 -1 -10 710.000000 179.000000 781.000000 229.000000 1.489254 1.604574 3.716726 4.237968 1.753885 23.387783 -1.504785 0.995214
Car -1 -1 -10 734.000000 182.000000 833.000000 249.000000 1.451718 1.614697 3.819562 4.145076 1.704630 17.914864 -1.523667 0.993880
Car -1 -1 -10 481.000000 183.000000 538.000000 222.000000 1.513047 1.593262 3.873237 -3.889126 1.927832 28.594318 1.647795 0.992764
Car -1 -1 -10 858.000000 198.000000 1246.000000 374.000000 1.455495 1.589695 3.810144 3.873324 1.732549 6.901118 -1.545234 0.992586
Car -1 -1 -10 693.000000 178.000000 742.000000 217.000000 1.506759 1.599940 3.882354 4.390120 1.766911 28.568324 -1.548796 0.984055
Car -1 -1 -10 508.000000 182.000000 553.000000 215.000000 1.464475 1.595281 3.850665 -3.782421 1.948068 33.656878 1.655544 0.720206
Car -1 -1 -10 688.000000 177.000000 722.000000 208.000000 1.571279 1.599220 3.750446 5.102847 1.853975 39.355513 -1.518175 0.124302
