Car -1 -1 -10 329.000000 171.000000 445.000000 226.000000 1.527269 1.629931 3.846479 -7.092012 1.703918 23.195771 -3.088121 0.996788
Car -1 -1 -10 710.000000 184.000000 868.000000 274.000000 1.492194 1.592322 3.759332 2.889475 1.647689 13.525266 1.492127 0.975225
Car -1 -1 -10 381.000000 174.000000 496.000000 219.000000 1.554751 1.632856 4.172309 -6.606288 1.622215 25.734496 -0.039446 0.972437
Car -1 -1 -10 12.000000 157.000000 308.000000 347.000000 1.579718 1.669021 3.933246 -5.732856 1.506533 7.800906 -3.289458 0.953622
Car -1 -1 -10 641.000000 175.000000 677.000000 202.000000 1.476180 1.617166 3.900071 2.730438 1.629181 41.422999 -1.455508 0.784758
Car -1 -1 -10 59.000000 175.000000 327.000000 279.000000 1.514497 1.541359 3.379723 -6.890144 1.601819 12.657439 -3.566984 0.312661
Car -1 -1 -10 431.000000 175.000000 513.000000 212.000000 1.443256 1.571509 3.869645 -5.239722 1.469580 26.703317 1.568223 0.307341
Car -1 -1 -10 460.000000 175.000000 529.000000 205.000000 1.515454 1.576880 3.593229 -6.228502 1.647394 38.407993 1.934076 0.038943
Car -1 -1 -10 632.000000 174.000000 706.000000 205.000000 1.484267 1.600156 3.833077 2.650280 1.628720 41.441052 -1.438809 0.030215
Car -1 -1 -10 656.000000 174.000000 689.000000 209.000000 1.464357 1.493023 3.050485 1.874811 1.528528 23.486332 1.088371 0.020237
