Car -1 -1 -10 615.000000 194.000000 779.000000 291.000000 1.394198 1.586106 3.813013 1.263584 1.784803 12.248919 -1.834902 0.999812
Car -1 -1 -10 329.000000 189.000000 374.000000 220.000000 1.532616 1.639843 4.091576 -14.242568 2.546333 40.509006 1.282312 0.999220
Car -1 -1 -10 510.000000 188.000000 567.000000 228.000000 1.448303 1.620359 3.809396 -2.838083 2.022940 27.030954 -1.790840 0.998960
Car -1 -1 -10 21.000000 209.000000 232.000000 331.000000 1.470356 1.635586 3.860454 -7.212903 2.086604 11.055801 1.284747 0.985784
Car -1 -1 -10 498.000000 186.000000 545.000000 219.000000 1.512093 1.598563 3.910395 -4.185272 2.045901 32.686661 -1.778646 0.983886
Car -1 -1 -10 119.000000 196.000000 198.000000 223.000000 1.558572 1.589894 3.896498 -21.235751 2.645525 33.769585 -3.212210 0.938032
Car -1 -1 -10 -3.000000 223.000000 147.000000 368.000000 1.500421 1.612812 3.925703 -5.667061 2.050879 6.323991 1.259361 0.900488
Car -1 -1 -10 690.000000 170.000000 806.000000 217.000000 1.513988 1.651010 3.989832 5.307026 1.442815 28.138272 -2.741456 0.778506
Car -1 -1 -10 347.000000 189.000000 382.000000 215.000000 1.507664 1.587500 3.756448 -14.586636 2.488443 40.639625 -1.823804 0.646519
Car -1 -1 -10 816.000000 124.000000 1235.000000 378.000000 1.890264 1.693640 4.179589 3.253153 1.692164 5.158967 -1.791477 0.237886
Car -1 -1 -10 638.000000 178.000000 733.000000 211.000000 1.536575 1.647553 4.088366 3.221450 1.721461 34.336176 -2.715845 0.214422
Cyclist -1 -1 -10 118.000000 196.000000 199.000000 229.000000 1.665292 0.827523 1.903220 -19.518210 2.484342 31.274440 -0.504119 0.033324
