Pedestrian -1 -1 -10 918.000000 151.000000 982.000000 289.000000 1.746393 0.626236 0.815960 4.323799 1.387145 9.111457 1.384875 0.993529
Pedestrian -1 -1 -10 48.000000 188.000000 111.000000 328.000000 1.842679 0.653878 0.822355 -7.359151 1.676382 9.894118 0.502046 0.911707
Pedestrian -1 -1 -10 515.000000 175.000000 536.000000 229.000000 1.727907 0.686564 0.971650 -2.574089 1.484052 23.781823 -1.718690 0.658982
Pedestrian -1 -1 -10 661.000000 175.000000 679.000000 226.000000 1.740108 0.621906 0.855485 2.383719 1.399242 24.902905 -1.511232 0.180104
Pedestrian -1 -1 -10 640.000000 173.000000 661.000000 227.000000 1.748765 0.691741 0.926320 1.680008 1.533747 24.908492 -1.609222 0.173488
Pedestrian -1 -1 -10 873.000000 176.000000 908.000000 250.000000 1.648871 0.688296 0.968185 5.655555 1.532144 13.900810 -1.603083 0.106769
Pedestrian -1 -1 -10 22.000000 192.000000 162.000000 349.000000 1.757846 0.780313 0.750512 -7.821444 1.944631 10.314308 -1.598851 0.037367
Pedestrian -1 -1 -10 893.000000 160.000000 960.000000 278.000000 1.851509 0.625654 0.872462 5.050192 1.320236 11.732240 2.988167 0.029605
Pedestrian -1 -1 -10 860.000000 164.000000 955.000000 347.000000 1.706670 0.594132 0.640919 3.470085 2.065307 8.522319 -0.640864 0.020433
Pedestrian -1 -1 -10 795.000000 182.000000 971.000000 369.000000 1.782478 0.579950 0.817517 1.798186 2.033735 5.379775 2.812458 0.010741
Car -1 -1 -10 5.000000 197.000000 424.000000 374.000000 1.541697 1.662306 4.014794 -2.983167 1.723845 5.272284 1.683966 0.995520
Car -1 -1 -10 229.000000 206.000000 408.000000 278.000000 1.470855 1.535011 3.907747 -5.337309 1.777699 14.064407 1.651156 0.037186
Car -1 -1 -10 22.000000 192.000000 162.000000 349.000000 1.551625 1.551680 3.609063 -6.574396 1.584558 9.426456 1.154361 0.031250
Cyclist -1 -1 -10 866.000000 175.000000 906.000000 250.000000 1.662127 0.562393 1.600640 5.681231 1.519076 14.202824 -0.598794 0.116157
Cyclist -1 -1 -10 771.000000 195.000000 861.000000 342.000000 1.707540 0.656019 1.751724 2.320018 1.643426 8.023935 2.383080 0.105472
Cyclist -1 -1 -10 781.000000 209.000000 838.000000 309.000000 1.718653 0.691902 1.627890 1.918316 1.713471 5.750350 -0.803216 0.025198
Cyclist -1 -1 -10 21.000000 198.000000 137.000000 325.000000 1.660128 0.668312 1.765352 -8.062728 2.336134 10.678540 -0.684265 0.021221
Cyclist -1 -1 -10 640.000000 173.000000 661.000000 226.000000 1.817901 0.579172 1.764709 1.598191 1.557481 24.937662 -1.500185 0.018713
Cyclist -1 -1 -10 842.000000 170.000000 921.000000 267.000000 1.673441 0.587165 1.674419 5.569065 1.612519 14.092170 -1.693223 0.015025
Cyclist -1 -1 -10 804.000000 178.000000 968.000000 369.000000 1.722155 0.719857 1.649263 1.846217 1.957037 4.923207 -2.329614 0.013734
