Pedestrian -1 -1 -10 446.000000 156.000000 523.000000 321.000000 1.686213 0.719496 0.777511 -1.307707 1.423024 7.791427 1.573656 0.995918
Pedestrian -1 -1 -10 941.000000 130.000000 1121.000000 374.000000 1.664054 0.677781 0.855654 2.272457 1.298981 3.892282 -1.610273 0.995367
Pedestrian -1 -1 -10 1098.000000 182.000000 1215.000000 363.000000 1.645697 0.692389 0.572405 4.196529 1.621093 5.505820 3.458186 0.944830
Pedestrian -1 -1 -10 473.000000 156.000000 532.000000 260.000000 1.747792 0.626138 0.725340 -1.710753 1.334349 11.645685 0.568752 0.172330
Pedestrian -1 -1 -10 750.000000 146.000000 764.000000 198.000000 1.762398 0.554127 0.721354 5.818147 0.520835 26.946801 -1.806196 0.159753
Pedestrian -1 -1 -10 1049.000000 170.000000 1148.000000 368.000000 1.706246 0.599556 0.683277 3.987419 1.853389 5.684698 1.242335 0.157118
Pedestrian -1 -1 -10 566.000000 156.000000 574.000000 186.000000 1.859457 0.631063 0.663327 -2.146798 0.259178 49.764207 1.553501 0.091461
Pedestrian -1 -1 -10 1006.000000 164.000000 1115.000000 343.000000 1.785848 0.589188 0.837027 4.171411 1.743478 6.499639 3.124230 0.069268
Pedestrian -1 -1 -10 1052.000000 181.000000 1101.000000 334.000000 1.787201 0.691024 0.684169 4.308401 1.787865 6.785970 3.110873 0.059607
Pedestrian -1 -1 -10 498.000000 164.000000 530.000000 248.000000 1.793063 0.708854 0.847424 -1.612710 1.451297 13.594486 0.960845 0.044890
Pedestrian -1 -1 -10 944.000000 154.000000 1037.000000 352.000000 1.687623 0.542070 0.578982 2.935524 1.341302 5.665884 -1.583826 0.022319
Pedestrian -1 -1 -10 947.000000 170.000000 990.000000 318.000000 1.770865 0.660913 0.663201 3.254295 1.505609 6.554971 -0.658844 0.019274
Pedestrian -1 -1 -10 364.000000 140.000000 519.000000 301.000000 1.786426 0.692240 1.052562 -2.057219 1.382009 8.276145 2.424040 0.010247
Car -1 -1 -10 249.000000 139.000000 537.000000 315.000000 1.843782 1.708141 4.102436 -2.551388 1.315346 9.732388 1.705632 0.729032
Car -1 -1 -10 455.000000 157.000000 561.000000 245.000000 1.671264 1.667456 4.216227 -2.082703 1.025413 15.712122 1.644806 0.150975
Car -1 -1 -10 432.000000 152.000000 526.000000 312.000000 1.639398 1.638310 4.013558 -1.184196 1.319368 9.332547 2.377594 0.070328
Car -1 -1 -10 363.000000 149.000000 533.000000 269.000000 1.674838 1.685485 4.063400 -2.588392 1.206099 10.564386 1.682456 0.025612
Cyclist -1 -1 -10 1049.000000 170.000000 1148.000000 368.000000 1.624223 0.505744 1.767489 4.118906 1.592782 5.756222 2.202569 0.040709
Cyclist -1 -1 -10 1092.000000 186.000000 1220.000000 361.000000 1.601100 0.577746 1.673754 4.173863 1.528626 5.589007 2.695242 0.029322
Cyclist -1 -1 -10 941.000000 147.000000 1128.000000 370.000000 1.658504 0.557336 1.668355 2.221842 1.218160 3.965948 0.971734 0.010116
