Pedestrian -1 -1 -10 211.000000 183.000000 260.000000 297.000000 1.782586 0.727421 0.877839 -5.765803 1.843529 11.124282 1.153444 0.988938
Pedestrian -1 -1 -10 155.000000 191.000000 197.000000 300.000000 1.799445 0.712559 0.649160 -6.714054 1.971284 11.066353 2.044673 0.962633
Pedestrian -1 -1 -10 564.000000 177.000000 572.000000 203.000000 1.730362 0.738037 0.684313 -3.124522 2.112816 52.395674 -1.593448 0.524858
Car -1 -1 -10 727.000000 183.000000 890.000000 302.000000 1.455967 1.565571 3.616374 2.699552 1.648674 10.764970 -1.551934 0.999735
Car -1 -1 -10 659.000000 176.000000 714.000000 221.000000 1.527660 1.562191 3.516619 2.695917 1.653975 26.217419 -1.585171 0.999281
Car -1 -1 -10 463.000000 183.000000 518.000000 225.000000 1.526707 1.626468 3.865431 -4.924685 1.991033 29.847538 1.552118 0.999223
Car -1 -1 -10 330.000000 180.000000 465.000000 272.000000 1.675289 1.670007 3.972295 -4.523673 1.926327 15.790848 -1.548781 0.998517
Car -1 -1 -10 0.000000 211.000000 322.000000 375.000000 1.477097 1.557599 3.701342 -4.260842 1.888150 6.909218 -1.613357 0.993583
Car -1 -1 -10 515.000000 182.000000 545.000000 208.000000 1.537385 1.629492 3.746797 -5.072407 2.147897 45.393404 1.510209 0.966345
Cyclist -1 -1 -10 575.000000 174.000000 586.000000 201.000000 1.744235 0.575573 1.822745 -2.255712 1.809974 52.927532 1.540278 0.168764
Cyclist -1 -1 -10 564.000000 177.000000 572.000000 202.000000 1.667723 0.578577 1.756533 -3.044719 2.008986 52.502803 -1.628007 0.130744
Cyclist -1 -1 -10 147.000000 193.000000 198.000000 307.000000 1.726219 0.791717 1.762668 -6.566590 1.638264 11.103897 2.538105 0.026401
Cyclist -1 -1 -10 209.000000 182.000000 257.000000 299.000000 1.665096 0.689889 1.644938 -5.923566 1.642392 11.328544 1.774344 0.011014
