Pedestrian -1 -1 -10 211.000000 177.000000 254.000000 286.000000 1.724204 0.569339 0.765409 -5.537918 1.582299 10.801683 0.126592 0.789537
Pedestrian -1 -1 -10 719.000000 169.000000 750.000000 258.000000 1.715234 0.520646 0.764826 2.180555 1.617714 12.876201 2.747265 0.511603
Pedestrian -1 -1 -10 755.000000 158.000000 801.000000 269.000000 1.702457 0.541126 0.664530 2.503111 1.528463 11.099675 1.185812 0.278432
Pedestrian -1 -1 -10 228.000000 178.000000 268.000000 290.000000 1.747297 0.604526 0.698737 -5.522153 1.714406 10.826515 0.187496 0.129368
Pedestrian -1 -1 -10 757.000000 165.000000 781.000000 255.000000 1.758577 0.463976 0.688274 2.559303 1.243456 11.601469 0.309366 0.046547
Pedestrian -1 -1 -10 724.000000 167.000000 777.000000 258.000000 1.739552 0.546354 0.763505 2.296642 1.692665 12.908007 1.354848 0.045631
Pedestrian -1 -1 -10 751.000000 177.000000 770.000000 247.000000 1.723326 0.607288 0.595501 3.921894 2.141759 18.372413 -1.906008 0.019440
Pedestrian -1 -1 -10 778.000000 155.000000 800.000000 229.000000 1.693578 0.569238 0.668190 2.741076 1.699822 11.126194 -1.974561 0.016838
Pedestrian -1 -1 -10 763.000000 166.000000 789.000000 232.000000 1.756744 0.464002 0.687925 2.623593 1.241766 11.340429 0.321716 0.016768
Pedestrian -1 -1 -10 753.000000 148.000000 840.000000 285.000000 1.763680 0.563287 0.897614 2.425692 1.720589 10.408151 3.232726 0.014297
Pedestrian -1 -1 -10 213.000000 191.000000 292.000000 271.000000 1.774925 0.684342 0.755085 -8.966709 2.055287 18.460367 -1.688487 0.012485
Pedestrian -1 -1 -10 125.000000 184.000000 306.000000 296.000000 1.777577 0.637205 0.563050 -5.667282 1.814348 10.916801 -2.619568 0.012004
Car -1 -1 -10 598.000000 175.000000 626.000000 201.000000 1.598088 1.659230 4.119121 0.138381 1.818383 46.671389 -1.546499 0.998124
Car -1 -1 -10 1.000000 174.000000 377.000000 373.000000 1.494694 1.632779 3.834221 -2.656807 1.588474 3.622813 -1.585986 0.988350
Car -1 -1 -10 417.000000 184.000000 462.000000 212.000000 1.504737 1.644538 3.752519 -9.708724 2.136191 41.277282 1.578464 0.978460
Car -1 -1 -10 2.000000 166.000000 94.000000 204.000000 1.723783 1.641803 4.162519 -30.498882 1.758770 39.138418 -1.646216 0.103298
Car -1 -1 -10 125.000000 184.000000 306.000000 296.000000 1.532228 1.422245 2.935600 -6.872103 1.705798 14.187792 -2.090563 0.067158
Car -1 -1 -10 0.000000 165.000000 102.000000 249.000000 1.720859 1.666681 4.209955 -27.008757 2.689081 34.554206 -2.898290 0.012501
Cyclist -1 -1 -10 750.000000 148.000000 909.000000 291.000000 1.786440 0.691560 1.805653 2.681740 1.425178 9.635773 -2.830082 0.999818
Cyclist -1 -1 -10 746.000000 152.000000 830.000000 280.000000 1.769771 0.486985 1.728100 2.470082 1.390527 11.382862 -0.898473 0.950170
Cyclist -1 -1 -10 927.000000 174.000000 977.000000 232.000000 1.675807 0.762964 1.779828 7.569748 1.753502 15.956993 1.468071 0.862025
Cyclist -1 -1 -10 759.000000 159.000000 800.000000 273.000000 1.752803 0.465556 1.715027 2.644929 1.475963 11.725401 -0.889293 0.551825
Cyclist -1 -1 -10 724.000000 168.000000 770.000000 259.000000 1.707431 0.548921 1.741662 2.170558 1.568438 12.946696 1.344664 0.343915
Cyclist -1 -1 -10 201.000000 181.000000 281.000000 287.000000 1.752430 0.639255 1.714637 -5.451224 1.577978 10.978929 0.172828 0.237956
Cyclist -1 -1 -10 746.000000 176.000000 765.000000 253.000000 1.713643 0.482508 1.718617 3.165840 2.259033 14.654266 -0.720800 0.161399
Cyclist -1 -1 -10 752.000000 169.000000 775.000000 256.000000 1.742035 0.523164 1.634078 2.718242 1.748222 12.442527 -1.916441 0.086435
Cyclist -1 -1 -10 131.000000 183.000000 303.000000 294.000000 1.757258 0.520014 1.373673 -6.164929 1.917554 11.869060 1.676359 0.066670
Cyclist -1 -1 -10 764.000000 164.000000 806.000000 226.000000 1.683494 0.520403 1.614555 8.125682 1.189360 36.278473 -1.368407 0.023233
Cyclist -1 -1 -10 718.000000 171.000000 749.000000 252.000000 1.663415 0.540313 1.681894 2.172472 1.593129 12.890760 -1.548797 0.018247
