Car -1 -1 -10 629.000000 180.000000 692.000000 227.000000 1.403532 1.617060 3.893295 1.687781 1.783057 25.159819 -1.649591 0.999435
Car -1 -1 -10 820.000000 169.000000 1144.000000 312.000000 1.459315 1.605333 4.040888 5.502505 1.718164 9.704412 -0.026266 0.995212
Car -1 -1 -10 978.000000 188.000000 1234.000000 374.000000 1.594227 1.603675 3.993941 5.817357 1.676282 6.837976 3.112435 0.991806
Car -1 -1 -10 265.000000 182.000000 434.000000 240.000000 1.470148 1.588397 3.844953 -7.009692 1.784024 19.339331 -3.187400 0.977341
Car -1 -1 -10 613.000000 176.000000 648.000000 205.000000 1.535538 1.619615 3.911978 1.191717 1.847141 40.465218 -1.567413 0.921068
Car -1 -1 -10 -4.000000 156.000000 224.000000 345.000000 1.697010 1.612371 4.101013 -7.029467 1.545440 8.145455 -0.054557 0.476600
Car -1 -1 -10 448.000000 180.000000 500.000000 209.000000 1.524931 1.654762 3.858185 -7.221637 2.101510 37.113755 -1.770474 0.428080
Car -1 -1 -10 346.000000 184.000000 457.000000 234.000000 1.510302 1.598167 3.874568 -7.026375 1.803050 22.234610 -3.008869 0.083344
Car -1 -1 -10 0.000000 155.000000 58.000000 371.000000 1.522340 1.628595 3.921626 -6.905254 1.866659 7.182372 -2.208996 0.015856
Car -1 -1 -10 397.000000 182.000000 467.000000 249.000000 1.574716 1.621278 3.835651 -5.988101 1.939519 20.561357 1.480643 0.015670
Cyclist -1 -1 -10 417.000000 178.000000 469.000000 267.000000 1.694544 0.554259 1.743338 -3.367728 1.809742 14.523387 1.553866 0.997937
Cyclist -1 -1 -10 426.000000 183.000000 475.000000 227.000000 1.704322 0.369524 1.289722 -4.386094 2.228330 19.700869 -1.806049 0.104492
Cyclist -1 -1 -10 344.000000 182.000000 473.000000 245.000000 1.748403 0.803235 1.724002 -5.829150 1.776434 18.876867 2.826051 0.098608
Cyclist -1 -1 -10 435.000000 181.000000 491.000000 211.000000 1.797970 0.776145 1.752138 -6.411224 1.728808 32.287845 -3.007174 0.018893
