Car -1 -1 -10 367.000000 196.000000 492.000000 263.000000 1.399711 1.597280 3.857142 -4.449901 1.926056 16.775750 -2.177780 0.999496
Car -1 -1 -10 256.000000 188.000000 317.000000 226.000000 1.488839 1.625365 3.880618 -13.303018 2.026499 29.212033 -2.136754 0.999257
Car -1 -1 -10 30.000000 189.000000 88.000000 224.000000 1.543640 1.623771 3.808068 -28.955806 2.524056 37.421313 0.933643 0.997611
Car -1 -1 -10 858.000000 172.000000 980.000000 236.000000 1.455223 1.648141 4.087321 7.169655 1.403842 17.111474 1.730974 0.997369
Car -1 -1 -10 237.000000 187.000000 289.000000 220.000000 1.517664 1.590965 3.835325 -16.570694 2.114385 34.012252 -2.133266 0.980324
Car -1 -1 -10 758.000000 172.000000 846.000000 232.000000 1.491600 1.589658 3.625780 5.036441 1.465386 18.555984 1.810603 0.968041
Car -1 -1 -10 437.000000 175.000000 529.000000 211.000000 1.498444 1.635759 3.893842 -5.847567 1.653948 33.018903 -3.090728 0.863870
Car -1 -1 -10 491.000000 158.000000 801.000000 324.000000 2.012302 1.740977 4.330799 0.168588 1.899933 10.472360 -2.177315 0.491197
Car -1 -1 -10 384.000000 180.000000 470.000000 212.000000 1.533392 1.635098 3.874969 -10.025849 1.843297 37.943601 -3.120635 0.222961
Car -1 -1 -10 934.000000 162.000000 1130.000000 225.000000 1.457106 1.558288 4.040023 11.055150 1.463128 18.655007 1.463591 0.204243
Car -1 -1 -10 61.000000 189.000000 99.000000 216.000000 1.474565 1.561729 3.614821 -31.129681 2.773168 42.156057 0.410252 0.138829
Car -1 -1 -10 815.000000 172.000000 892.000000 221.000000 1.533555 1.626133 3.960943 9.569788 1.373982 28.413167 0.915445 0.067088
