Pedestrian -1 -1 -10 245.000000 182.000000 263.000000 216.000000 1.742947 0.457172 0.663599 -7.575777 2.015571 15.324997 -0.349543 0.749109
Pedestrian -1 -1 -10 270.000000 181.000000 284.000000 215.000000 1.804615 0.653747 0.669541 -18.697312 2.518117 40.967770 1.651670 0.510720
Pedestrian -1 -1 -10 258.000000 182.000000 289.000000 218.000000 1.795011 0.471431 0.678003 -4.161377 1.422879 9.267226 -0.389534 0.028683
Pedestrian -1 -1 -10 244.000000 183.000000 278.000000 220.000000 1.792321 0.534713 0.810544 -15.799662 2.637884 32.191037 0.167396 0.019979
Pedestrian -1 -1 -10 226.000000 189.000000 287.000000 228.000000 1.744904 0.633402 0.908238 -15.743059 2.829188 31.823754 -0.247877 0.016219
Car -1 -1 -10 596.000000 173.000000 631.000000 203.000000 1.561786 1.683955 4.183783 0.289187 1.651164 43.359722 -1.554708 0.999285
Car -1 -1 -10 85.000000 196.000000 219.000000 258.000000 1.494956 1.543913 3.527902 -12.681822 2.194597 20.412900 1.586234 0.999235
Car -1 -1 -10 222.000000 193.000000 293.000000 229.000000 1.524343 1.592235 3.850123 -16.240992 2.555701 33.436841 1.563441 0.993668
Car -1 -1 -10 1.000000 202.000000 49.000000 264.000000 1.507990 1.611173 3.746183 -18.159594 2.590467 20.925235 -3.144289 0.011043
Car -1 -1 -10 248.000000 184.000000 291.000000 219.000000 1.458284 1.600385 3.797788 -16.272619 2.432726 33.519671 1.547138 0.010751
Cyclist -1 -1 -10 226.000000 189.000000 287.000000 228.000000 1.709760 0.728672 1.809481 -15.987020 2.791343 32.384598 2.598742 0.012750
Cyclist -1 -1 -10 268.000000 182.000000 288.000000 217.000000 1.657154 0.625325 1.649723 -18.932422 2.289124 41.083235 2.641273 0.010903
