Pedestrian -1 -1 -10 731.000000 172.000000 791.000000 348.000000 1.704385 0.619617 0.609854 1.481640 1.680876 7.276361 0.746422 0.993718
Pedestrian -1 -1 -10 382.000000 194.000000 415.000000 268.000000 1.754322 0.725038 0.793409 -4.008266 2.252131 13.914141 -0.217275 0.175353
Pedestrian -1 -1 -10 727.000000 184.000000 783.000000 272.000000 1.697820 0.545476 0.581676 4.483154 2.172849 23.037483 0.791918 0.080342
Car -1 -1 -10 748.000000 184.000000 1005.000000 373.000000 1.508207 1.619214 3.825311 2.496628 1.616051 7.049592 0.182940 0.999228
Car -1 -1 -10 326.000000 195.000000 450.000000 266.000000 1.443142 1.614563 3.945295 -5.073369 1.904847 15.693491 -1.716155 0.974167
Car -1 -1 -10 726.000000 182.000000 776.000000 230.000000 1.454091 1.589000 3.866979 5.122620 1.766827 24.775235 -1.433446 0.765451
Car -1 -1 -10 714.000000 172.000000 752.000000 210.000000 1.670567 1.673773 4.007468 7.666207 1.775014 40.732839 0.167718 0.316535
Car -1 -1 -10 727.000000 182.000000 795.000000 304.000000 1.516896 1.561652 3.361398 1.889742 1.481054 7.730080 0.325440 0.083212
Car -1 -1 -10 730.000000 192.000000 861.000000 345.000000 1.509200 1.597466 3.870426 2.939313 1.713433 6.901602 -0.149530 0.017492
Car -1 -1 -10 820.000000 190.000000 874.000000 228.000000 1.501177 1.615863 3.928573 11.877085 1.831329 35.720271 -1.910776 0.013148
Cyclist -1 -1 -10 727.000000 182.000000 795.000000 304.000000 1.636826 0.673231 1.713090 1.667591 1.554074 7.175602 0.651289 0.197947
Cyclist -1 -1 -10 865.000000 188.000000 887.000000 231.000000 1.653538 0.552889 1.699167 9.570456 1.647746 26.414134 0.377435 0.022671
Cyclist -1 -1 -10 724.000000 180.000000 780.000000 243.000000 1.656879 0.557776 1.775055 4.321388 1.777251 23.412100 2.776193 0.022041
