Car -1 -1 -10 531.000000 166.000000 601.000000 226.000000 1.802487 1.652099 3.988063 -1.384367 1.664552 24.064406 1.650475 0.999045
Car -1 -1 -10 712.000000 169.000000 776.000000 229.000000 1.750565 1.650190 3.815497 4.238582 1.697685 23.318276 -1.530593 0.997650
Car -1 -1 -10 367.000000 175.000000 510.000000 229.000000 1.474388 1.623658 3.987994 -4.897851 1.578559 20.229127 -3.057385 0.995202
Car -1 -1 -10 829.000000 201.000000 1237.000000 373.000000 1.476801 1.632781 3.972865 2.904831 1.794507 5.134108 1.603621 0.991099
Car -1 -1 -10 581.000000 171.000000 626.000000 211.000000 1.568110 1.630741 3.964302 -0.437993 1.670904 32.654043 1.672692 0.988811
Car -1 -1 -10 596.000000 166.000000 640.000000 202.000000 1.673238 1.625145 3.980844 0.452956 1.338231 38.858051 1.694807 0.606306
Car -1 -1 -10 613.000000 169.000000 647.000000 197.000000 1.634299 1.625032 3.978187 0.878585 1.368660 43.358487 1.757408 0.071634
Car -1 -1 -10 902.000000 208.000000 1183.000000 306.000000 1.519131 1.536927 3.563877 2.671498 2.015936 4.989490 1.625665 0.014296
Cyclist -1 -1 -10 884.000000 201.000000 935.000000 250.000000 1.740936 0.419488 1.118040 7.939827 2.020285 19.154655 -0.554650 0.022348
Cyclist -1 -1 -10 884.000000 201.000000 905.000000 250.000000 1.712331 0.522241 1.569305 6.046153 1.532577 16.170325 -1.276806 0.019467
