Pedestrian -1 -1 -10 0.000000 142.000000 54.000000 318.000000 1.729033 0.625053 0.688708 -5.748718 1.694051 6.876768 -2.836724 0.011638
Car -1 -1 -10 12.000000 138.000000 273.000000 242.000000 1.590892 1.642163 3.890370 -7.820693 1.058847 12.273969 -0.111375 0.999746
Car -1 -1 -10 761.000000 159.000000 1042.000000 264.000000 1.526609 1.630055 3.823142 4.433336 1.317160 11.157364 -0.102205 0.997446
Car -1 -1 -10 673.000000 151.000000 791.000000 204.000000 1.524900 1.626998 3.676097 3.975572 0.940631 21.946669 -0.096364 0.989619
Car -1 -1 -10 272.000000 146.000000 420.000000 199.000000 1.581468 1.663571 4.041819 -8.376503 0.808562 22.746527 -3.194900 0.978642
Car -1 -1 -10 110.000000 145.000000 342.000000 228.000000 1.526037 1.632955 4.013976 -7.913192 1.127557 14.755534 -3.194296 0.977941
Car -1 -1 -10 325.000000 140.000000 425.000000 187.000000 1.542877 1.536522 3.624582 -8.224214 0.539265 25.227951 -3.330207 0.642695
Car -1 -1 -10 215.000000 152.000000 386.000000 209.000000 1.515926 1.472254 3.530770 -6.386253 1.738624 18.156646 1.753730 0.186957
Car -1 -1 -10 0.000000 143.000000 53.000000 318.000000 1.536398 1.620529 4.046258 -7.139580 1.385895 5.918843 -3.194983 0.055250
Car -1 -1 -10 660.000000 155.000000 745.000000 197.000000 1.481041 1.554123 3.685396 3.418049 0.882283 24.625275 -0.197770 0.018512
