Car -1 -1 -10 143.000000 200.000000 339.000000 301.000000 1.487288 1.603256 3.805913 -6.231435 1.981133 12.633083 1.566035 0.999541
Car -1 -1 -10 679.000000 180.000000 763.000000 240.000000 1.494144 1.624869 3.953838 2.866464 1.694620 19.281385 -1.556121 0.999108
Car -1 -1 -10 460.000000 184.000000 507.000000 216.000000 1.515542 1.581549 3.845622 -6.058113 2.097484 34.778447 1.593480 0.997454
Car -1 -1 -10 966.000000 156.000000 1240.000000 257.000000 1.558013 1.644728 4.022312 8.192268 1.364659 12.083623 3.160095 0.995208
Car -1 -1 -10 364.000000 184.000000 461.000000 241.000000 1.489160 1.650843 4.153798 -6.346992 1.924095 22.228670 1.756409 0.962838
Car -1 -1 -10 0.000000 224.000000 131.000000 370.000000 1.514199 1.575430 3.810717 -3.805675 1.826473 2.728314 1.551337 0.937662
Car -1 -1 -10 804.000000 160.000000 989.000000 217.000000 1.576247 1.656569 4.112547 8.101259 1.224833 21.386512 3.134787 0.852344
Car -1 -1 -10 480.000000 184.000000 518.000000 211.000000 1.512260 1.650383 3.995214 -6.155161 2.176305 40.591560 1.587388 0.381974
Car -1 -1 -10 880.000000 157.000000 1133.000000 236.000000 1.684967 1.659394 3.999742 8.089846 1.244816 15.340840 3.139128 0.268628
Car -1 -1 -10 703.000000 166.000000 779.000000 195.000000 1.559934 1.650011 4.069291 8.881267 1.225993 47.531892 0.196889 0.030164
Car -1 -1 -10 1199.000000 140.000000 1240.000000 194.000000 1.518856 1.631001 3.828483 22.437331 0.636774 24.348850 0.054868 0.025013
Cyclist -1 -1 -10 0.000000 202.000000 138.000000 375.000000 1.669766 0.701270 1.746818 -3.349597 1.837208 3.836868 1.609046 0.011432
