Car -1 -1 -10 696.000000 187.000000 803.000000 264.000000 1.442550 1.557186 3.626670 2.858878 1.775695 15.508933 -1.567045 0.998499
Car -1 -1 -10 70.000000 189.000000 386.000000 290.000000 1.507817 1.629757 4.082393 -6.098417 1.782673 12.141027 0.034432 0.997060
Car -1 -1 -10 750.000000 176.000000 917.000000 237.000000 1.594290 1.648871 3.915971 6.474491 1.705238 20.601121 0.082185 0.994330
Car -1 -1 -10 163.000000 181.000000 443.000000 264.000000 1.508883 1.531117 3.816760 -6.056808 1.660763 14.988314 -0.075549 0.970603
Car -1 -1 -10 354.000000 179.000000 484.000000 227.000000 1.538719 1.593094 3.874630 -6.488299 1.722162 23.476020 -3.188453 0.970337
Car -1 -1 -10 283.000000 181.000000 456.000000 245.000000 1.584714 1.598772 3.763847 -5.907390 1.729886 18.959025 0.577303 0.966114
Car -1 -1 -10 -6.000000 194.000000 196.000000 338.000000 1.508189 1.570621 3.771874 -6.833681 1.753588 8.140309 -3.148766 0.921528
Car -1 -1 -10 402.000000 178.000000 506.000000 218.000000 1.544564 1.602068 3.853783 -6.359554 1.762451 30.245915 -3.238624 0.646878
Car -1 -1 -10 694.000000 177.000000 760.000000 211.000000 1.544136 1.551985 3.857085 5.827486 1.864779 34.124794 2.928309 0.557509
Car -1 -1 -10 438.000000 179.000000 538.000000 211.000000 1.464061 1.629287 4.095681 -5.548108 1.815270 33.952288 -2.330728 0.322958
Car -1 -1 -10 730.000000 180.000000 798.000000 220.000000 1.522809 1.463773 3.138983 6.098401 1.526328 29.422638 1.706598 0.199214
