Pedestrian -1 -1 -10 814.000000 178.000000 824.000000 223.000000 1.769005 0.462172 0.681715 3.735944 1.378294 12.760593 0.368470 0.052003
Pedestrian -1 -1 -10 810.000000 183.000000 828.000000 230.000000 1.715109 0.605198 0.652369 4.714742 1.542514 16.471383 -0.751122 0.013151
Car -1 -1 -10 477.000000 187.000000 539.000000 228.000000 1.492857 1.578192 3.623593 -3.913889 2.090151 27.936280 1.646372 0.999372
Car -1 -1 -10 778.000000 192.000000 965.000000 300.000000 1.414400 1.621152 3.862462 4.027552 1.786365 12.067455 -1.539679 0.997184
Car -1 -1 -10 734.000000 184.000000 848.000000 253.000000 1.530750 1.583382 3.643552 4.209278 1.831975 17.927323 -1.612163 0.994210
Car -1 -1 -10 716.000000 185.000000 783.000000 236.000000 1.453232 1.595854 3.903769 4.425920 1.910169 23.158426 -1.502924 0.991249
Car -1 -1 -10 701.000000 183.000000 752.000000 224.000000 1.486304 1.597128 3.672866 4.611297 1.963859 28.517073 -1.521192 0.982068
Car -1 -1 -10 511.000000 186.000000 557.000000 220.000000 1.604704 1.593014 3.945427 -3.743905 2.008773 32.826715 1.620499 0.915224
Car -1 -1 -10 689.000000 183.000000 732.000000 216.000000 1.600812 1.599348 3.759690 4.838659 2.033020 33.581526 -1.507208 0.893747
Car -1 -1 -10 870.000000 167.000000 1240.000000 366.000000 1.689335 1.667507 4.102848 3.802519 1.739381 6.125582 -1.531414 0.706395
Car -1 -1 -10 534.000000 187.000000 570.000000 214.000000 1.558770 1.650936 4.022539 -3.231524 2.258722 39.234562 1.604868 0.249838
