Pedestrian -1 -1 -10 832.000000 157.000000 858.000000 214.000000 1.686731 0.501114 0.599531 2.491627 1.511837 8.353351 2.889460 0.059890
Pedestrian -1 -1 -10 846.000000 151.000000 868.000000 219.000000 1.729867 0.541355 0.564236 5.095464 1.677136 15.341076 3.306747 0.030221
Car -1 -1 -10 644.000000 176.000000 690.000000 214.000000 1.449754 1.603808 3.937088 2.330532 1.639874 30.854057 -1.600058 0.999352
Car -1 -1 -10 147.000000 191.000000 421.000000 350.000000 1.485988 1.671318 4.162128 -3.777309 1.806998 9.206294 1.544533 0.995525
Car -1 -1 -10 377.000000 187.000000 485.000000 260.000000 1.479470 1.524550 3.624252 -4.038691 1.887782 16.848318 1.585012 0.995239
Car -1 -1 -10 771.000000 158.000000 929.000000 213.000000 1.702694 1.745759 4.406844 8.022605 1.354210 23.885786 3.230383 0.989880
Car -1 -1 -10 -2.000000 208.000000 254.000000 354.000000 1.441815 1.602851 3.799477 -6.746321 1.964070 9.369039 1.601555 0.944573
Car -1 -1 -10 440.000000 180.000000 493.000000 222.000000 1.648278 1.699319 4.047911 -6.745850 1.911399 35.247774 1.595956 0.323258
Car -1 -1 -10 733.000000 162.000000 831.000000 199.000000 1.544738 1.614560 4.144075 7.804226 1.240585 33.169790 3.017916 0.192914
Car -1 -1 -10 371.000000 187.000000 449.000000 230.000000 1.464449 1.524658 3.864160 -6.737269 2.114585 23.896616 1.747562 0.068399
Car -1 -1 -10 924.000000 152.000000 1008.000000 178.000000 1.435721 1.592133 3.446303 6.755737 1.134279 13.491787 1.133206 0.038260
