Car -1 -1 -10 678.000000 172.000000 783.000000 256.000000 1.706876 1.698281 4.101291 2.652726 1.741853 16.843059 -1.618215 0.998111
Car -1 -1 -10 315.000000 168.000000 476.000000 234.000000 1.646715 1.625777 3.933183 -6.804797 1.658542 21.278331 -3.098432 0.991986
Car -1 -1 -10 148.000000 182.000000 417.000000 266.000000 1.563596 1.571445 3.953668 -6.204913 1.724033 14.160768 0.037250 0.990470
Car -1 -1 -10 258.000000 181.000000 437.000000 242.000000 1.473062 1.581041 3.895718 -6.679554 1.643645 18.113612 -2.640809 0.974725
Car -1 -1 -10 64.000000 180.000000 333.000000 288.000000 1.494164 1.618626 3.850210 -6.605914 1.668608 11.614537 -3.100690 0.959752
Car -1 -1 -10 659.000000 179.000000 719.000000 229.000000 1.555827 1.615455 3.937218 2.649820 1.861460 27.996347 -1.577280 0.876271
Car -1 -1 -10 366.000000 171.000000 506.000000 219.000000 1.672238 1.619093 3.624386 -5.897535 1.459265 26.145953 -1.455367 0.530355
Car -1 -1 -10 637.000000 178.000000 674.000000 206.000000 1.479855 1.545662 3.813223 2.347369 1.799399 39.802301 -1.564635 0.436842
Car -1 -1 -10 423.000000 174.000000 527.000000 208.000000 1.527103 1.634064 3.955653 -6.799097 1.830571 38.253743 0.346357 0.282606
Car -1 -1 -10 10.000000 188.000000 238.000000 353.000000 1.519492 1.592755 3.780458 -5.463140 1.869298 8.838687 0.383387 0.194547
