Car -1 -1 -10 727.000000 174.000000 936.000000 315.000000 1.582279 1.646865 3.947148 2.947064 1.651158 10.543927 -1.606336 0.999377
Car -1 -1 -10 290.000000 182.000000 455.000000 249.000000 1.552343 1.588191 3.883519 -5.791894 1.785849 17.859793 0.102588 0.988073
Car -1 -1 -10 700.000000 176.000000 768.000000 206.000000 1.483074 1.573517 3.673535 6.114443 1.653546 35.849878 -2.091949 0.987026
Car -1 -1 -10 72.000000 174.000000 379.000000 280.000000 1.669898 1.655078 3.948111 -6.057177 1.537325 12.470664 -0.477991 0.921560
Car -1 -1 -10 378.000000 177.000000 478.000000 221.000000 1.523282 1.658728 4.022824 -6.993593 1.504205 27.963506 -2.985722 0.915521
Car -1 -1 -10 219.000000 174.000000 396.000000 263.000000 1.785717 1.646559 4.099496 -6.174823 1.860697 13.709660 1.678498 0.215364
Car -1 -1 -10 415.000000 173.000000 502.000000 213.000000 1.537776 1.639326 4.143258 -6.523730 1.591100 31.183023 -3.076155 0.178663
Car -1 -1 -10 -2.000000 181.000000 251.000000 357.000000 1.543454 1.614145 3.814631 -4.023289 1.468146 4.723863 1.595297 0.154250
Car -1 -1 -10 460.000000 175.000000 525.000000 201.000000 1.550149 1.662346 3.982713 -6.433497 1.744707 44.541908 -1.810624 0.022684
Car -1 -1 -10 1.000000 179.000000 204.000000 276.000000 1.495158 1.562918 3.726578 -5.835809 1.443924 11.706050 0.328526 0.022345
