Car -1 -1 -10 737.000000 176.000000 1039.000000 360.000000 1.468514 1.642152 4.138253 2.559999 1.569425 8.015604 -1.602525 0.999768
Car -1 -1 -10 386.000000 179.000000 510.000000 269.000000 1.561716 1.677153 4.001763 -3.302204 1.721525 15.358002 -1.570758 0.998885
Car -1 -1 -10 693.000000 176.000000 798.000000 252.000000 1.474946 1.610241 3.873715 2.875520 1.589168 16.044532 -1.579510 0.998525
Car -1 -1 -10 660.000000 176.000000 718.000000 225.000000 1.500683 1.574576 3.717085 2.563757 1.610667 24.353396 -1.591504 0.997849
Car -1 -1 -10 638.000000 177.000000 682.000000 209.000000 1.523562 1.614168 3.977993 2.291883 1.689062 34.887055 -1.460416 0.992511
Car -1 -1 -10 969.000000 190.000000 1241.000000 369.000000 1.533974 1.610363 3.782647 2.692589 1.612786 2.264149 -1.505964 0.984240
Car -1 -1 -10 464.000000 181.000000 529.000000 230.000000 1.489378 1.621809 3.940845 -3.864872 1.886898 25.084792 1.549315 0.971254
Car -1 -1 -10 651.000000 177.000000 697.000000 216.000000 1.541483 1.611531 3.852319 2.482325 1.756383 34.711138 -1.540333 0.111855
Car -1 -1 -10 484.000000 175.000000 528.000000 213.000000 1.538678 1.601669 3.596804 -5.396977 1.560158 34.363117 -1.714262 0.095684
Cyclist -1 -1 -10 957.000000 184.000000 1253.000000 373.000000 1.662436 0.671867 1.759036 2.425024 1.681943 2.812011 -1.604950 0.022635
