Car -1 -1 -10 573.000000 175.000000 612.000000 210.000000 1.499690 1.619332 3.574444 -0.749571 1.088294 34.838807 -1.584832 0.999601
Car -1 -1 -10 61.000000 186.000000 369.000000 337.000000 1.488594 1.611211 3.959541 -4.624831 1.574327 9.213504 -1.563194 0.999332
Car -1 -1 -10 376.000000 185.000000 474.000000 247.000000 1.455581 1.597445 3.764831 -4.558074 1.453960 18.521264 -1.585807 0.998944
Car -1 -1 -10 6.000000 176.000000 180.000000 251.000000 1.511237 1.623120 3.896703 -12.163164 1.400864 17.539033 -1.596529 0.986326
Car -1 -1 -10 323.000000 180.000000 398.000000 222.000000 1.456763 1.607497 3.795165 -9.116444 1.321572 26.494811 -1.567075 0.977004
Car -1 -1 -10 422.000000 179.000000 490.000000 225.000000 1.519735 1.643280 3.861971 -5.459294 1.349492 26.540913 -1.595328 0.953584
Car -1 -1 -10 402.000000 172.000000 453.000000 206.000000 1.544404 1.644170 3.861865 -9.101562 0.689851 36.837824 -1.694481 0.283921
Car -1 -1 -10 536.000000 166.000000 562.000000 192.000000 1.479975 1.633367 3.582753 -0.606117 0.929807 9.463182 -0.167928 0.056218
Car -1 -1 -10 106.000000 197.000000 218.000000 250.000000 1.582660 1.704849 4.211142 -12.132266 1.498814 16.543853 1.640478 0.013063
Car -1 -1 -10 0.000000 193.000000 31.000000 319.000000 1.512834 1.611480 3.932939 -9.000440 1.727248 8.214099 -3.083746 0.011086
