Pedestrian -1 -1 -10 731.000000 157.000000 742.000000 203.000000 1.788407 0.746016 0.748660 5.748957 1.045926 32.858748 -1.247374 0.207248
Pedestrian -1 -1 -10 726.000000 163.000000 750.000000 199.000000 1.799160 0.771008 0.901685 5.698265 1.104654 32.615648 -2.897414 0.021207
Pedestrian -1 -1 -10 721.000000 162.000000 730.000000 203.000000 1.761744 0.677857 0.666774 5.298781 1.135698 33.215769 -1.475472 0.018965
Car -1 -1 -10 96.000000 192.000000 366.000000 312.000000 1.481949 1.628243 4.072001 -5.631536 1.878846 11.332770 1.670003 0.999376
Car -1 -1 -10 739.000000 177.000000 922.000000 287.000000 1.479174 1.640493 4.032230 3.286551 1.543165 11.727221 -1.603035 0.998809
Car -1 -1 -10 686.000000 174.000000 765.000000 231.000000 1.469673 1.591740 3.653082 3.094206 1.506397 20.139516 -1.586170 0.998198
Car -1 -1 -10 420.000000 174.000000 485.000000 223.000000 1.530596 1.567990 3.662261 -5.756473 1.753411 26.263783 1.589022 0.996559
Car -1 -1 -10 848.000000 175.000000 1234.000000 375.000000 1.444932 1.544901 3.646812 3.339145 1.558162 5.824105 1.509929 0.996214
Car -1 -1 -10 669.000000 173.000000 730.000000 214.000000 1.528439 1.562978 3.638404 3.167744 1.521791 25.449254 -1.650023 0.945216
Car -1 -1 -10 456.000000 176.000000 506.000000 214.000000 1.513416 1.588142 3.766113 -5.607477 1.753372 31.383240 1.555842 0.846624
Car -1 -1 -10 190.000000 182.000000 304.000000 222.000000 1.528533 1.569206 3.675046 -12.073520 1.773122 26.974204 0.638769 0.086496
