Pedestrian -1 -1 -10 801.000000 154.000000 834.000000 244.000000 1.812478 0.750534 1.018681 4.682867 1.344383 16.753266 -1.382559 0.923906
Pedestrian -1 -1 -10 832.000000 146.000000 865.000000 270.000000 1.691011 0.510662 0.471089 5.317394 1.466330 16.155709 0.934755 0.224884
Pedestrian -1 -1 -10 751.000000 180.000000 870.000000 281.000000 1.748265 0.811864 0.963531 2.762568 1.832698 10.600624 -0.767809 0.064171
Pedestrian -1 -1 -10 800.000000 154.000000 873.000000 262.000000 1.779023 0.700012 0.589498 3.385890 1.631963 11.718070 -1.255889 0.035896
Pedestrian -1 -1 -10 819.000000 149.000000 853.000000 277.000000 1.744999 0.544019 0.552948 4.307304 1.734631 14.261097 3.259103 0.017488
Pedestrian -1 -1 -10 787.000000 167.000000 853.000000 236.000000 1.791326 0.697425 0.723349 4.736722 1.249684 16.571335 -2.679995 0.013639
Car -1 -1 -10 795.000000 182.000000 1187.000000 371.000000 1.473382 1.563256 3.526524 2.982391 1.557438 6.476343 -1.670971 0.998905
Car -1 -1 -10 158.000000 194.000000 341.000000 298.000000 1.503491 1.558874 3.701555 -5.974992 1.902683 12.256082 1.516187 0.998092
Car -1 -1 -10 733.000000 184.000000 888.000000 280.000000 1.426436 1.581841 3.752630 3.170466 1.573797 12.261538 -1.631221 0.991407
Car -1 -1 -10 0.000000 197.000000 200.000000 374.000000 1.513345 1.581510 3.846110 -5.973555 1.873613 7.282490 1.564866 0.930396
Car -1 -1 -10 312.000000 175.000000 421.000000 219.000000 1.702670 1.701787 4.138450 -12.144846 2.047242 36.651459 -3.110597 0.475175
Car -1 -1 -10 276.000000 184.000000 327.000000 212.000000 1.496753 1.597140 3.756681 -19.707998 2.310271 46.082936 0.804929 0.216457
Car -1 -1 -10 784.000000 166.000000 860.000000 263.000000 1.488161 1.520844 3.594587 4.558486 1.049953 16.613188 1.954614 0.015163
Car -1 -1 -10 1001.000000 157.000000 1102.000000 185.000000 1.482937 1.582607 3.613767 20.802338 0.616154 37.705154 -1.677345 0.011844
Cyclist -1 -1 -10 971.000000 167.000000 1101.000000 246.000000 1.633327 0.671996 1.814768 12.093434 1.261693 20.705759 3.164903 0.558314
Cyclist -1 -1 -10 1006.000000 151.000000 1055.000000 259.000000 1.666428 0.606652 1.646104 11.832794 1.258004 20.762296 0.039778 0.196356
Cyclist -1 -1 -10 755.000000 182.000000 802.000000 223.000000 1.707476 0.533442 1.598226 8.972929 1.853913 37.127872 -1.855416 0.041071
Cyclist -1 -1 -10 738.000000 183.000000 882.000000 278.000000 1.736977 0.774042 1.838736 2.844104 1.683910 10.898513 -1.877867 0.026611
Cyclist -1 -1 -10 776.000000 177.000000 797.000000 223.000000 1.704996 0.571572 1.645557 9.409236 1.875006 36.751414 -1.939023 0.012900
Cyclist -1 -1 -10 800.000000 155.000000 834.000000 235.000000 1.693730 0.875249 1.723054 4.783177 1.095552 16.924064 3.053313 0.011008
