Pedestrian -1 -1 -10 672.000000 174.000000 691.000000 228.000000 1.703275 0.595925 0.817159 1.939139 1.624892 19.867408 -0.914559 0.215849
Pedestrian -1 -1 -10 687.000000 169.000000 718.000000 238.000000 1.696242 0.577219 0.670716 2.231841 1.613837 18.098489 1.114653 0.125706
Pedestrian -1 -1 -10 690.000000 163.000000 744.000000 241.000000 1.772366 0.585816 0.889677 2.346814 1.825590 17.741277 2.853037 0.034607
Pedestrian -1 -1 -10 676.000000 174.000000 706.000000 229.000000 1.760316 0.578212 0.557807 1.926912 1.885183 19.723748 -1.195429 0.026037
Pedestrian -1 -1 -10 369.000000 176.000000 379.000000 214.000000 1.779923 0.499599 0.643939 -8.555014 1.883552 25.569147 2.711062 0.020092
Pedestrian -1 -1 -10 709.000000 162.000000 733.000000 234.000000 1.701512 0.610330 0.752883 2.696063 1.420243 16.483194 1.180726 0.017117
Car -1 -1 -10 308.000000 180.000000 501.000000 318.000000 1.604941 1.686044 3.963371 -2.848104 1.734207 10.559727 -1.565190 0.999527
Car -1 -1 -10 0.000000 200.000000 157.000000 279.000000 1.472170 1.566071 3.825760 -12.328268 2.211536 16.839641 1.553469 0.998425
Car -1 -1 -10 590.000000 176.000000 617.000000 204.000000 1.503983 1.631768 3.942634 -0.553570 1.832740 46.711834 -1.582960 0.997440
Car -1 -1 -10 347.000000 184.000000 445.000000 225.000000 1.512325 1.623028 3.792501 -6.249197 1.432457 19.136423 1.767139 0.012817
Cyclist -1 -1 -10 687.000000 163.000000 769.000000 243.000000 1.801725 0.669878 1.807997 2.605865 1.631248 16.661706 -2.512729 0.999686
Cyclist -1 -1 -10 683.000000 168.000000 727.000000 240.000000 1.729305 0.502959 1.690285 2.340970 1.643267 18.508250 2.381290 0.976181
Cyclist -1 -1 -10 675.000000 172.000000 705.000000 232.000000 1.754051 0.597987 1.728175 2.100884 1.611405 18.576551 -1.417941 0.758412
Cyclist -1 -1 -10 672.000000 174.000000 690.000000 229.000000 1.690076 0.490658 1.728945 1.956177 1.634590 20.068422 -1.685177 0.475706
Cyclist -1 -1 -10 826.000000 183.000000 851.000000 217.000000 1.642684 0.582481 1.700551 7.467320 1.900119 23.222502 1.296313 0.196427
Cyclist -1 -1 -10 702.000000 163.000000 741.000000 230.000000 1.732828 0.570056 1.766541 2.636353 1.379030 16.699871 -2.330128 0.047271
Cyclist -1 -1 -10 365.000000 177.000000 384.000000 214.000000 1.720548 0.545493 1.640617 -5.831198 1.357443 17.907031 -1.885874 0.021998
Cyclist -1 -1 -10 709.000000 168.000000 748.000000 200.000000 1.712978 0.531420 1.608745 7.559959 1.255494 43.453986 -1.406153 0.020360
Cyclist -1 -1 -10 333.000000 183.000000 406.000000 227.000000 1.703077 0.568338 1.667333 -7.777301 1.411033 22.748510 -1.879263 0.015146
