Pedestrian -1 -1 -10 965.000000 194.000000 1097.000000 374.000000 1.682323 0.546653 0.938443 2.582873 1.615837 4.634304 0.053650 0.987367
Pedestrian -1 -1 -10 928.000000 191.000000 1230.000000 369.000000 1.807378 0.613689 0.905808 2.689491 1.680545 4.447333 1.046833 0.025767
Pedestrian -1 -1 -10 859.000000 191.000000 1071.000000 343.000000 1.742888 0.635883 0.900281 2.480937 1.736559 4.778212 2.439669 0.017909
Car -1 -1 -10 788.000000 192.000000 997.000000 310.000000 1.504394 1.622056 4.028295 4.094820 1.845668 11.199376 1.595974 0.998030
Car -1 -1 -10 739.000000 190.000000 841.000000 258.000000 1.449264 1.596105 3.928874 4.068758 1.904807 17.322616 -1.506369 0.995356
Car -1 -1 -10 554.000000 180.000000 596.000000 212.000000 1.543815 1.644857 3.946045 -1.666459 1.851708 35.232294 1.614791 0.991111
Car -1 -1 -10 723.000000 185.000000 790.000000 241.000000 1.493482 1.563962 3.626099 4.430102 1.928851 22.657546 -1.537758 0.982677
Car -1 -1 -10 924.000000 192.000000 1231.000000 367.000000 1.471654 1.556966 3.926069 3.772467 1.545804 4.227225 1.146451 0.926759
Car -1 -1 -10 -1.000000 209.000000 236.000000 376.000000 1.491578 1.549391 3.605404 -2.680484 1.663079 2.787437 1.535665 0.813519
Car -1 -1 -10 706.000000 182.000000 759.000000 226.000000 1.492884 1.591543 3.657098 4.765518 1.966401 29.277416 -1.546863 0.783225
Car -1 -1 -10 491.000000 180.000000 560.000000 248.000000 1.532207 1.614618 3.843389 -2.439997 1.743929 19.053848 1.633915 0.625820
Car -1 -1 -10 407.000000 162.000000 540.000000 287.000000 1.828607 1.699931 4.243297 -2.409180 1.747023 13.681928 -1.546234 0.396721
Car -1 -1 -10 694.000000 182.000000 739.000000 219.000000 1.537641 1.610484 3.884127 4.693060 1.962636 33.940696 -1.525652 0.298042
Car -1 -1 -10 965.000000 199.000000 1097.000000 369.000000 1.515998 1.587956 3.632704 3.551779 1.572048 5.274354 0.601598 0.210814
Car -1 -1 -10 571.000000 179.000000 603.000000 205.000000 1.584485 1.645954 4.046235 -1.423460 1.944880 41.823453 1.486857 0.069078
Cyclist -1 -1 -10 945.000000 197.000000 1128.000000 375.000000 1.737413 0.558642 1.707588 2.621625 1.636014 4.552298 1.018511 0.094672
