Car -1 -1 -10 656.000000 178.000000 703.000000 215.000000 1.479229 1.572680 3.494811 2.660745 1.657825 28.282971 -1.586202 0.999268
Car -1 -1 -10 692.000000 168.000000 806.000000 265.000000 1.637708 1.597160 3.725637 2.705798 1.635747 14.726031 -1.614702 0.998172
Car -1 -1 -10 796.000000 196.000000 1242.000000 374.000000 1.446367 1.605498 3.921196 2.764062 1.613739 5.543458 -1.595030 0.997379
Car -1 -1 -10 369.000000 174.000000 503.000000 220.000000 1.536958 1.567909 3.918588 -5.906950 1.588428 25.895519 0.133902 0.992344
Car -1 -1 -10 37.000000 178.000000 419.000000 276.000000 1.520032 1.624137 4.018470 -6.133867 1.629798 13.088059 0.087934 0.967999
Car -1 -1 -10 419.000000 172.000000 512.000000 210.000000 1.529727 1.609020 3.970364 -6.396684 1.444214 30.661794 0.131123 0.690758
Car -1 -1 -10 213.000000 172.000000 417.000000 255.000000 1.553431 1.556396 3.797624 -6.274133 1.577665 15.948734 -0.041012 0.424976
Car -1 -1 -10 991.000000 190.000000 1202.000000 258.000000 1.529542 1.682796 4.189218 13.274935 1.648952 19.556755 0.111177 0.048849
Car -1 -1 -10 1025.000000 213.000000 1238.000000 371.000000 1.550475 1.606367 3.942705 2.941982 1.608355 5.476337 -1.069751 0.042470
Car -1 -1 -10 303.000000 175.000000 469.000000 233.000000 1.507491 1.620258 3.843939 -6.636588 1.740696 21.138086 1.423169 0.038553
Car -1 -1 -10 450.000000 173.000000 526.000000 201.000000 1.471820 1.564854 3.853681 -6.394106 1.290260 38.159277 -2.783894 0.028672
Car -1 -1 -10 6.000000 181.000000 192.000000 253.000000 1.457204 1.673787 4.008472 -13.871362 1.071594 19.343526 1.498187 0.020661
Car -1 -1 -10 703.000000 173.000000 762.000000 212.000000 1.530992 1.596729 3.906841 6.020514 1.390267 33.582062 0.095808 0.017575
Car -1 -1 -10 668.000000 171.000000 713.000000 200.000000 1.431529 1.596486 3.451018 1.867679 1.255391 17.230248 0.786605 0.014091
