Pedestrian -1 -1 -10 1129.000000 151.000000 1229.000000 355.000000 1.698622 0.648714 0.846280 4.987221 1.542819 6.375211 1.203347 0.995322
Pedestrian -1 -1 -10 0.000000 210.000000 49.000000 371.000000 1.747739 0.455910 0.657967 -10.845182 2.181996 13.402503 -0.575610 0.040152
Pedestrian -1 -1 -10 1201.000000 171.000000 1237.000000 348.000000 1.717164 0.554239 0.613990 5.115528 1.827795 6.133226 1.419111 0.027182
Pedestrian -1 -1 -10 1131.000000 171.000000 1189.000000 320.000000 1.673303 0.587032 0.726605 4.863179 1.623199 6.340102 -0.298857 0.016697
Car -1 -1 -10 407.000000 172.000000 565.000000 230.000000 1.621400 1.666498 4.100053 -3.471523 1.649332 21.577702 0.020542 0.998768
Car -1 -1 -10 623.000000 173.000000 736.000000 209.000000 1.549012 1.633502 4.263604 2.982673 1.620619 31.089023 2.713488 0.993083
Car -1 -1 -10 -2.000000 210.000000 56.000000 372.000000 1.518229 1.604389 3.894622 -4.177321 1.605428 2.502436 0.057457 0.089752
Car -1 -1 -10 0.000000 161.000000 78.000000 225.000000 2.511399 1.782450 4.504913 -32.941641 2.372021 41.830783 -0.043462 0.033274
Cyclist -1 -1 -10 1068.000000 174.000000 1100.000000 229.000000 1.726253 0.506466 1.662100 5.981051 1.592715 9.314039 -1.586213 0.164531
Cyclist -1 -1 -10 1059.000000 170.000000 1123.000000 234.000000 1.636513 0.504241 1.583987 10.410048 1.711034 15.338432 -0.982234 0.057682
Cyclist -1 -1 -10 0.000000 203.000000 59.000000 370.000000 1.663699 0.520985 1.689782 -3.280601 1.757747 3.488628 -1.743767 0.023800
