Pedestrian -1 -1 -10 769.000000 163.000000 838.000000 339.000000 1.687533 0.587033 0.668031 1.892068 1.518342 6.910764 1.244471 0.998402
Pedestrian -1 -1 -10 711.000000 165.000000 772.000000 344.000000 1.694661 0.596252 0.607561 1.170158 1.550238 6.543847 1.161974 0.997104
Pedestrian -1 -1 -10 591.000000 137.000000 631.000000 242.000000 1.775504 0.659335 0.964077 0.037831 1.027337 12.663356 1.078435 0.996786
Pedestrian -1 -1 -10 517.000000 137.000000 554.000000 249.000000 1.790138 0.691579 0.800222 -1.253484 1.013863 12.317625 0.985254 0.994723
Pedestrian -1 -1 -10 542.000000 139.000000 576.000000 244.000000 1.808606 0.644803 0.883459 -0.844921 1.019273 12.570700 1.015100 0.991308
Pedestrian -1 -1 -10 628.000000 145.000000 653.000000 216.000000 1.733456 0.579088 0.878876 0.739761 0.870058 16.401350 -1.620385 0.986171
Pedestrian -1 -1 -10 573.000000 141.000000 609.000000 234.000000 1.850601 0.604477 0.939265 -0.356138 1.075304 13.698693 0.391452 0.942785
Pedestrian -1 -1 -10 500.000000 143.000000 523.000000 202.000000 1.799859 0.649897 0.860822 -2.842826 0.700442 20.906128 1.288179 0.854031
Pedestrian -1 -1 -10 472.000000 144.000000 494.000000 201.000000 1.791511 0.610792 0.831849 -3.571548 0.691539 20.747436 0.473250 0.812280
Pedestrian -1 -1 -10 649.000000 143.000000 665.000000 197.000000 1.766936 0.658954 0.755140 1.500480 0.507705 21.401678 -1.515121 0.468072
Pedestrian -1 -1 -10 275.000000 135.000000 322.000000 254.000000 1.744872 0.719735 0.955646 -5.038005 1.014993 11.549916 -1.459190 0.368472
Pedestrian -1 -1 -10 639.000000 144.000000 661.000000 202.000000 1.779585 0.682208 0.779668 1.470542 0.537472 21.444493 0.173745 0.363939
Pedestrian -1 -1 -10 245.000000 133.000000 284.000000 255.000000 1.832703 0.628824 0.851143 -5.859819 1.163566 11.985234 2.216123 0.342699
Pedestrian -1 -1 -10 514.000000 139.000000 546.000000 198.000000 1.797864 0.653374 0.694984 -2.408901 0.511356 21.276988 0.965486 0.209738
Pedestrian -1 -1 -10 482.000000 142.000000 499.000000 198.000000 1.744355 0.595021 0.694299 -3.538952 0.480806 21.451149 1.512290 0.192535
Pedestrian -1 -1 -10 461.000000 149.000000 478.000000 202.000000 1.697767 0.583977 0.774821 -4.084050 0.757785 21.035051 -0.750146 0.131487
Pedestrian -1 -1 -10 493.000000 141.000000 510.000000 195.000000 1.796827 0.668185 0.732206 -3.835544 0.483478 25.879183 -1.208459 0.116770
Pedestrian -1 -1 -10 240.000000 140.000000 340.000000 257.000000 1.804988 0.644333 0.870322 -5.109264 1.113499 11.543448 1.688519 0.099702
Pedestrian -1 -1 -10 557.000000 140.000000 577.000000 205.000000 1.755725 0.511934 0.697338 -0.721377 1.076635 10.417755 0.066167 0.079267
Pedestrian -1 -1 -10 528.000000 137.000000 550.000000 188.000000 1.766885 0.676572 0.721491 -2.307223 0.287675 24.593889 -2.058161 0.069755
Pedestrian -1 -1 -10 606.000000 141.000000 636.000000 222.000000 1.747025 0.616059 0.772583 0.136345 0.796680 13.136839 1.615728 0.069549
Pedestrian -1 -1 -10 434.000000 141.000000 454.000000 194.000000 1.763881 0.655039 0.732271 -4.717864 0.557227 20.681016 0.360483 0.064874
Cyclist -1 -1 -10 273.000000 136.000000 324.000000 257.000000 1.806836 0.556536 1.724754 -5.104645 1.164449 11.709234 -1.389335 0.710033
Cyclist -1 -1 -10 302.000000 151.000000 362.000000 210.000000 1.651212 0.773084 1.780389 -6.864531 1.102346 18.416214 -0.274632 0.338278
Cyclist -1 -1 -10 422.000000 145.000000 460.000000 211.000000 1.721144 0.552964 1.682874 -4.879459 0.746305 20.979635 0.716570 0.280853
Cyclist -1 -1 -10 239.000000 133.000000 300.000000 265.000000 1.793454 0.574868 1.832945 -5.452309 1.094210 11.868876 2.180011 0.200036
Cyclist -1 -1 -10 330.000000 151.000000 387.000000 199.000000 1.724660 0.439927 1.459854 -5.282341 1.067390 15.644123 -1.200754 0.175446
Cyclist -1 -1 -10 315.000000 152.000000 351.000000 198.000000 1.717313 0.429561 1.409824 -6.816035 1.279873 17.873132 -1.215038 0.167628
Cyclist -1 -1 -10 432.000000 142.000000 454.000000 196.000000 1.713037 0.566902 1.683857 -4.716325 0.564598 20.925695 1.861455 0.153224
Cyclist -1 -1 -10 386.000000 148.000000 468.000000 215.000000 1.696193 0.660824 1.689219 -5.006116 1.083296 20.844535 -1.692771 0.132097
Cyclist -1 -1 -10 388.000000 146.000000 428.000000 204.000000 1.775370 0.650970 1.766344 -5.927989 0.632755 20.415187 -1.727422 0.118832
Cyclist -1 -1 -10 417.000000 147.000000 437.000000 196.000000 1.742360 0.611299 1.686177 -5.342927 0.552690 20.950454 1.836486 0.052099
Cyclist -1 -1 -10 404.000000 146.000000 425.000000 196.000000 1.754220 0.610640 1.690452 -6.815172 0.385922 25.981905 -1.733196 0.041668
Cyclist -1 -1 -10 519.000000 139.000000 548.000000 182.000000 1.649256 0.522393 1.592225 -1.905605 1.416306 20.073909 -1.664195 0.029111
Cyclist -1 -1 -10 519.000000 137.000000 555.000000 236.000000 1.728302 0.648058 1.741041 -1.164712 1.040672 12.327681 0.889469 0.021081
