Car -1 -1 -10 692.000000 174.000000 808.000000 269.000000 1.570448 1.667274 4.032291 2.665956 1.666358 14.659414 -1.555923 0.999000
Car -1 -1 -10 667.000000 181.000000 736.000000 238.000000 1.443430 1.611534 4.032903 2.678467 1.757064 20.755335 -1.597748 0.990059
Car -1 -1 -10 50.000000 188.000000 364.000000 294.000000 1.489195 1.567847 4.030780 -6.349792 1.807272 11.788847 -0.037522 0.987411
Car -1 -1 -10 651.000000 173.000000 695.000000 217.000000 1.596977 1.610963 3.787352 2.529728 1.687971 29.777088 -1.627634 0.975093
Car -1 -1 -10 856.000000 204.000000 1236.000000 373.000000 1.493303 1.598400 3.807245 2.742717 1.675778 3.695240 -1.596033 0.971333
Car -1 -1 -10 199.000000 185.000000 417.000000 261.000000 1.517376 1.640502 3.879546 -6.067861 1.697364 15.178746 -3.078880 0.970907
Car -1 -1 -10 -2.000000 160.000000 282.000000 344.000000 1.758428 1.692746 4.045010 -6.530833 1.592396 7.085128 -3.110198 0.893445
Car -1 -1 -10 637.000000 177.000000 667.000000 202.000000 1.481799 1.597070 3.706954 2.427376 1.781192 43.482971 -1.601297 0.861616
Car -1 -1 -10 375.000000 181.000000 473.000000 226.000000 1.639291 1.609515 3.843389 -6.587245 1.818118 24.751761 -1.665150 0.330679
Car -1 -1 -10 448.000000 177.000000 535.000000 209.000000 1.485065 1.609806 4.088313 -6.703124 1.977735 38.478185 -3.207513 0.229196
Car -1 -1 -10 417.000000 180.000000 512.000000 215.000000 1.647426 1.622438 3.939167 -6.188852 1.493941 33.795161 -3.285777 0.210305
Car -1 -1 -10 296.000000 184.000000 417.000000 240.000000 1.510049 1.642845 4.133566 -6.310188 1.728931 16.806099 1.695970 0.186925
