Pedestrian -1 -1 -10 962.000000 170.000000 1068.000000 377.000000 1.681754 0.597275 0.647072 3.179830 1.627450 5.547334 2.621785 0.996459
Pedestrian -1 -1 -10 987.000000 187.000000 1049.000000 272.000000 1.777311 0.689128 0.823848 7.046464 1.661545 11.979397 -0.999619 0.263267
Pedestrian -1 -1 -10 1011.000000 177.000000 1040.000000 269.000000 1.690613 0.513331 0.620213 3.289172 1.442512 5.824301 3.105863 0.036359
Pedestrian -1 -1 -10 975.000000 178.000000 1103.000000 306.000000 1.723580 0.549410 0.632052 7.582375 1.490295 12.729953 3.100407 0.025871
Pedestrian -1 -1 -10 997.000000 181.000000 1022.000000 268.000000 1.727090 0.572605 0.580203 7.146476 1.485793 12.092033 -1.639856 0.021983
Pedestrian -1 -1 -10 715.000000 156.000000 743.000000 204.000000 1.763009 0.671721 0.978122 4.690366 0.937772 26.781174 -0.404231 0.013734
Car -1 -1 -10 985.000000 179.000000 1204.000000 273.000000 1.478951 1.570808 3.454369 8.409093 1.437383 12.316915 -0.394533 0.981101
Car -1 -1 -10 979.000000 180.000000 1082.000000 271.000000 1.479544 1.571280 3.679249 8.457963 1.500241 12.176562 -0.496394 0.023477
Car -1 -1 -10 1094.000000 173.000000 1197.000000 229.000000 1.506936 1.598108 3.868823 14.359771 1.021229 20.891248 -0.555086 0.014217
Cyclist -1 -1 -10 1005.000000 178.000000 1048.000000 269.000000 1.745192 0.604321 1.802254 7.297634 1.464947 12.040744 -1.042347 0.030437
Cyclist -1 -1 -10 979.000000 180.000000 1082.000000 271.000000 1.698513 0.658146 1.775395 7.114229 1.512051 11.675150 -1.553326 0.012859
