Pedestrian -1 -1 -10 118.000000 163.000000 137.000000 228.000000 1.794507 0.745352 0.693134 -13.384674 1.643672 19.925803 -2.609542 0.026489
Car -1 -1 -10 823.000000 191.000000 1044.000000 263.000000 1.432363 1.575786 3.691676 6.652630 1.850920 14.820416 -0.021167 0.999507
Car -1 -1 -10 3.000000 181.000000 318.000000 306.000000 1.436953 1.606484 3.988775 -6.467520 1.560416 9.605403 -3.166454 0.998560
Car -1 -1 -10 713.000000 184.000000 824.000000 226.000000 1.503713 1.641943 3.926865 5.924729 1.943475 26.929430 0.020854 0.995859
Car -1 -1 -10 249.000000 179.000000 466.000000 249.000000 1.539795 1.547457 3.817209 -5.657255 1.733418 16.859828 0.042150 0.994859
Car -1 -1 -10 174.000000 182.000000 405.000000 275.000000 1.474253 1.536154 3.759121 -6.179408 1.679862 13.579005 -3.440026 0.993133
Car -1 -1 -10 959.000000 190.000000 1233.000000 366.000000 1.550531 1.619906 4.055330 6.169245 1.764274 7.280933 3.143867 0.990896
Car -1 -1 -10 639.000000 182.000000 672.000000 208.000000 1.385928 1.589486 3.767978 2.671455 2.011831 41.239554 -1.543031 0.990126
Car -1 -1 -10 798.000000 185.000000 942.000000 255.000000 1.518857 1.592356 3.857194 6.534733 1.856304 17.667838 0.150934 0.984566
Car -1 -1 -10 336.000000 175.000000 472.000000 234.000000 1.527351 1.634622 4.051774 -6.324804 1.476043 21.549321 -3.204241 0.979674
Car -1 -1 -10 430.000000 177.000000 523.000000 213.000000 1.559687 1.627901 3.893410 -6.119085 1.905076 35.025219 -0.045193 0.891201
Car -1 -1 -10 386.000000 177.000000 500.000000 222.000000 1.476114 1.599850 3.916213 -6.087810 1.677668 26.977263 -3.120891 0.382922
Cyclist -1 -1 -10 119.000000 167.000000 139.000000 229.000000 1.712849 0.710401 1.643029 -13.678942 1.327509 20.235040 1.976172 0.013979
