Car -1 -1 -10 220.000000 186.000000 417.000000 307.000000 1.536170 1.567404 3.727705 -4.092617 1.566005 10.814149 -1.577141 0.999329
Car -1 -1 -10 436.000000 184.000000 509.000000 235.000000 1.464108 1.591045 3.607028 -4.235060 1.444683 22.330683 -1.590980 0.999253
Car -1 -1 -10 497.000000 183.000000 537.000000 219.000000 1.443638 1.569392 3.855560 -3.911992 1.282032 29.878234 -1.599968 0.991786
Car -1 -1 -10 0.000000 186.000000 186.000000 306.000000 1.444516 1.635929 3.973192 -8.202084 1.543338 10.418234 -1.568981 0.942837
Car -1 -1 -10 414.000000 182.000000 458.000000 214.000000 1.547237 1.617100 4.017824 -7.726899 1.310952 33.613217 -1.682163 0.926282
Car -1 -1 -10 191.000000 167.000000 324.000000 256.000000 1.734666 1.665731 4.004592 -8.374586 1.415684 17.352969 -1.570383 0.876582
Car -1 -1 -10 936.000000 165.000000 1232.000000 372.000000 1.584601 1.614296 3.726027 3.196695 1.567696 3.374567 -1.568762 0.844526
Car -1 -1 -10 592.000000 180.000000 634.000000 215.000000 1.534903 1.639689 4.018165 0.190727 1.287218 33.235998 -1.570418 0.700786
Car -1 -1 -10 311.000000 169.000000 404.000000 229.000000 1.838169 1.713276 4.257947 -8.627813 1.309073 24.832510 -1.531007 0.602587
Car -1 -1 -10 584.000000 182.000000 609.000000 209.000000 1.433707 1.586606 3.740443 -0.088484 1.340445 41.377604 -0.495919 0.106564
