Car -1 -1 -10 667.000000 184.000000 835.000000 300.000000 1.553820 1.580937 3.484716 2.138497 1.789675 11.909204 -1.762693 0.999021
Car -1 -1 -10 561.000000 185.000000 626.000000 229.000000 1.477828 1.593724 3.658526 -0.717717 1.967376 26.685120 -1.823637 0.998400
Car -1 -1 -10 508.000000 180.000000 575.000000 209.000000 1.516763 1.541686 3.765916 -3.827050 2.080175 41.706439 -0.764958 0.977893
Car -1 -1 -10 618.000000 180.000000 692.000000 209.000000 1.509722 1.609217 3.951055 2.325679 1.913012 38.441027 2.324739 0.797268
Car -1 -1 -10 700.000000 179.000000 805.000000 221.000000 1.491859 1.592902 3.900293 9.192987 1.975341 45.042657 -0.758862 0.441452
Car -1 -1 -10 681.000000 179.000000 743.000000 209.000000 1.526951 1.594107 3.906837 5.520775 1.882272 41.543704 -0.762432 0.305635
Car -1 -1 -10 736.000000 177.000000 794.000000 213.000000 1.542312 1.625856 4.114076 9.338330 1.732662 45.128950 2.371520 0.045586
Car -1 -1 -10 639.000000 180.000000 728.000000 206.000000 1.480626 1.624433 3.744511 5.437820 1.805066 41.437172 -0.794448 0.041816
Cyclist -1 -1 -10 331.000000 179.000000 399.000000 306.000000 1.707318 0.590200 1.752934 -3.670847 1.833590 10.937786 1.485928 0.999165
Cyclist -1 -1 -10 723.000000 176.000000 802.000000 223.000000 1.622778 0.870034 1.842784 8.352101 1.984972 43.640797 3.300703 0.015244
