Pedestrian -1 -1 -10 736.000000 167.000000 761.000000 230.000000 1.800465 0.749428 0.881221 3.762136 1.602962 19.874645 1.554409 0.954375
Car -1 -1 -10 346.000000 186.000000 450.000000 262.000000 1.447818 1.554026 3.650725 -4.377939 1.721745 15.136710 1.476275 0.999676
Car -1 -1 -10 498.000000 175.000000 578.000000 204.000000 1.544704 1.659670 4.022976 -4.119688 1.786112 40.001852 -0.679452 0.965919
Car -1 -1 -10 350.000000 185.000000 424.000000 217.000000 1.584646 1.643087 3.915769 -8.535161 1.179646 27.329747 1.253477 0.644970
Car -1 -1 -10 101.000000 180.000000 215.000000 221.000000 1.540270 1.605305 3.914170 -19.723655 2.035124 31.694576 -3.254990 0.598264
Car -1 -1 -10 619.000000 174.000000 702.000000 199.000000 1.577424 1.630048 4.178549 2.864111 1.690122 43.216634 2.741418 0.568400
Car -1 -1 -10 332.000000 180.000000 400.000000 206.000000 1.525811 1.665441 3.843007 -8.665436 1.648491 26.937802 1.157621 0.060007
Car -1 -1 -10 1.000000 166.000000 201.000000 233.000000 1.618886 1.589068 3.925429 -13.416560 1.576407 19.486097 0.365727 0.010709
Cyclist -1 -1 -10 736.000000 167.000000 760.000000 231.000000 1.783129 0.612948 1.742403 3.831477 1.628911 19.865641 1.237544 0.134924
Cyclist -1 -1 -10 783.000000 176.000000 832.000000 204.000000 1.701548 0.446633 1.135705 6.214366 1.648784 23.175425 -0.645114 0.022860
