Pedestrian -1 -1 -10 661.000000 153.000000 707.000000 257.000000 1.825279 0.725175 0.863163 1.416033 1.375697 13.203623 1.181538 0.995803
Pedestrian -1 -1 -10 399.000000 153.000000 455.000000 278.000000 1.836638 0.702875 1.098959 -2.860294 1.439250 11.021728 0.243782 0.982408
Pedestrian -1 -1 -10 0.000000 185.000000 41.000000 278.000000 1.685407 0.566192 0.853259 -11.436213 1.850648 13.824166 -3.293748 0.903535
Pedestrian -1 -1 -10 114.000000 166.000000 150.000000 277.000000 1.776397 0.576728 0.778089 -9.621656 1.527195 14.305546 1.989316 0.245859
Pedestrian -1 -1 -10 785.000000 154.000000 798.000000 189.000000 1.768219 0.526118 0.882965 10.331504 0.520084 39.584956 3.347383 0.164928
Pedestrian -1 -1 -10 0.000000 185.000000 14.000000 273.000000 1.693912 0.567797 0.671734 -11.618831 1.503172 13.844679 -1.819914 0.114874
Pedestrian -1 -1 -10 1034.000000 148.000000 1067.000000 194.000000 1.757679 0.689746 0.699607 16.027760 0.442537 25.543520 0.713235 0.085089
Pedestrian -1 -1 -10 940.000000 149.000000 968.000000 209.000000 1.758468 0.608185 0.799980 10.530827 0.840254 21.444301 -1.213687 0.062785
Pedestrian -1 -1 -10 360.000000 162.000000 438.000000 278.000000 1.749292 0.663675 0.835028 -3.787908 1.530662 12.596296 -0.347845 0.059699
Pedestrian -1 -1 -10 110.000000 185.000000 133.000000 262.000000 1.750217 0.539986 0.669386 -10.248116 1.683921 14.912533 0.545106 0.026330
Pedestrian -1 -1 -10 926.000000 148.000000 938.000000 206.000000 1.778457 0.627367 0.777111 10.236509 0.743258 21.968441 2.932601 0.013788
Pedestrian -1 -1 -10 345.000000 168.000000 390.000000 232.000000 1.687992 0.534054 0.738975 -6.346472 1.606959 17.510365 -3.413608 0.011289
Car -1 -1 -10 13.000000 191.000000 407.000000 370.000000 1.482730 1.584870 3.778595 -3.236355 1.607970 6.522795 -1.558597 0.998980
Car -1 -1 -10 1145.000000 161.000000 1217.000000 197.000000 1.498134 1.630934 3.865841 19.153632 0.586596 22.518594 0.015866 0.067272
Car -1 -1 -10 313.000000 165.000000 443.000000 269.000000 1.500616 1.573188 3.808453 -4.215912 1.286102 14.595367 1.197966 0.027908
Cyclist -1 -1 -10 940.000000 149.000000 969.000000 208.000000 1.785231 0.628984 1.851578 10.597359 0.811112 21.582576 -1.080960 0.996011
Cyclist -1 -1 -10 321.000000 167.000000 431.000000 264.000000 1.712978 0.531420 1.608745 -4.947811 2.074432 15.890719 -1.881471 0.812377
Cyclist -1 -1 -10 390.000000 159.000000 456.000000 275.000000 1.810011 0.599301 1.746590 -2.849116 1.522247 11.512436 -0.197661 0.581221
Cyclist -1 -1 -10 103.000000 178.000000 156.000000 266.000000 1.759569 0.564133 1.771416 -9.900926 1.517286 14.743602 0.372538 0.116764
Cyclist -1 -1 -10 340.000000 166.000000 396.000000 252.000000 1.715444 0.673956 1.689824 -6.218048 1.463028 17.583879 0.211064 0.101849
Cyclist -1 -1 -10 0.000000 189.000000 53.000000 278.000000 1.688350 0.498400 1.679002 -11.541779 1.854506 13.884679 -3.109285 0.021018
Cyclist -1 -1 -10 1035.000000 147.000000 1067.000000 194.000000 1.724929 0.504236 1.724098 16.243946 0.444382 25.755938 -0.885657 0.015136
Cyclist -1 -1 -10 290.000000 196.000000 392.000000 246.000000 1.751646 0.773395 1.711901 -6.608326 1.867720 17.882761 2.746387 0.013950
Cyclist -1 -1 -10 354.000000 167.000000 382.000000 233.000000 1.684407 0.528962 1.584672 -6.100977 1.888789 17.638605 -1.818837 0.010568
