Car -1 -1 -10 665.000000 179.000000 721.000000 224.000000 1.432762 1.567664 3.608631 2.672293 1.652807 24.342587 -1.583264 0.999104
Car -1 -1 -10 327.000000 174.000000 487.000000 230.000000 1.565388 1.604554 3.947470 -5.771086 1.655310 22.097353 0.006756 0.997923
Car -1 -1 -10 -7.000000 180.000000 335.000000 303.000000 1.511267 1.586063 4.020624 -6.343662 1.706068 9.958801 -0.151704 0.996770
Car -1 -1 -10 719.000000 170.000000 896.000000 306.000000 1.634335 1.592495 3.727799 2.778844 1.631445 10.751272 -1.620080 0.994284
Car -1 -1 -10 389.000000 174.000000 500.000000 215.000000 1.538093 1.558600 3.793198 -6.090043 1.478230 27.784870 0.710851 0.889388
Car -1 -1 -10 716.000000 171.000000 794.000000 214.000000 1.605028 1.693648 4.047926 6.338206 1.625948 29.574719 0.043840 0.695965
Car -1 -1 -10 1008.000000 224.000000 1239.000000 369.000000 1.513416 1.599838 3.808721 2.807710 1.688286 1.853216 -1.558465 0.688399
Car -1 -1 -10 123.000000 173.000000 372.000000 272.000000 1.630638 1.615545 4.026352 -6.974713 1.526722 14.035786 -3.194682 0.499050
Car -1 -1 -10 261.000000 178.000000 450.000000 242.000000 1.516791 1.623490 4.120350 -6.605435 1.769785 19.614560 -3.249566 0.205093
Car -1 -1 -10 428.000000 174.000000 520.000000 206.000000 1.504236 1.605981 3.858750 -6.202431 1.489285 33.643885 -3.014438 0.153162
