Pedestrian -1 -1 -10 629.000000 153.000000 663.000000 231.000000 1.759779 0.647037 0.820735 0.918368 1.110754 16.212408 1.199757 0.992480
Pedestrian -1 -1 -10 2.000000 165.000000 79.000000 372.000000 1.673341 0.614073 0.805223 -4.283649 1.535475 5.396304 -2.290204 0.959837
Pedestrian -1 -1 -10 63.000000 177.000000 109.000000 297.000000 1.716732 0.638346 0.508603 -6.487251 1.469754 9.102502 -2.297429 0.809720
Pedestrian -1 -1 -10 460.000000 162.000000 478.000000 215.000000 1.755123 0.581441 0.722290 -4.898718 1.118834 26.120504 1.274251 0.481412
Pedestrian -1 -1 -10 19.000000 176.000000 106.000000 326.000000 1.769244 0.650654 0.846637 -5.446190 1.608861 7.267820 0.469811 0.467564
Pedestrian -1 -1 -10 477.000000 167.000000 493.000000 215.000000 1.764506 0.663971 0.807452 -4.321170 1.158650 26.331525 -2.140369 0.253147
Pedestrian -1 -1 -10 2.000000 163.000000 21.000000 362.000000 1.702062 0.564724 0.625086 -6.036953 1.424457 7.431385 -2.827787 0.129618
Pedestrian -1 -1 -10 427.000000 167.000000 434.000000 197.000000 1.798817 0.648068 0.723474 -10.051414 1.012868 41.893604 -1.938109 0.106775
Pedestrian -1 -1 -10 13.000000 170.000000 61.000000 320.000000 1.728541 0.616148 0.730797 -5.496589 1.406754 7.123681 1.960739 0.078741
Car -1 -1 -10 58.000000 182.000000 325.000000 341.000000 1.556687 1.676895 4.114069 -5.019189 1.590432 9.398869 1.452878 0.998388
Car -1 -1 -10 27.000000 175.000000 124.000000 307.000000 1.500028 1.626868 3.776866 -5.593084 1.233907 6.162305 -3.664071 0.012881
Cyclist -1 -1 -10 301.000000 156.000000 383.000000 318.000000 1.751384 0.678115 1.733885 -3.197613 1.510164 8.813127 1.430726 0.999652
Cyclist -1 -1 -10 14.000000 174.000000 110.000000 315.000000 1.729981 0.602710 1.540428 -6.493165 1.226421 8.364616 -2.850868 0.243867
Cyclist -1 -1 -10 359.000000 172.000000 388.000000 200.000000 1.626154 0.747697 1.700526 -12.378965 1.256254 39.190508 2.641376 0.065482
Cyclist -1 -1 -10 1.000000 167.000000 72.000000 369.000000 1.710657 0.552188 1.798012 -4.463132 1.432883 5.520795 -2.271111 0.036290
Cyclist -1 -1 -10 60.000000 176.000000 110.000000 298.000000 1.699819 0.717211 1.761282 -6.550370 1.278807 9.096728 -2.259334 0.020999
Cyclist -1 -1 -10 460.000000 161.000000 478.000000 214.000000 1.718169 0.449046 1.672441 -4.963447 1.088796 26.378982 1.331002 0.013499
Cyclist -1 -1 -10 346.000000 172.000000 368.000000 202.000000 1.728945 0.547351 1.720949 -13.870765 0.955694 40.425569 2.767634 0.012629
