Pedestrian -1 -1 -10 673.000000 167.000000 684.000000 206.000000 1.746890 0.608716 0.762608 3.214795 1.531630 33.840715 1.151596 0.660788
Pedestrian -1 -1 -10 668.000000 171.000000 688.000000 197.000000 1.706940 0.561287 0.801917 3.171917 1.432423 33.952459 0.638769 0.019873
Car -1 -1 -10 783.000000 183.000000 1127.000000 371.000000 1.474713 1.588727 3.648020 3.111175 1.592752 7.323533 -1.607366 0.999450
Car -1 -1 -10 75.000000 187.000000 325.000000 307.000000 1.512940 1.619382 3.863243 -5.821805 1.729827 10.688500 1.550792 0.997714
Car -1 -1 -10 469.000000 175.000000 522.000000 204.000000 1.475076 1.569649 3.663608 -6.149854 1.637581 38.052065 0.972399 0.996082
Car -1 -1 -10 354.000000 176.000000 412.000000 201.000000 1.451359 1.598657 3.739141 -13.644362 2.037343 44.243097 -2.547170 0.885867
Car -1 -1 -10 1001.000000 211.000000 1236.000000 373.000000 1.496060 1.621269 3.883397 3.030938 1.528503 1.846682 -1.612137 0.694834
Car -1 -1 -10 181.000000 174.000000 267.000000 221.000000 1.447470 1.542007 3.930788 -14.712657 1.681688 27.762132 1.114500 0.673758
Car -1 -1 -10 2.000000 199.000000 155.000000 374.000000 1.488144 1.573169 3.664355 -5.709688 1.729377 6.085497 1.534689 0.657375
Car -1 -1 -10 141.000000 178.000000 201.000000 213.000000 1.464337 1.584643 3.777870 -17.251555 1.508581 29.090074 -2.071648 0.096610
Car -1 -1 -10 233.000000 184.000000 313.000000 240.000000 1.470932 1.587842 3.670859 -11.265182 1.667072 25.670811 0.506900 0.066695
Cyclist -1 -1 -10 669.000000 170.000000 687.000000 202.000000 1.739076 0.534131 1.673473 3.247963 1.526745 34.016519 1.058228 0.016687
