Pedestrian -1 -1 -10 392.000000 175.000000 414.000000 243.000000 1.874919 0.754344 0.762436 -5.963839 1.969727 20.653474 1.490756 0.985237
Pedestrian -1 -1 -10 447.000000 171.000000 457.000000 207.000000 1.705902 0.545944 0.609349 -7.833875 1.377071 34.997113 0.458437 0.251914
Pedestrian -1 -1 -10 367.000000 184.000000 385.000000 241.000000 1.743352 0.634470 0.675278 -6.877764 1.833271 20.562100 -1.871821 0.041673
Pedestrian -1 -1 -10 363.000000 183.000000 413.000000 245.000000 1.876717 0.695257 0.755130 -6.242613 1.825968 20.336099 -1.688103 0.021633
Pedestrian -1 -1 -10 387.000000 187.000000 397.000000 234.000000 1.694052 0.567519 0.558726 -6.252866 1.737321 20.888359 2.259271 0.016279
Car -1 -1 -10 750.000000 179.000000 997.000000 338.000000 1.497658 1.595747 3.690020 2.778065 1.637049 8.694525 -1.590213 0.999486
Car -1 -1 -10 675.000000 179.000000 751.000000 241.000000 1.502260 1.564687 3.537368 2.543612 1.673699 18.912557 -1.573732 0.999166
Car -1 -1 -10 335.000000 197.000000 459.000000 280.000000 1.454703 1.567979 3.649837 -4.377892 1.939178 14.891635 -1.581081 0.998755
Car -1 -1 -10 645.000000 176.000000 683.000000 210.000000 1.512001 1.569092 3.680119 2.569175 1.652465 34.612770 -1.599233 0.995998
Car -1 -1 -10 427.000000 180.000000 499.000000 238.000000 1.633884 1.699711 3.890946 -4.671160 1.944693 24.048281 -1.565136 0.993669
Car -1 -1 -10 495.000000 182.000000 531.000000 215.000000 1.556895 1.561699 3.723950 -5.096499 2.100538 37.909716 1.544334 0.967579
Cyclist -1 -1 -10 380.000000 180.000000 414.000000 242.000000 1.670571 0.752777 1.740339 -6.024286 1.704994 20.569286 2.771585 0.014136
Cyclist -1 -1 -10 415.000000 195.000000 425.000000 226.000000 1.707622 0.563846 1.643839 -7.614589 1.891213 28.981975 -1.353086 0.011254
