Pedestrian -1 -1 -10 573.000000 163.000000 609.000000 273.000000 1.759567 0.604539 0.724868 -0.276243 1.491073 11.549039 0.031518 0.984710
Pedestrian -1 -1 -10 555.000000 169.000000 596.000000 275.000000 1.781040 0.631489 0.954072 -0.401002 1.506163 11.414074 0.490223 0.965658
Pedestrian -1 -1 -10 1002.000000 149.000000 1024.000000 214.000000 1.786952 0.575517 0.793778 10.403125 0.977745 18.205444 3.026123 0.179433
Pedestrian -1 -1 -10 1205.000000 146.000000 1223.000000 223.000000 1.729516 0.617165 0.639883 28.199494 0.318333 32.882185 -0.344960 0.124953
Pedestrian -1 -1 -10 881.000000 152.000000 899.000000 195.000000 1.828743 0.664335 0.828237 13.394553 0.577192 33.537104 1.500658 0.091451
Pedestrian -1 -1 -10 1183.000000 147.000000 1221.000000 281.000000 1.646418 0.489708 0.533463 7.043362 1.092162 7.979008 1.412438 0.018005
Pedestrian -1 -1 -10 1210.000000 112.000000 1222.000000 307.000000 1.787830 0.502463 0.666793 2.657378 0.798351 2.928531 0.767385 0.014803
Car -1 -1 -10 448.000000 173.000000 481.000000 199.000000 1.555344 1.646691 3.881020 -8.658613 1.038962 43.952607 1.480887 0.997051
Car -1 -1 -10 0.000000 205.000000 295.000000 365.000000 1.532854 1.585879 3.906519 -3.245569 1.747314 3.434044 -1.576448 0.974265
Cyclist -1 -1 -10 1205.000000 147.000000 1224.000000 222.000000 1.712978 0.531420 1.608745 28.304733 0.074179 33.089101 -0.856172 0.162274
Cyclist -1 -1 -10 1207.000000 116.000000 1222.000000 311.000000 1.744831 0.464377 1.555215 5.833885 0.731303 6.146857 -0.169328 0.039902
Cyclist -1 -1 -10 18.000000 198.000000 278.000000 361.000000 1.697487 0.651741 1.722899 -2.601640 1.672482 3.571120 -1.564656 0.019176
