Car -1 -1 -10 682.000000 179.000000 762.000000 237.000000 1.428539 1.608029 3.989571 3.007758 1.654391 20.156773 1.556618 0.999591
Car -1 -1 -10 399.000000 174.000000 507.000000 250.000000 1.494967 1.535554 3.445305 -3.243426 1.546386 15.472520 1.563393 0.999544
Car -1 -1 -10 468.000000 174.000000 545.000000 223.000000 1.514228 1.570927 3.749173 -3.112493 1.582960 22.568471 1.568182 0.996684
Car -1 -1 -10 14.000000 171.000000 406.000000 377.000000 1.584882 1.603473 3.820944 -3.295030 1.581469 6.796492 1.574120 0.993262
Car -1 -1 -10 651.000000 173.000000 685.000000 200.000000 1.476735 1.636228 3.844881 3.232278 1.508452 40.313585 -1.512154 0.986731
Car -1 -1 -10 772.000000 202.000000 1221.000000 372.000000 1.443897 1.687162 4.218993 2.824331 1.824339 6.095721 1.542103 0.984994
Car -1 -1 -10 -3.000000 213.000000 115.000000 374.000000 1.517173 1.595261 3.816377 -3.004126 1.550575 1.480822 -1.562441 0.577755
Car -1 -1 -10 9.000000 183.000000 205.000000 375.000000 1.522085 1.597804 3.806534 -3.056392 1.542104 1.520507 -1.528365 0.072575
Car -1 -1 -10 982.000000 228.000000 1233.000000 373.000000 1.438924 1.575542 3.959711 2.846955 1.831085 5.983818 1.338678 0.031655
Car -1 -1 -10 1103.000000 255.000000 1237.000000 371.000000 1.523534 1.587898 3.812253 1.625218 1.930977 4.436438 -0.250087 0.016027
Car -1 -1 -10 220.000000 179.000000 404.000000 289.000000 1.522812 1.556837 3.776590 -3.408806 1.432913 8.192522 1.611802 0.013125
