Car -1 -1 -10 635.000000 178.000000 673.000000 205.000000 1.489903 1.608494 3.858953 2.756145 1.082043 40.311598 -1.545268 0.999690
Car -1 -1 -10 97.000000 177.000000 407.000000 369.000000 1.575485 1.576893 3.594696 -3.575546 1.540919 7.830285 -1.550758 0.999517
Car -1 -1 -10 696.000000 185.000000 797.000000 256.000000 1.409459 1.559773 3.577824 2.942719 1.406015 16.010416 -1.592570 0.999407
Car -1 -1 -10 361.000000 180.000000 487.000000 260.000000 1.527092 1.639347 4.089074 -3.790367 1.447242 15.435155 -1.529307 0.998821
Car -1 -1 -10 459.000000 179.000000 519.000000 222.000000 1.490644 1.565410 3.762364 -4.390684 1.271551 27.236950 -1.581931 0.996233
Car -1 -1 -10 508.000000 179.000000 542.000000 206.000000 1.491690 1.580586 3.603081 -4.555040 1.077795 39.437483 1.530449 0.982333
Car -1 -1 -10 587.000000 177.000000 616.000000 202.000000 1.491667 1.629927 3.860610 -0.497059 0.984769 45.599873 -1.604138 0.953728
Car -1 -1 -10 0.000000 182.000000 166.000000 319.000000 1.471187 1.619529 3.993535 -7.916055 1.548725 8.847219 1.583896 0.670585
Car -1 -1 -10 349.000000 180.000000 421.000000 219.000000 1.489762 1.606791 3.884236 -8.284610 1.309102 27.507214 -1.368142 0.668976
Car -1 -1 -10 414.000000 172.000000 454.000000 199.000000 1.571298 1.598260 3.890746 -8.857268 0.676402 36.837370 -1.716146 0.063031
Car -1 -1 -10 48.000000 197.000000 262.000000 303.000000 1.527029 1.629250 3.908374 -8.160497 1.616600 9.304823 1.558348 0.061529
