Car -1 -1 -10 652.000000 179.000000 703.000000 219.000000 1.388606 1.616000 3.808975 2.594671 1.727949 27.979501 -1.566924 0.998879
Car -1 -1 -10 66.000000 180.000000 405.000000 274.000000 1.643389 1.635649 3.990837 -6.403151 1.587258 12.309802 -0.062701 0.998022
Car -1 -1 -10 0.000000 177.000000 247.000000 310.000000 1.537562 1.607201 3.639460 -6.964006 1.645126 9.812619 -3.102927 0.997509
Car -1 -1 -10 305.000000 179.000000 473.000000 235.000000 1.548445 1.591568 3.966524 -6.023697 1.686850 20.323016 -0.095130 0.960546
Car -1 -1 -10 209.000000 183.000000 415.000000 252.000000 1.464465 1.601355 4.062381 -6.088863 1.685922 15.886841 -2.580623 0.890505
Car -1 -1 -10 408.000000 178.000000 520.000000 215.000000 1.515849 1.613671 4.080196 -5.833792 1.754099 30.885281 -3.140509 0.627679
Car -1 -1 -10 457.000000 177.000000 534.000000 207.000000 1.533066 1.650442 3.849525 -5.784786 1.777383 42.843240 -3.188917 0.227316
Car -1 -1 -10 694.000000 73.000000 1006.000000 319.000000 2.123659 1.811256 4.536222 2.886493 1.555132 9.942897 -1.559407 0.153158
Car -1 -1 -10 680.000000 174.000000 719.000000 205.000000 1.625038 1.661359 3.846368 6.181366 1.981320 45.204150 -1.488272 0.065538
Car -1 -1 -10 710.000000 174.000000 794.000000 219.000000 1.567502 1.640289 3.868556 5.601859 1.377126 33.769652 -0.388281 0.051132
Car -1 -1 -10 379.000000 178.000000 481.000000 223.000000 1.517521 1.610162 3.958947 -6.832754 1.621404 27.551378 -3.251445 0.037825
Car -1 -1 -10 707.000000 166.000000 828.000000 240.000000 1.546582 1.606598 3.713602 3.363260 1.842133 22.051299 -0.695493 0.021664
