Pedestrian -1 -1 -10 -2.000000 187.000000 87.000000 349.000000 1.745347 0.624094 0.633509 -5.101667 1.241823 6.290787 -2.769253 0.026962
Car -1 -1 -10 102.000000 179.000000 386.000000 292.000000 1.589833 1.595819 3.935180 -5.845766 1.692507 11.224437 0.030081 0.995947
Car -1 -1 -10 721.000000 176.000000 806.000000 212.000000 1.471879 1.563445 3.541229 6.235372 1.600912 29.486517 -2.099328 0.990566
Car -1 -1 -10 288.000000 175.000000 438.000000 237.000000 1.513567 1.608448 3.769163 -7.030488 1.524904 20.796763 -3.143626 0.959146
Car -1 -1 -10 625.000000 175.000000 661.000000 201.000000 1.445763 1.580282 3.696189 1.927960 1.623233 41.984185 -1.696201 0.922852
Car -1 -1 -10 839.000000 169.000000 1235.000000 375.000000 1.601645 1.646839 3.955036 2.979438 1.633640 4.260613 -1.595164 0.917769
Car -1 -1 -10 -5.000000 171.000000 259.000000 328.000000 1.542254 1.635037 3.838126 -6.646912 1.596917 8.608603 -3.165159 0.818640
Car -1 -1 -10 338.000000 173.000000 476.000000 224.000000 1.530610 1.672080 4.181349 -6.212173 1.550427 23.314244 -2.923298 0.794931
Car -1 -1 -10 428.000000 172.000000 513.000000 206.000000 1.513211 1.637671 3.919039 -6.684861 1.670274 37.944446 -3.200669 0.123384
Car -1 -1 -10 385.000000 170.000000 500.000000 214.000000 1.572824 1.620793 3.718739 -4.705566 1.407184 27.004942 -1.742591 0.052117
Car -1 -1 -10 0.000000 178.000000 106.000000 336.000000 1.547806 1.563393 3.583136 -6.644832 1.248220 7.855541 -2.149981 0.036632
