Pedestrian -1 -1 -10 672.000000 167.000000 689.000000 208.000000 1.768476 0.644829 0.889045 3.181942 1.508775 32.908853 0.607227 0.926246
Car -1 -1 -10 796.000000 182.000000 1208.000000 376.000000 1.476103 1.589549 3.663290 3.058363 1.583618 6.459080 -1.618812 0.999689
Car -1 -1 -10 13.000000 186.000000 299.000000 322.000000 1.504480 1.618682 3.901814 -5.857745 1.737253 9.821637 1.547983 0.997653
Car -1 -1 -10 466.000000 177.000000 521.000000 206.000000 1.504564 1.575818 3.703388 -5.907489 1.648521 36.505458 1.003414 0.997633
Car -1 -1 -10 349.000000 177.000000 415.000000 202.000000 1.543570 1.629800 3.876885 -13.257824 1.917472 43.264358 0.845208 0.973173
Car -1 -1 -10 165.000000 175.000000 250.000000 223.000000 1.492418 1.585216 3.695584 -14.755639 1.745944 26.861394 1.509361 0.736379
Car -1 -1 -10 2.000000 206.000000 85.000000 373.000000 1.499651 1.613263 3.808390 -5.822421 1.730394 5.171272 1.551106 0.507967
Car -1 -1 -10 104.000000 179.000000 187.000000 218.000000 1.486616 1.615993 3.680520 -17.470385 1.729720 27.971367 -1.984321 0.289521
Car -1 -1 -10 5.000000 198.000000 152.000000 335.000000 1.543311 1.592761 3.817416 -6.460656 1.717344 8.566602 1.301074 0.046541
Cyclist -1 -1 -10 672.000000 169.000000 689.000000 207.000000 1.727742 0.574991 1.701067 3.146871 1.428249 32.969311 0.652430 0.148725
