Pedestrian -1 -1 -10 1075.000000 142.000000 1215.000000 372.000000 1.759702 0.615450 1.017485 3.678211 1.453357 4.860332 -1.833081 0.994740
Pedestrian -1 -1 -10 841.000000 164.000000 933.000000 363.000000 1.803758 0.586304 1.020434 2.640282 1.588653 6.699374 -1.723360 0.994097
Pedestrian -1 -1 -10 614.000000 178.000000 645.000000 249.000000 1.772974 0.657298 1.017527 0.735628 1.719926 18.535623 2.751047 0.987237
Pedestrian -1 -1 -10 553.000000 178.000000 585.000000 256.000000 1.791673 0.754936 0.989793 -0.732516 1.719999 16.601655 1.617814 0.975000
Pedestrian -1 -1 -10 2.000000 212.000000 82.000000 371.000000 1.687209 0.589293 0.707847 -3.772723 1.726110 4.662524 2.031794 0.555421
Pedestrian -1 -1 -10 729.000000 174.000000 742.000000 220.000000 1.804778 0.694622 0.878260 5.461413 1.545256 29.566872 -1.531798 0.453676
Pedestrian -1 -1 -10 126.000000 170.000000 170.000000 293.000000 1.903206 0.573683 0.994317 -7.072814 1.746387 11.413558 2.479855 0.191981
Pedestrian -1 -1 -10 845.000000 179.000000 919.000000 288.000000 1.730790 0.538120 0.639078 2.773656 1.905591 7.605579 0.433645 0.120511
Pedestrian -1 -1 -10 0.000000 184.000000 38.000000 333.000000 1.731682 0.548464 0.594847 -9.438927 1.613462 11.349892 1.866908 0.109892
Pedestrian -1 -1 -10 852.000000 187.000000 901.000000 252.000000 1.719906 0.599706 0.641275 4.498840 1.756609 12.681730 -1.756784 0.090895
Pedestrian -1 -1 -10 814.000000 191.000000 836.000000 252.000000 1.764194 0.632726 0.627933 5.835297 1.738417 18.398611 2.834242 0.077572
Pedestrian -1 -1 -10 859.000000 188.000000 880.000000 257.000000 1.742267 0.535301 0.579719 3.224096 1.643099 8.937556 3.307605 0.054032
Pedestrian -1 -1 -10 874.000000 187.000000 917.000000 261.000000 1.690853 0.554200 0.560866 6.013860 1.390401 14.763477 0.973578 0.049324
Pedestrian -1 -1 -10 888.000000 186.000000 909.000000 249.000000 1.736226 0.597597 0.545905 6.022945 1.567358 14.558954 3.015059 0.038435
Pedestrian -1 -1 -10 903.000000 197.000000 956.000000 270.000000 1.708523 0.586915 0.668109 4.806969 1.558726 10.535516 -0.628851 0.031909
Pedestrian -1 -1 -10 888.000000 191.000000 931.000000 287.000000 1.710144 0.596989 0.619272 4.518178 2.158128 10.186273 -0.643501 0.028503
Pedestrian -1 -1 -10 1173.000000 200.000000 1214.000000 309.000000 1.724286 0.532041 0.614799 5.497919 1.907449 6.880308 0.768043 0.023965
Car -1 -1 -10 384.000000 169.000000 536.000000 275.000000 1.962596 1.792268 4.302312 -2.748650 1.666474 15.314494 1.594866 0.964044
Car -1 -1 -10 483.000000 174.000000 568.000000 242.000000 1.828581 1.606547 3.982082 -2.074283 1.665616 21.746514 1.638057 0.082017
Cyclist -1 -1 -10 0.000000 208.000000 83.000000 369.000000 1.691482 0.544462 1.708298 -3.838470 1.581501 4.647172 -2.441888 0.170894
Cyclist -1 -1 -10 838.000000 170.000000 931.000000 354.000000 1.790938 0.609802 1.705282 2.634865 1.548306 6.694702 0.952954 0.044669
Cyclist -1 -1 -10 849.000000 184.000000 912.000000 256.000000 1.757884 0.525499 1.678797 5.981040 1.346024 15.870075 -0.203151 0.032155
Cyclist -1 -1 -10 855.000000 195.000000 876.000000 256.000000 1.697082 0.526094 1.604834 4.429609 1.582806 12.838259 -1.204128 0.019254
Cyclist -1 -1 -10 842.000000 199.000000 888.000000 250.000000 1.712978 0.531420 1.608745 7.694866 2.170548 22.659798 -1.216287 0.013560
