Pedestrian -1 -1 -10 648.000000 190.000000 730.000000 247.000000 1.767414 0.738756 0.933749 1.802029 2.108524 19.174432 -1.061081 0.012511
Car -1 -1 -10 423.000000 192.000000 502.000000 249.000000 1.476343 1.644674 3.889059 -4.333645 2.135921 21.453922 1.523020 0.998764
Car -1 -1 -10 751.000000 194.000000 973.000000 346.000000 1.544507 1.582160 3.491927 2.962582 1.876133 9.458951 -1.648313 0.997422
Car -1 -1 -10 687.000000 190.000000 789.000000 271.000000 1.560558 1.545625 3.355474 2.567390 1.989393 15.913463 -1.640128 0.996552
Car -1 -1 -10 647.000000 189.000000 732.000000 248.000000 1.456337 1.615886 3.789545 2.120214 1.937481 20.725309 -1.631762 0.995450
Car -1 -1 -10 -2.000000 198.000000 340.000000 375.000000 1.488393 1.627330 3.906779 -3.554333 1.812085 5.300354 1.540340 0.987226
Car -1 -1 -10 631.000000 189.000000 689.000000 233.000000 1.472804 1.625144 4.027340 1.786036 2.183466 26.647185 -1.638341 0.954464
Car -1 -1 -10 854.000000 211.000000 1242.000000 377.000000 1.469299 1.619279 3.870143 2.930187 1.778294 4.315275 -1.552307 0.936407
Car -1 -1 -10 467.000000 192.000000 515.000000 236.000000 1.515392 1.514962 3.572138 -4.830556 2.227047 26.840512 -1.596924 0.737295
Car -1 -1 -10 492.000000 192.000000 527.000000 221.000000 1.575631 1.534625 3.390412 -5.851010 2.385280 36.866205 1.526509 0.371764
