Car -1 -1 -10 652.000000 173.000000 704.000000 214.000000 1.571990 1.644461 4.004574 2.641258 1.644138 29.649575 -1.623405 0.999026
Car -1 -1 -10 724.000000 187.000000 906.000000 299.000000 1.427625 1.621896 3.993894 2.866205 1.665139 10.984321 -1.575822 0.998997
Car -1 -1 -10 512.000000 178.000000 565.000000 221.000000 1.476320 1.579900 3.761900 -2.512274 1.692359 25.860861 1.599838 0.997778
Car -1 -1 -10 5.000000 186.000000 318.000000 325.000000 1.546166 1.615695 3.966856 -5.951725 1.735916 8.354239 -0.069953 0.997732
Car -1 -1 -10 423.000000 176.000000 506.000000 210.000000 1.494737 1.648832 4.034229 -6.636890 1.611080 32.701507 -3.218650 0.987858
Car -1 -1 -10 283.000000 175.000000 432.000000 241.000000 1.560857 1.627074 3.908573 -6.172642 1.611569 17.015737 -3.197251 0.930190
Car -1 -1 -10 125.000000 182.000000 375.000000 279.000000 1.456773 1.531246 4.018280 -5.925617 1.844688 11.861001 -0.066915 0.779778
Car -1 -1 -10 1089.000000 186.000000 1236.000000 368.000000 1.497042 1.565950 3.750996 2.276458 1.707686 1.975067 -1.517614 0.156640
Car -1 -1 -10 455.000000 175.000000 521.000000 205.000000 1.577165 1.673565 3.871590 -5.887062 1.638538 33.883594 1.404822 0.079920
Car -1 -1 -10 340.000000 179.000000 435.000000 220.000000 1.521130 1.585813 3.524136 -6.846704 1.649666 21.283968 0.334467 0.027437
Cyclist -1 -1 -10 93.000000 183.000000 383.000000 280.000000 1.647950 0.920242 1.930642 -5.267015 1.826112 10.489913 -0.012600 0.013093
