Car -1 -1 -10 689.000000 183.000000 778.000000 251.000000 1.451218 1.584782 3.665418 2.866934 1.740358 17.482148 -1.555873 0.999306
Car -1 -1 -10 233.000000 180.000000 449.000000 254.000000 1.501878 1.547632 3.816763 -5.805958 1.655333 16.948862 0.025683 0.998505
Car -1 -1 -10 740.000000 173.000000 885.000000 228.000000 1.546772 1.631324 3.820171 6.340312 1.605067 22.492253 0.071871 0.993991
Car -1 -1 -10 381.000000 177.000000 494.000000 218.000000 1.555452 1.583573 3.796826 -6.257747 1.601348 25.934364 0.702569 0.970999
Car -1 -1 -10 88.000000 182.000000 442.000000 274.000000 1.489676 1.595116 3.926531 -6.146750 1.712521 12.987936 0.021894 0.961551
Car -1 -1 -10 882.000000 165.000000 1239.000000 372.000000 1.560851 1.598702 3.759943 2.850681 1.551859 3.535534 -1.603515 0.937126
Car -1 -1 -10 19.000000 182.000000 268.000000 304.000000 1.510850 1.603125 3.823739 -6.856280 1.766408 10.325793 -3.162327 0.917912
Car -1 -1 -10 317.000000 178.000000 477.000000 233.000000 1.521320 1.552561 3.817444 -5.941652 1.560392 21.177412 0.130856 0.899288
Car -1 -1 -10 -3.000000 154.000000 182.000000 337.000000 1.732074 1.650666 3.928218 -6.765528 1.549508 7.447724 -3.178057 0.592215
Car -1 -1 -10 690.000000 174.000000 747.000000 203.000000 1.551174 1.626024 4.036273 5.779320 1.633366 37.029661 -0.022115 0.429469
Car -1 -1 -10 2.000000 202.000000 102.000000 377.000000 1.506540 1.645478 4.134179 -6.198508 1.661532 5.301996 -0.036936 0.295205
Car -1 -1 -10 426.000000 176.000000 531.000000 209.000000 1.531915 1.578370 3.773547 -5.983160 1.608194 32.769682 0.667002 0.166325
