Pedestrian -1 -1 -10 420.000000 169.000000 455.000000 263.000000 1.751949 0.634801 0.794793 -3.322667 1.544140 14.307891 1.356678 0.997153
Pedestrian -1 -1 -10 706.000000 172.000000 748.000000 290.000000 1.791909 0.647457 0.961688 1.930137 1.583197 11.085022 1.196190 0.992839
Pedestrian -1 -1 -10 643.000000 171.000000 672.000000 238.000000 1.801966 0.652693 1.017475 1.532428 1.501079 19.872976 -1.553928 0.989594
Pedestrian -1 -1 -10 806.000000 165.000000 838.000000 251.000000 1.769336 0.689477 0.917574 4.415929 1.426533 14.586558 1.441388 0.981786
Pedestrian -1 -1 -10 842.000000 164.000000 874.000000 255.000000 1.729807 0.624604 0.598444 4.859017 1.470766 13.768550 1.926361 0.969934
Pedestrian -1 -1 -10 729.000000 175.000000 770.000000 283.000000 1.698983 0.571552 0.653342 2.329894 1.599346 11.362863 -1.912292 0.933001
Pedestrian -1 -1 -10 685.000000 176.000000 715.000000 259.000000 1.767266 0.573059 0.840747 1.963175 1.595918 14.535832 1.243818 0.880454
Pedestrian -1 -1 -10 371.000000 171.000000 401.000000 252.000000 1.658115 0.582772 0.544216 -4.457917 1.509520 14.631723 1.423087 0.765763
Pedestrian -1 -1 -10 760.000000 169.000000 791.000000 250.000000 1.715678 0.623012 0.841630 3.697003 1.428422 15.270373 -1.339392 0.749571
Pedestrian -1 -1 -10 781.000000 164.000000 806.000000 234.000000 1.830901 0.639050 0.779280 4.982719 1.314528 18.543928 -1.438588 0.692332
Pedestrian -1 -1 -10 679.000000 174.000000 698.000000 232.000000 1.797054 0.648851 0.779611 3.417651 1.513574 29.333176 -2.080951 0.045429
Pedestrian -1 -1 -10 1183.000000 136.000000 1237.000000 279.000000 1.738752 0.555857 0.540550 9.968110 1.632302 12.007189 3.660874 0.011176
Car -1 -1 -10 560.000000 178.000000 602.000000 212.000000 1.524321 1.642519 4.011350 -0.968773 1.384132 34.837010 1.636623 0.999255
Car -1 -1 -10 -2.000000 234.000000 189.000000 371.000000 1.447107 1.516137 3.789752 -3.373468 2.016420 3.658462 1.558499 0.446264
Car -1 -1 -10 0.000000 259.000000 68.000000 378.000000 1.462770 1.563180 3.850806 -2.685889 1.994115 3.549999 -2.785346 0.185141
Cyclist -1 -1 -10 364.000000 173.000000 404.000000 254.000000 1.689201 0.560619 1.753837 -4.400084 1.507109 14.514992 1.251621 0.085190
Cyclist -1 -1 -10 10.000000 228.000000 180.000000 370.000000 1.567507 0.547643 1.640838 -2.958171 1.961380 4.079178 1.607038 0.044015
Cyclist -1 -1 -10 943.000000 220.000000 1174.000000 371.000000 1.712624 0.673607 1.735845 2.740814 1.742386 4.511804 1.557007 0.042011
Cyclist -1 -1 -10 1184.000000 147.000000 1237.000000 277.000000 1.712978 0.531420 1.608745 5.727911 0.694836 6.625765 -0.864190 0.034096
Cyclist -1 -1 -10 2.000000 202.000000 75.000000 304.000000 1.630510 0.428074 1.674162 -8.328833 2.019817 10.847286 0.433648 0.020401
Cyclist -1 -1 -10 1203.000000 188.000000 1236.000000 315.000000 1.722314 0.384660 1.136730 8.346204 1.965498 9.765207 -0.873848 0.013644
