Pedestrian -1 -1 -10 935.000000 133.000000 993.000000 282.000000 1.789169 0.689567 1.053386 4.644297 1.294945 9.605757 -1.285362 0.996082
Pedestrian -1 -1 -10 998.000000 130.000000 1050.000000 292.000000 1.745727 0.679015 0.646077 5.228576 1.133874 9.276050 -1.230053 0.927951
Pedestrian -1 -1 -10 988.000000 137.000000 1034.000000 242.000000 1.740226 0.636219 0.647194 6.855289 1.631856 12.956795 3.128226 0.070595
Pedestrian -1 -1 -10 995.000000 140.000000 1018.000000 229.000000 1.747583 0.620348 0.718750 6.970641 1.460619 13.067452 2.990231 0.026027
Pedestrian -1 -1 -10 50.000000 199.000000 76.000000 257.000000 1.736310 0.642389 0.875387 -14.861345 2.846630 19.383069 -2.542717 0.023906
Car -1 -1 -10 903.000000 199.000000 1236.000000 370.000000 1.482027 1.576778 3.681838 3.006949 1.668761 3.884810 -1.600532 0.991237
Car -1 -1 -10 810.000000 166.000000 916.000000 204.000000 1.506720 1.607312 3.822896 10.216586 1.238073 28.818011 3.159067 0.969895
Car -1 -1 -10 24.000000 202.000000 141.000000 241.000000 1.492630 1.591497 3.729375 -20.250095 2.487073 28.133349 -3.123371 0.698235
Car -1 -1 -10 0.000000 204.000000 115.000000 262.000000 1.468133 1.579755 3.882984 -16.568126 2.326557 19.839809 0.025790 0.507312
Car -1 -1 -10 211.000000 177.000000 349.000000 230.000000 1.867205 1.732140 4.173735 -12.720187 2.115834 28.132253 -3.097883 0.398459
Car -1 -1 -10 309.000000 182.000000 373.000000 209.000000 1.513290 1.628953 3.896829 -14.180822 1.941068 37.410995 0.922302 0.044331
Car -1 -1 -10 192.000000 188.000000 253.000000 214.000000 1.524590 1.609011 3.812424 -19.959832 2.293197 37.143024 0.754338 0.022858
Car -1 -1 -10 0.000000 206.000000 54.000000 260.000000 1.458619 1.579425 3.775717 -16.526860 2.253034 19.868456 -0.069574 0.022800
Car -1 -1 -10 42.000000 201.000000 72.000000 261.000000 1.496059 1.608589 3.797636 -16.405350 2.378633 19.951454 0.577456 0.017707
Car -1 -1 -10 58.000000 198.000000 93.000000 243.000000 1.548874 1.486334 3.272098 -11.129526 1.850298 14.918564 1.467716 0.010007
Cyclist -1 -1 -10 991.000000 134.000000 1059.000000 289.000000 1.744418 0.534820 1.650487 5.211509 1.133177 9.401776 -0.982579 0.561182
Cyclist -1 -1 -10 896.000000 199.000000 1247.000000 363.000000 1.711357 0.703714 1.876449 2.345969 1.783808 3.856398 -1.585349 0.054339
Cyclist -1 -1 -10 934.000000 138.000000 995.000000 284.000000 1.861664 0.541117 1.712295 4.846397 1.366018 9.820821 -1.056868 0.041411
