Pedestrian -1 -1 -10 696.000000 166.000000 721.000000 238.000000 1.726899 0.611240 0.728550 2.125521 1.549134 15.812334 -1.491642 0.703398
Pedestrian -1 -1 -10 709.000000 162.000000 755.000000 241.000000 1.763023 0.598403 0.705119 2.231160 1.257118 13.806662 1.362544 0.065555
Pedestrian -1 -1 -10 729.000000 150.000000 769.000000 251.000000 1.815486 0.707810 0.894822 2.598281 1.449238 13.760871 2.776630 0.061036
Pedestrian -1 -1 -10 743.000000 150.000000 769.000000 218.000000 1.707166 0.534517 0.583876 2.999908 1.321035 15.251317 -1.996136 0.047316
Pedestrian -1 -1 -10 712.000000 166.000000 734.000000 236.000000 1.666787 0.560719 0.726655 2.117850 1.230996 13.862722 -1.424040 0.029794
Pedestrian -1 -1 -10 748.000000 153.000000 795.000000 213.000000 1.712757 0.553749 0.536801 3.034271 1.096331 14.857047 2.736829 0.014874
Pedestrian -1 -1 -10 726.000000 147.000000 817.000000 258.000000 1.743867 0.595524 1.033765 2.624773 1.383069 12.387650 3.304463 0.011120
Car -1 -1 -10 41.000000 171.000000 452.000000 375.000000 1.593910 1.669104 3.974451 -2.790102 1.604363 6.434337 -1.558521 0.999025
Car -1 -1 -10 595.000000 170.000000 621.000000 196.000000 1.577623 1.625277 3.771100 -0.133875 1.269105 46.180653 1.642519 0.996427
Car -1 -1 -10 69.000000 182.000000 305.000000 279.000000 1.630845 1.663109 4.167895 -16.272971 1.960133 25.297295 -2.681617 0.016194
Car -1 -1 -10 204.000000 181.000000 304.000000 222.000000 1.449011 1.591203 3.467829 -10.169951 1.712983 20.139496 2.043185 0.011079
Cyclist -1 -1 -10 712.000000 148.000000 832.000000 260.000000 1.778209 0.679720 1.861836 2.705722 1.396889 12.361456 -2.467219 0.999897
Cyclist -1 -1 -10 712.000000 156.000000 774.000000 254.000000 1.801846 0.542269 1.776149 2.531931 1.436337 14.167496 -0.835445 0.955052
Cyclist -1 -1 -10 878.000000 176.000000 915.000000 219.000000 1.679230 0.515521 1.705968 7.537998 1.633307 18.676490 1.505165 0.909078
Cyclist -1 -1 -10 703.000000 164.000000 743.000000 241.000000 1.768368 0.539708 1.698393 2.202928 1.456219 14.404862 -1.424795 0.618810
Cyclist -1 -1 -10 697.000000 167.000000 724.000000 236.000000 1.685835 0.528020 1.754609 2.066137 1.530515 15.729635 -1.560474 0.545495
Cyclist -1 -1 -10 734.000000 152.000000 764.000000 230.000000 1.681604 0.628837 1.709153 2.915223 0.993480 14.902469 2.221420 0.191172
Cyclist -1 -1 -10 725.000000 162.000000 755.000000 241.000000 1.698755 0.610268 1.818607 2.464880 1.322790 14.223578 -1.414472 0.171559
Cyclist -1 -1 -10 749.000000 152.000000 774.000000 220.000000 1.711087 0.565585 1.755109 2.864648 1.151088 15.139775 -1.460522 0.108094
Cyclist -1 -1 -10 730.000000 155.000000 809.000000 231.000000 1.715817 0.543486 1.716086 2.937817 1.276886 14.825708 2.917068 0.106597
Cyclist -1 -1 -10 756.000000 153.000000 803.000000 206.000000 1.715961 0.600618 1.641522 9.316807 0.658564 39.340178 -0.801956 0.017164
Cyclist -1 -1 -10 300.000000 179.000000 397.000000 222.000000 1.700294 0.523933 1.608584 -9.294789 1.725720 23.846287 -1.921410 0.011579
Cyclist -1 -1 -10 337.000000 178.000000 383.000000 211.000000 1.761958 0.688389 1.535217 -15.785136 1.825377 44.261612 2.694193 0.010685
