Pedestrian -1 -1 -10 842.000000 154.000000 884.000000 270.000000 1.743528 0.683245 0.811964 3.776212 1.327558 10.398248 -1.771836 0.990457
Pedestrian -1 -1 -10 562.000000 155.000000 572.000000 187.000000 1.766815 0.629392 0.596935 -2.064490 0.110573 42.469402 3.046500 0.185678
Pedestrian -1 -1 -10 980.000000 149.000000 1022.000000 271.000000 1.677728 0.550528 0.663526 5.674764 1.039979 10.126550 3.042706 0.130472
Pedestrian -1 -1 -10 543.000000 155.000000 553.000000 189.000000 1.768509 0.624928 0.741334 -2.911872 0.127168 40.139130 -1.110664 0.118639
Pedestrian -1 -1 -10 624.000000 155.000000 633.000000 182.000000 1.894131 0.713429 0.843181 1.921861 0.051090 49.002748 -0.045126 0.086811
Pedestrian -1 -1 -10 726.000000 153.000000 746.000000 228.000000 1.704436 0.510782 0.519277 3.518888 0.732771 18.684347 0.739776 0.063830
Pedestrian -1 -1 -10 621.000000 155.000000 629.000000 181.000000 1.835527 0.657776 0.812737 1.630971 0.129007 50.380699 -0.971780 0.056738
Pedestrian -1 -1 -10 1002.000000 149.000000 1034.000000 277.000000 1.701338 0.513750 0.776706 5.674322 1.060530 9.518068 3.037346 0.031351
Pedestrian -1 -1 -10 960.000000 147.000000 998.000000 266.000000 1.684847 0.542803 0.654429 4.647970 1.062313 9.133598 1.114833 0.019012
Pedestrian -1 -1 -10 152.000000 157.000000 318.000000 358.000000 1.692465 0.683037 0.726720 -2.773116 1.511461 5.404497 1.575488 0.014152
Pedestrian -1 -1 -10 948.000000 150.000000 967.000000 242.000000 1.752604 0.568492 0.713329 4.787741 1.144001 9.657203 2.612939 0.013746
Car -1 -1 -10 583.000000 162.000000 615.000000 188.000000 1.489683 1.583326 3.693277 -0.115933 0.475596 41.127672 1.521694 0.997163
Cyclist -1 -1 -10 115.000000 152.000000 344.000000 372.000000 1.729115 0.533305 1.744395 -2.713303 1.506939 5.367391 1.567020 0.999831
Cyclist -1 -1 -10 352.000000 157.000000 452.000000 327.000000 1.707352 0.525429 1.720624 -2.298249 1.476681 8.121442 1.637570 0.999416
Cyclist -1 -1 -10 370.000000 157.000000 405.000000 224.000000 1.760904 0.595810 1.764023 -6.426858 0.843997 20.958996 1.925876 0.015321
Cyclist -1 -1 -10 377.000000 167.000000 421.000000 217.000000 1.693065 0.622722 1.656604 -6.506246 0.887826 21.658307 -2.866108 0.014007
