Pedestrian -1 -1 -10 679.000000 170.000000 699.000000 230.000000 1.675799 0.546109 0.687967 1.980616 1.580552 18.416768 2.171707 0.456269
Pedestrian -1 -1 -10 695.000000 164.000000 732.000000 241.000000 1.687959 0.528216 0.707731 2.363624 1.537350 16.691564 1.159341 0.246612
Pedestrian -1 -1 -10 718.000000 156.000000 743.000000 241.000000 1.739714 0.601956 0.809913 2.583399 1.506575 15.238023 1.126992 0.121514
Pedestrian -1 -1 -10 684.000000 168.000000 715.000000 234.000000 1.749654 0.670177 0.774991 1.964176 1.584617 18.273364 2.690805 0.090275
Pedestrian -1 -1 -10 0.000000 181.000000 23.000000 239.000000 1.716107 0.597834 0.621664 -15.703065 1.784094 19.290417 -1.696925 0.057252
Pedestrian -1 -1 -10 723.000000 161.000000 752.000000 207.000000 1.687966 0.626798 0.627647 3.142580 1.381256 18.518201 -2.079297 0.050756
Pedestrian -1 -1 -10 706.000000 154.000000 765.000000 243.000000 1.733295 0.617439 0.952285 2.625501 1.473359 15.185672 1.130473 0.032923
Car -1 -1 -10 256.000000 177.000000 489.000000 343.000000 1.579148 1.648310 4.031462 -2.842734 1.611766 9.281894 -1.558183 0.999697
Car -1 -1 -10 591.000000 173.000000 618.000000 200.000000 1.540908 1.627826 3.726651 -0.511268 1.419218 46.303105 1.422871 0.998124
Car -1 -1 -10 1.000000 195.000000 83.000000 283.000000 1.516921 1.656096 3.982729 -12.294722 2.119254 13.976904 1.555138 0.418674
Car -1 -1 -10 408.000000 177.000000 441.000000 203.000000 1.454128 1.562319 3.456268 -6.971047 1.854231 26.974965 2.210067 0.044117
Car -1 -1 -10 392.000000 178.000000 445.000000 212.000000 1.457766 1.565185 3.454266 -6.749780 1.861051 25.347665 2.206707 0.013820
Cyclist -1 -1 -10 696.000000 157.000000 785.000000 245.000000 1.799210 0.747857 1.887595 2.544360 1.503138 15.509768 3.298925 0.999672
Cyclist -1 -1 -10 692.000000 163.000000 739.000000 243.000000 1.739756 0.518460 1.696588 2.345704 1.593638 17.049854 -0.859893 0.964226
Cyclist -1 -1 -10 680.000000 169.000000 706.000000 233.000000 1.663257 0.567642 1.837959 1.993544 1.554698 18.594051 1.580053 0.340187
Cyclist -1 -1 -10 689.000000 167.000000 716.000000 236.000000 1.796710 0.527086 1.691275 2.172494 1.534572 17.292986 -1.404884 0.307129
Cyclist -1 -1 -10 713.000000 156.000000 756.000000 240.000000 1.803612 0.617464 1.832021 2.653185 1.543337 15.153792 -2.064719 0.171476
Cyclist -1 -1 -10 841.000000 181.000000 871.000000 216.000000 1.658397 0.496826 1.590727 7.455975 1.775824 22.210573 -0.635039 0.063619
Cyclist -1 -1 -10 726.000000 161.000000 758.000000 200.000000 1.737519 0.472538 1.469409 2.667238 1.080007 12.810554 -0.665738 0.051570
Cyclist -1 -1 -10 718.000000 157.000000 741.000000 225.000000 1.767791 0.540457 1.728285 2.899083 1.308506 17.591407 -1.505809 0.039347
Cyclist -1 -1 -10 276.000000 184.000000 304.000000 214.000000 1.725799 0.719468 1.747491 -15.842371 2.292305 34.855747 -0.988506 0.012669
