Pedestrian -1 -1 -10 639.000000 156.000000 669.000000 243.000000 1.779466 0.635513 0.891522 1.079961 1.241686 15.199343 -1.554127 0.997022
Pedestrian -1 -1 -10 396.000000 153.000000 464.000000 358.000000 1.792118 0.661648 0.808448 -1.597772 1.525669 6.406828 1.796001 0.996404
Pedestrian -1 -1 -10 316.000000 160.000000 412.000000 376.000000 1.787769 0.690726 0.858598 -1.959234 1.550457 5.802487 1.630103 0.995823
Pedestrian -1 -1 -10 626.000000 158.000000 649.000000 219.000000 1.855473 0.662449 0.899895 1.086697 1.109272 23.458279 -1.550549 0.960271
Pedestrian -1 -1 -10 680.000000 161.000000 710.000000 239.000000 1.773897 0.625336 0.845836 1.940785 1.297883 15.044914 -1.390740 0.923938
Pedestrian -1 -1 -10 708.000000 166.000000 730.000000 230.000000 1.758342 0.636412 0.732275 2.959373 1.289393 18.041692 -1.833577 0.813171
Pedestrian -1 -1 -10 487.000000 163.000000 503.000000 217.000000 1.745642 0.599320 0.803147 -3.531595 1.235663 23.784461 1.804901 0.804208
Pedestrian -1 -1 -10 674.000000 164.000000 697.000000 232.000000 1.782092 0.621067 0.851211 2.018413 1.288692 18.105208 -0.533744 0.513877
Pedestrian -1 -1 -10 45.000000 252.000000 217.000000 371.000000 1.719906 0.599706 0.641275 -2.254642 1.639027 3.462867 -2.702005 0.501216
Pedestrian -1 -1 -10 752.000000 153.000000 778.000000 217.000000 1.783861 0.657916 0.810761 5.096183 0.916550 22.439967 -1.369769 0.453583
Pedestrian -1 -1 -10 732.000000 158.000000 754.000000 220.000000 1.737108 0.612692 0.850556 3.740104 1.078461 19.207730 -1.429134 0.407056
Pedestrian -1 -1 -10 998.000000 284.000000 1090.000000 372.000000 1.747829 0.602326 0.654309 1.802848 1.539300 3.053160 -1.568360 0.371110
Pedestrian -1 -1 -10 354.000000 160.000000 443.000000 363.000000 1.741355 0.645255 0.762636 -1.872091 1.553356 5.768356 0.886817 0.234943
Pedestrian -1 -1 -10 473.000000 165.000000 488.000000 208.000000 1.726240 0.474799 0.663186 -2.900780 1.718179 16.427930 2.854645 0.182001
Pedestrian -1 -1 -10 265.000000 198.000000 311.000000 297.000000 1.728016 0.656164 0.917815 -4.940533 1.564628 11.045135 0.836419 0.056902
Pedestrian -1 -1 -10 315.000000 185.000000 349.000000 272.000000 1.718843 0.571946 0.576434 -4.788084 1.659041 12.447030 -2.533579 0.037331
Car -1 -1 -10 565.000000 170.000000 599.000000 196.000000 1.517032 1.652391 4.101907 -1.013727 0.826116 42.468893 1.674131 0.997384
Car -1 -1 -10 19.000000 247.000000 235.000000 371.000000 1.523722 1.590355 3.756817 -1.788497 1.368951 4.726149 -1.546727 0.011529
Cyclist -1 -1 -10 747.000000 155.000000 782.000000 223.000000 1.775027 0.535388 1.649121 5.107221 0.938546 22.682528 -1.811268 0.117328
Cyclist -1 -1 -10 40.000000 249.000000 226.000000 371.000000 1.693776 0.573364 1.651834 -2.062978 1.550238 3.550068 -1.559753 0.091079
Cyclist -1 -1 -10 317.000000 188.000000 355.000000 269.000000 1.680284 0.547897 1.607791 -2.245573 1.413414 5.797488 -1.889894 0.049684
Cyclist -1 -1 -10 314.000000 170.000000 408.000000 357.000000 1.720484 0.636304 1.738994 -1.870763 1.497718 5.797910 1.907501 0.012670
