Pedestrian -1 -1 -10 861.000000 168.000000 952.000000 370.000000 1.671992 0.730642 0.501324 2.179677 1.579399 5.367681 1.422865 0.943118
Pedestrian -1 -1 -10 901.000000 207.000000 998.000000 368.000000 1.694716 0.553056 0.698862 2.229535 1.607681 5.334778 1.059803 0.514457
Pedestrian -1 -1 -10 439.000000 182.000000 469.000000 260.000000 1.736504 0.627039 0.624472 -2.685120 2.098144 12.669558 2.236845 0.410568
Car -1 -1 -10 804.000000 174.000000 871.000000 226.000000 1.445189 1.597210 3.937255 7.101871 1.532141 22.681007 -1.386745 0.998414
Car -1 -1 -10 899.000000 191.000000 1247.000000 376.000000 1.514848 1.584450 3.674433 3.085680 1.590030 4.989118 0.128080 0.992419
Car -1 -1 -10 373.000000 184.000000 511.000000 256.000000 1.542135 1.594285 3.838315 -3.670854 1.854802 14.413066 1.941536 0.959173
Car -1 -1 -10 790.000000 163.000000 828.000000 204.000000 1.697758 1.686232 3.924840 11.188639 1.344080 38.043898 0.272172 0.120289
Car -1 -1 -10 896.000000 200.000000 1014.000000 363.000000 1.524435 1.587767 3.843666 3.126121 1.443098 4.216178 -0.146570 0.071867
Car -1 -1 -10 896.000000 192.000000 1095.000000 271.000000 1.544282 1.635841 4.039838 11.296004 1.911463 20.786886 0.664909 0.025003
Car -1 -1 -10 796.000000 170.000000 846.000000 212.000000 1.510243 1.572347 3.514232 7.102593 1.712699 23.485034 -1.683033 0.010377
Cyclist -1 -1 -10 856.000000 180.000000 979.000000 369.000000 1.624333 0.624887 1.751547 2.172484 1.591896 5.368883 1.439343 0.571963
Cyclist -1 -1 -10 909.000000 201.000000 1000.000000 362.000000 1.666065 0.665887 1.786625 2.354738 1.457295 5.448500 3.061779 0.044611
Cyclist -1 -1 -10 864.000000 178.000000 948.000000 300.000000 1.666816 0.535614 1.613180 2.234240 1.455171 5.787968 -1.162704 0.037610
Cyclist -1 -1 -10 879.000000 177.000000 940.000000 235.000000 1.637749 0.500408 1.487896 8.921405 1.760494 21.157021 -1.636926 0.010335
