Pedestrian -1 -1 -10 785.000000 150.000000 808.000000 231.000000 1.694269 0.793921 0.928742 5.438902 1.072592 21.153555 -0.872007 0.704870
Pedestrian -1 -1 -10 767.000000 154.000000 787.000000 235.000000 1.718560 0.754933 0.798032 4.937179 1.250318 21.700070 1.957613 0.413760
Pedestrian -1 -1 -10 770.000000 157.000000 817.000000 227.000000 1.697582 0.732927 0.864978 5.425461 1.095255 21.243918 -0.727624 0.158414
Car -1 -1 -10 180.000000 189.000000 366.000000 294.000000 1.545163 1.570885 3.688210 -5.859404 1.894276 12.951105 1.553027 0.999556
Car -1 -1 -10 795.000000 181.000000 1161.000000 377.000000 1.462849 1.594200 3.721342 2.987609 1.577115 6.881827 -1.614599 0.997272
Car -1 -1 -10 321.000000 188.000000 427.000000 252.000000 1.486915 1.520775 3.603078 -5.830434 1.875152 18.051882 1.526640 0.995422
Car -1 -1 -10 724.000000 178.000000 896.000000 283.000000 1.499077 1.564686 3.572438 3.094810 1.587684 12.263211 -1.687630 0.990638
Car -1 -1 -10 705.000000 179.000000 792.000000 240.000000 1.469546 1.590077 3.746996 3.336575 1.617061 17.884393 -1.563873 0.979719
Car -1 -1 -10 1.000000 201.000000 118.000000 285.000000 1.521054 1.491143 3.794987 -10.759145 2.249521 14.494720 1.966293 0.195048
Car -1 -1 -10 862.000000 166.000000 938.000000 216.000000 1.493554 1.656307 4.065679 11.775138 1.049418 28.258004 0.230112 0.024329
Car -1 -1 -10 1.000000 193.000000 143.000000 349.000000 1.574117 1.630722 3.964310 -6.150778 1.779315 9.302265 -1.100760 0.023897
Car -1 -1 -10 742.000000 171.000000 829.000000 230.000000 1.480143 1.607545 3.906353 5.349807 0.870650 22.273093 2.153840 0.017494
Car -1 -1 -10 779.000000 166.000000 819.000000 232.000000 1.512835 1.609002 3.917122 4.798403 0.846602 22.558381 -2.409800 0.012161
Cyclist -1 -1 -10 861.000000 169.000000 953.000000 218.000000 1.704110 0.797021 1.777953 10.960587 1.375325 26.113023 0.410669 0.014286
