Car -1 -1 -10 766.000000 182.000000 1034.000000 330.000000 1.479888 1.608001 3.899950 3.286247 1.632508 9.121672 -1.580184 0.999538
Car -1 -1 -10 232.000000 193.000000 405.000000 280.000000 1.475065 1.640316 4.077123 -5.799988 2.001408 14.886786 1.607237 0.999433
Car -1 -1 -10 716.000000 179.000000 850.000000 265.000000 1.509054 1.641178 3.934791 3.255329 1.627084 14.702335 -1.555256 0.998760
Car -1 -1 -10 682.000000 181.000000 740.000000 227.000000 1.474333 1.557140 3.709884 3.351131 1.779813 24.422840 1.515058 0.996427
Car -1 -1 -10 361.000000 190.000000 455.000000 248.000000 1.497542 1.525311 3.675259 -5.783322 2.020120 20.809242 1.583302 0.994139
Car -1 -1 -10 449.000000 186.000000 507.000000 224.000000 1.515383 1.589590 3.928428 -5.632408 2.076849 29.998609 1.699232 0.994030
Car -1 -1 -10 996.000000 153.000000 1251.000000 261.000000 1.507476 1.621133 4.044663 8.282605 1.245379 10.780013 3.219769 0.993099
Car -1 -1 -10 1.000000 208.000000 222.000000 373.000000 1.474572 1.620640 3.944626 -5.950451 1.927141 7.583240 1.542707 0.979312
Car -1 -1 -10 664.000000 182.000000 717.000000 217.000000 1.512353 1.600370 3.773785 3.351134 1.852674 30.047663 1.484889 0.883723
Car -1 -1 -10 649.000000 180.000000 690.000000 208.000000 1.470090 1.595526 3.733174 3.200861 1.859234 38.814419 -1.604594 0.598961
Car -1 -1 -10 502.000000 180.000000 536.000000 206.000000 1.513391 1.625931 3.985088 -5.311631 1.999971 45.188463 1.579216 0.151678
Car -1 -1 -10 41.000000 189.000000 172.000000 244.000000 1.488941 1.564362 3.795420 -14.989954 1.849352 21.008114 0.260091 0.141977
