Pedestrian -1 -1 -10 799.000000 154.000000 828.000000 212.000000 1.752391 0.538528 0.563735 3.297300 1.721219 12.135226 3.234636 0.036293
Car -1 -1 -10 642.000000 176.000000 688.000000 213.000000 1.471447 1.611188 3.937635 2.321262 1.632378 31.997378 -1.597844 0.998864
Car -1 -1 -10 221.000000 190.000000 444.000000 321.000000 1.483802 1.642781 4.072766 -3.798543 1.830714 10.535744 1.559150 0.997395
Car -1 -1 -10 758.000000 158.000000 912.000000 209.000000 1.628080 1.713944 4.202017 7.787127 1.276779 26.536662 3.366860 0.991819
Car -1 -1 -10 -1.000000 203.000000 268.000000 334.000000 1.451636 1.627887 3.921448 -6.744987 1.999535 10.417361 1.582404 0.991159
Car -1 -1 -10 386.000000 187.000000 494.000000 252.000000 1.489523 1.526250 3.603698 -4.015397 1.893416 18.425575 1.581444 0.987210
Car -1 -1 -10 449.000000 181.000000 491.000000 214.000000 1.481440 1.615661 3.867519 -7.297028 1.777749 36.086601 1.343577 0.335185
Car -1 -1 -10 730.000000 161.000000 827.000000 201.000000 1.471988 1.573323 3.907220 6.414677 1.195677 28.530035 3.332632 0.184306
Car -1 -1 -10 903.000000 152.000000 979.000000 177.000000 1.520255 1.613473 3.778161 20.600501 0.259574 44.696310 -0.166670 0.133047
Car -1 -1 -10 430.000000 184.000000 494.000000 237.000000 1.526009 1.602326 3.581762 -4.331012 1.817848 20.700340 1.363496 0.026026
Car -1 -1 -10 799.000000 154.000000 828.000000 212.000000 1.460051 1.556993 3.464846 7.402165 1.776677 26.411887 2.731764 0.023022
Car -1 -1 -10 376.000000 188.000000 453.000000 235.000000 1.427103 1.567982 3.778103 -6.535021 2.138600 25.089255 1.845771 0.015382
Cyclist -1 -1 -10 799.000000 154.000000 828.000000 212.000000 1.667087 0.500877 1.582679 5.844147 1.462286 20.590654 -1.327122 0.012316
