Car -1 -1 -10 670.000000 183.000000 734.000000 231.000000 1.434268 1.564960 3.641532 2.700374 1.734144 22.421246 -1.587848 0.999388
Car -1 -1 -10 284.000000 180.000000 485.000000 239.000000 1.465540 1.561257 4.057323 -5.784623 1.772006 19.506009 0.097405 0.996576
Car -1 -1 -10 -3.000000 182.000000 251.000000 346.000000 1.550088 1.587843 4.029278 -6.098085 1.679387 7.500498 0.330905 0.996452
Car -1 -1 -10 741.000000 167.000000 978.000000 347.000000 1.600641 1.591341 3.717197 2.761569 1.644770 8.699112 -1.617700 0.982168
Car -1 -1 -10 356.000000 177.000000 504.000000 224.000000 1.588643 1.574389 3.978881 -5.958031 1.750247 24.776747 0.127601 0.977715
Car -1 -1 -10 53.000000 168.000000 327.000000 302.000000 1.722378 1.616901 4.010463 -6.836805 1.552369 12.257680 -3.168794 0.955372
Car -1 -1 -10 721.000000 173.000000 812.000000 219.000000 1.638683 1.671884 3.875311 6.294590 1.726169 27.514272 0.064087 0.951835
Car -1 -1 -10 412.000000 177.000000 511.000000 212.000000 1.532989 1.593039 3.698190 -5.885736 1.614382 31.692497 -3.099159 0.500707
Car -1 -1 -10 195.000000 185.000000 372.000000 258.000000 1.538104 1.620292 4.070095 -7.536873 1.739637 14.993961 -3.203722 0.176467
Car -1 -1 -10 677.000000 174.000000 723.000000 201.000000 1.583263 1.633063 3.858566 5.271157 1.437825 43.430197 0.085471 0.156256
