Car -1 -1 -10 570.000000 179.000000 605.000000 210.000000 1.615749 1.660436 3.873732 -1.122613 1.193838 39.268063 -1.588793 0.999745
Car -1 -1 -10 108.000000 193.000000 416.000000 371.000000 1.478309 1.619018 4.100488 -3.465024 1.606832 8.124115 -1.569462 0.999520
Car -1 -1 -10 414.000000 186.000000 487.000000 233.000000 1.441475 1.625677 3.905906 -5.114722 1.461281 23.499590 -1.589383 0.998757
Car -1 -1 -10 2.000000 195.000000 219.000000 311.000000 1.410466 1.569979 3.858759 -7.592320 1.634537 10.755603 -1.604230 0.996567
Car -1 -1 -10 343.000000 186.000000 401.000000 224.000000 1.431656 1.579385 3.661936 -9.015948 1.521198 26.932687 -1.584168 0.815410
Car -1 -1 -10 159.000000 179.000000 255.000000 235.000000 1.508835 1.658807 4.110482 -12.929393 1.507426 24.094156 -1.610391 0.544461
Car -1 -1 -10 295.000000 193.000000 368.000000 238.000000 1.484161 1.617032 3.749405 -9.388881 1.454238 26.649886 -1.932667 0.209872
Car -1 -1 -10 417.000000 182.000000 470.000000 213.000000 1.436397 1.620634 3.742864 -9.063402 1.150281 36.067269 1.939214 0.178001
Car -1 -1 -10 194.000000 194.000000 373.000000 280.000000 1.483001 1.721541 3.861102 -8.048989 1.288546 19.264495 1.540582 0.032397
Cyclist -1 -1 -10 157.000000 177.000000 261.000000 238.000000 1.744188 0.681067 1.792941 -12.694303 1.625532 22.237209 2.614457 0.061523
Cyclist -1 -1 -10 271.000000 192.000000 372.000000 241.000000 1.721360 0.556441 1.604800 -7.637474 1.439878 19.150267 2.701414 0.013337
