Car -1 -1 -10 679.000000 183.000000 765.000000 246.000000 1.449337 1.596489 3.766361 2.796560 1.754804 18.726764 -1.591907 0.999312
Car -1 -1 -10 789.000000 194.000000 1171.000000 376.000000 1.484605 1.584535 3.632461 2.895971 1.716042 6.466643 -1.601093 0.998463
Car -1 -1 -10 -12.000000 171.000000 326.000000 302.000000 1.595420 1.636615 4.026018 -6.331551 1.555297 9.557272 -3.202053 0.993947
Car -1 -1 -10 223.000000 177.000000 426.000000 248.000000 1.575212 1.658161 4.038233 -6.400708 1.627721 17.295180 0.066996 0.961243
Car -1 -1 -10 418.000000 178.000000 509.000000 216.000000 1.482919 1.623438 3.786656 -5.968550 1.624752 30.004037 -3.227944 0.926453
Car -1 -1 -10 653.000000 175.000000 704.000000 220.000000 1.513523 1.602224 3.715427 2.654445 1.719483 29.582263 -1.579459 0.907251
Car -1 -1 -10 134.000000 179.000000 333.000000 273.000000 1.561463 1.637419 3.852043 -6.953848 1.665843 12.390917 -3.176551 0.783064
Car -1 -1 -10 298.000000 170.000000 476.000000 231.000000 1.707958 1.710246 4.037444 -6.414385 1.606063 21.994050 -3.180084 0.591875
Car -1 -1 -10 -3.000000 186.000000 216.000000 362.000000 1.565819 1.578971 3.872037 -6.154575 1.625629 6.993601 0.037851 0.554935
Car -1 -1 -10 446.000000 178.000000 542.000000 207.000000 1.591669 1.641491 3.828754 -4.963909 1.714980 39.277088 -3.129471 0.045056
