Pedestrian -1 -1 -10 734.000000 168.000000 770.000000 269.000000 1.657501 0.566886 0.720767 2.247732 1.606192 11.518313 -1.441661 0.952912
Pedestrian -1 -1 -10 162.000000 174.000000 199.000000 294.000000 1.735253 0.616201 0.624838 -7.610493 2.537776 12.185680 2.577253 0.736751
Pedestrian -1 -1 -10 176.000000 188.000000 199.000000 265.000000 1.698853 0.534684 0.635855 -9.373201 1.993253 16.057301 -0.412990 0.212418
Pedestrian -1 -1 -10 779.000000 152.000000 846.000000 289.000000 1.700543 0.532662 0.703438 2.531778 1.491697 9.775972 2.920334 0.132896
Pedestrian -1 -1 -10 147.000000 190.000000 226.000000 261.000000 1.806058 0.593629 0.854793 -8.979258 2.193194 15.769835 0.003537 0.087889
Pedestrian -1 -1 -10 160.000000 189.000000 181.000000 275.000000 1.746736 0.597330 0.900850 -9.009340 2.393503 14.469466 0.990272 0.055946
Pedestrian -1 -1 -10 796.000000 156.000000 833.000000 258.000000 1.661544 0.474079 0.652122 3.101591 1.224627 10.714392 2.907243 0.053825
Pedestrian -1 -1 -10 742.000000 165.000000 803.000000 271.000000 1.768180 0.649091 0.728362 2.325357 1.561023 11.498199 2.771905 0.037054
Pedestrian -1 -1 -10 767.000000 143.000000 931.000000 307.000000 1.781491 0.606031 1.236912 2.747308 1.455667 8.195975 -1.921132 0.024967
Pedestrian -1 -1 -10 775.000000 174.000000 795.000000 244.000000 1.755569 0.460443 0.684335 3.234372 1.347028 13.453244 0.337194 0.011158
Pedestrian -1 -1 -10 782.000000 165.000000 829.000000 226.000000 1.746234 0.538515 0.559959 3.889476 1.569212 14.959705 3.228385 0.010398
Car -1 -1 -10 600.000000 174.000000 628.000000 200.000000 1.543833 1.649748 3.935203 0.424890 1.578519 46.346524 -1.568773 0.995693
Car -1 -1 -10 407.000000 183.000000 453.000000 212.000000 1.478783 1.629219 3.830066 -9.590596 2.104039 38.548006 1.573926 0.993264
Car -1 -1 -10 75.000000 198.000000 256.000000 270.000000 1.449822 1.599000 4.010520 -9.815767 2.059789 16.124394 1.611286 0.971212
Car -1 -1 -10 6.000000 188.000000 298.000000 370.000000 1.522244 1.542168 3.656465 -2.732274 1.696691 2.344813 1.635501 0.818755
Car -1 -1 -10 142.000000 192.000000 234.000000 261.000000 1.484301 1.626927 3.993770 -9.934727 2.053048 16.062070 1.627005 0.264023
Car -1 -1 -10 146.000000 198.000000 174.000000 272.000000 1.443664 1.522336 3.144654 -9.064518 2.193440 14.279483 0.436261 0.058535
Cyclist -1 -1 -10 771.000000 143.000000 967.000000 311.000000 1.807318 0.660990 1.836296 2.808163 1.469144 8.020176 -2.760897 0.999533
Cyclist -1 -1 -10 756.000000 151.000000 874.000000 297.000000 1.762411 0.517362 1.740733 2.524773 1.392715 10.057686 2.411426 0.980764
Cyclist -1 -1 -10 738.000000 166.000000 787.000000 270.000000 1.704684 0.525706 1.743206 2.179135 1.547010 11.540529 -1.825153 0.303578
Cyclist -1 -1 -10 786.000000 149.000000 844.000000 285.000000 1.780503 0.465742 1.711669 2.858455 1.465767 10.452902 -0.873267 0.277293
Cyclist -1 -1 -10 763.000000 162.000000 825.000000 271.000000 1.709986 0.579403 1.741083 2.863745 1.501122 10.712459 1.278389 0.129586
Cyclist -1 -1 -10 775.000000 174.000000 795.000000 244.000000 1.648607 0.504814 1.585365 4.500462 1.701426 17.954924 -1.338510 0.070548
Cyclist -1 -1 -10 959.000000 171.000000 1014.000000 236.000000 1.651279 0.577901 1.709594 7.653338 1.637459 14.520225 1.539613 0.065345
Cyclist -1 -1 -10 142.000000 192.000000 234.000000 261.000000 1.695670 0.741877 1.820977 -9.229414 2.066990 15.848840 2.135418 0.057399
Cyclist -1 -1 -10 148.000000 197.000000 177.000000 271.000000 1.763521 0.635099 1.604641 -9.707163 1.973458 15.467189 -1.576442 0.037237
Cyclist -1 -1 -10 63.000000 197.000000 250.000000 280.000000 1.723963 0.636409 1.755154 -9.701629 2.364955 15.360215 1.547343 0.024597
Cyclist -1 -1 -10 161.000000 177.000000 200.000000 290.000000 1.676764 0.696722 1.720221 -7.657599 2.343078 12.154599 -3.661580 0.023050
Cyclist -1 -1 -10 802.000000 152.000000 837.000000 250.000000 1.710993 0.612547 1.748717 3.102503 1.299651 10.975446 -1.384119 0.017871
Cyclist -1 -1 -10 26.000000 196.000000 289.000000 367.000000 1.650415 0.699721 1.735895 -2.329430 1.499773 2.921215 1.642254 0.017815
