Pedestrian -1 -1 -10 774.000000 162.000000 797.000000 218.000000 1.717446 0.589148 0.931537 5.390554 1.421087 22.166502 -1.410596 0.429984
Pedestrian -1 -1 -10 795.000000 164.000000 813.000000 213.000000 1.782785 0.669018 0.825038 7.361967 1.429065 27.326235 -1.566986 0.229813
Pedestrian -1 -1 -10 811.000000 167.000000 831.000000 210.000000 1.720618 0.624040 0.825880 8.045268 1.472083 27.180999 1.798846 0.056062
Car -1 -1 -10 1157.000000 199.000000 1238.000000 244.000000 1.536613 1.603515 3.969040 35.009616 4.216783 42.425073 3.802756 0.034148
Car -1 -1 -10 996.000000 164.000000 1076.000000 195.000000 1.462616 1.557824 3.468248 13.657454 1.720102 23.200062 2.990606 0.029655
Cyclist -1 -1 -10 961.000000 136.000000 1100.000000 323.000000 1.815978 0.470017 1.738761 4.424176 1.385604 7.752931 -1.610562 0.999851
Cyclist -1 -1 -10 772.000000 162.000000 798.000000 219.000000 1.727645 0.578052 1.722575 5.419575 1.470182 22.212742 -1.546691 0.996769
Cyclist -1 -1 -10 725.000000 170.000000 740.000000 202.000000 1.665416 0.431860 1.645260 6.417741 1.511118 38.539583 -1.397452 0.131881
Cyclist -1 -1 -10 811.000000 167.000000 831.000000 210.000000 1.741009 0.572423 1.716409 8.066857 1.488316 27.251610 -1.799120 0.051501
Cyclist -1 -1 -10 795.000000 166.000000 813.000000 212.000000 1.794365 0.546316 1.734565 7.340652 1.510627 27.507394 -1.265976 0.024011
Cyclist -1 -1 -10 1006.000000 163.000000 1063.000000 202.000000 1.676606 0.486751 1.561591 11.755545 1.665954 19.864737 -1.075882 0.012205
