Pedestrian -1 -1 -10 408.000000 177.000000 428.000000 237.000000 1.827692 0.705578 0.690621 -6.034406 2.054204 22.607224 1.530216 0.979660
Pedestrian -1 -1 -10 385.000000 184.000000 404.000000 232.000000 1.758334 0.719668 0.730487 -6.825195 2.059940 22.520224 -1.831294 0.248015
Pedestrian -1 -1 -10 363.000000 196.000000 473.000000 266.000000 1.716262 0.728186 0.845244 -4.004703 2.156135 14.859570 -3.154355 0.016819
Pedestrian -1 -1 -10 406.000000 181.000000 418.000000 231.000000 1.700174 0.549850 0.481228 -6.046106 1.838576 22.585308 2.382323 0.013231
Pedestrian -1 -1 -10 394.000000 185.000000 439.000000 246.000000 1.810715 0.737833 0.619859 -5.963306 2.094595 22.569677 -1.818818 0.011246
Car -1 -1 -10 729.000000 183.000000 914.000000 310.000000 1.492854 1.569614 3.556746 2.796478 1.641784 10.365292 -1.596625 0.999587
Car -1 -1 -10 668.000000 181.000000 736.000000 236.000000 1.485470 1.569955 3.534515 2.521045 1.717990 20.620826 -1.558777 0.998159
Car -1 -1 -10 365.000000 195.000000 473.000000 267.000000 1.416786 1.578639 3.592948 -4.361605 1.973323 16.590720 -1.615340 0.998107
Car -1 -1 -10 640.000000 178.000000 677.000000 211.000000 1.540083 1.614656 3.839473 2.379830 1.840408 36.469367 -1.588393 0.991447
Car -1 -1 -10 438.000000 181.000000 507.000000 235.000000 1.622793 1.637844 3.764847 -4.637917 1.979218 25.689347 -1.580305 0.989741
Car -1 -1 -10 495.000000 184.000000 533.000000 215.000000 1.572536 1.558435 3.722021 -5.134673 2.192699 39.616069 1.555090 0.931399
Car -1 -1 -10 748.000000 187.000000 812.000000 234.000000 1.498211 1.641426 4.028179 7.096785 1.850451 31.921291 -0.122521 0.049668
Cyclist -1 -1 -10 384.000000 184.000000 405.000000 233.000000 1.798207 0.638844 1.469560 -7.054310 1.816153 23.874272 -0.195331 0.014394
Cyclist -1 -1 -10 406.000000 179.000000 428.000000 234.000000 1.676480 0.710367 1.708748 -6.085136 1.714720 22.597121 0.833404 0.012636
