Pedestrian -1 -1 -10 840.000000 146.000000 889.000000 270.000000 1.765758 0.522646 0.853868 3.614527 1.215055 9.963641 -1.842629 0.998993
Pedestrian -1 -1 -10 1021.000000 145.000000 1124.000000 360.000000 1.739319 0.675353 0.842639 3.894136 1.375487 5.890438 1.593435 0.997473
Pedestrian -1 -1 -10 551.000000 152.000000 580.000000 229.000000 1.670292 0.521476 0.458543 -0.829664 1.018725 14.362669 0.986309 0.996458
Pedestrian -1 -1 -10 514.000000 151.000000 543.000000 231.000000 1.681293 0.585467 0.473315 -1.592957 1.028918 14.002652 0.965780 0.995128
Pedestrian -1 -1 -10 475.000000 143.000000 501.000000 210.000000 1.792032 0.666776 0.791075 -2.866444 0.787010 17.630037 -2.278218 0.920984
Pedestrian -1 -1 -10 650.000000 142.000000 670.000000 204.000000 1.856033 0.654757 0.651666 1.536094 0.633704 20.806291 -1.551095 0.712799
Pedestrian -1 -1 -10 644.000000 145.000000 658.000000 198.000000 1.739772 0.690369 0.862040 1.552246 0.460451 25.036891 0.135628 0.433709
Pedestrian -1 -1 -10 598.000000 142.000000 612.000000 190.000000 1.740338 0.651806 0.882681 -0.013945 0.306044 25.225148 -1.585996 0.415275
Pedestrian -1 -1 -10 547.000000 142.000000 565.000000 186.000000 1.814617 0.740214 0.614533 -2.483766 0.326765 31.452457 -1.305020 0.338060
Pedestrian -1 -1 -10 268.000000 137.000000 324.000000 257.000000 1.804846 0.625871 1.072467 -5.058301 1.106183 11.626284 -1.444595 0.279020
Pedestrian -1 -1 -10 483.000000 143.000000 506.000000 192.000000 1.705296 0.593755 0.669559 -2.693966 1.191065 16.532256 -2.366065 0.233099
Pedestrian -1 -1 -10 431.000000 140.000000 456.000000 202.000000 1.742651 0.523242 0.799345 -3.958666 0.595144 17.596392 0.382450 0.218845
Pedestrian -1 -1 -10 551.000000 146.000000 570.000000 200.000000 1.796161 0.611392 0.840484 -1.910228 1.089187 25.639638 0.040292 0.210152
Pedestrian -1 -1 -10 527.000000 144.000000 541.000000 187.000000 1.666904 0.546358 0.591845 -3.235123 0.531052 32.667220 2.440431 0.146251
Pedestrian -1 -1 -10 539.000000 142.000000 552.000000 182.000000 1.733417 0.626553 0.526180 -3.038879 0.521881 34.907848 -1.662521 0.140914
Pedestrian -1 -1 -10 440.000000 142.000000 466.000000 200.000000 1.711447 0.650995 0.634591 -3.942883 0.460133 17.792161 2.474707 0.109182
Pedestrian -1 -1 -10 492.000000 142.000000 508.000000 180.000000 1.842652 0.669314 0.883402 -5.476248 -0.011731 36.510717 2.369728 0.097914
Pedestrian -1 -1 -10 251.000000 136.000000 290.000000 255.000000 1.822625 0.606542 0.934411 -5.725325 1.096696 11.965670 -0.069516 0.090034
Pedestrian -1 -1 -10 422.000000 141.000000 445.000000 205.000000 1.841186 0.665510 0.997582 -5.664024 0.604779 22.666659 2.313858 0.045494
Pedestrian -1 -1 -10 456.000000 141.000000 473.000000 192.000000 1.754334 0.621425 0.640499 -5.007054 0.455733 25.409825 -1.375653 0.043594
Pedestrian -1 -1 -10 417.000000 142.000000 469.000000 207.000000 1.760629 0.592747 0.945851 -3.951504 0.766402 17.702821 -2.928262 0.038078
Cyclist -1 -1 -10 266.000000 139.000000 330.000000 255.000000 1.808793 0.609212 1.776029 -5.199591 1.131584 11.673875 1.723045 0.876052
Cyclist -1 -1 -10 422.000000 142.000000 462.000000 215.000000 1.757262 0.432700 1.671585 -3.991666 0.795811 17.629421 -1.438696 0.759448
Cyclist -1 -1 -10 649.000000 140.000000 671.000000 205.000000 1.820947 0.607206 1.713309 1.404799 0.607476 21.045035 -1.419937 0.527682
Cyclist -1 -1 -10 282.000000 143.000000 345.000000 225.000000 1.697156 0.518272 1.632875 -6.469126 1.095162 15.547130 -1.996585 0.399647
Cyclist -1 -1 -10 302.000000 145.000000 372.000000 213.000000 1.708347 0.557890 1.691291 -6.747310 1.166347 18.445757 -2.551863 0.283124
Cyclist -1 -1 -10 383.000000 149.000000 466.000000 218.000000 1.657186 0.486371 1.724350 -5.698496 0.559451 22.823905 -2.361203 0.266827
Cyclist -1 -1 -10 333.000000 147.000000 381.000000 201.000000 1.718044 0.439714 1.480800 -4.885916 0.933857 14.634838 -1.210929 0.144713
Cyclist -1 -1 -10 406.000000 142.000000 448.000000 210.000000 1.745546 0.515427 1.807540 -5.775583 0.589855 22.850872 0.945873 0.143871
Cyclist -1 -1 -10 439.000000 142.000000 465.000000 201.000000 1.715479 0.539865 1.642141 -4.016827 0.595788 18.457085 2.004564 0.121497
Cyclist -1 -1 -10 551.000000 148.000000 580.000000 226.000000 1.683601 0.551844 1.629040 -0.841052 0.969670 14.507248 1.559014 0.114062
Cyclist -1 -1 -10 396.000000 144.000000 428.000000 198.000000 1.777252 0.624869 1.832419 -6.438523 0.599708 23.072013 -2.410542 0.085131
Cyclist -1 -1 -10 360.000000 147.000000 403.000000 199.000000 1.653657 0.596517 1.655786 -7.163878 0.695663 22.552395 1.869111 0.063491
Cyclist -1 -1 -10 474.000000 140.000000 505.000000 204.000000 1.796885 0.492438 1.693703 -3.042369 0.641749 18.218234 -2.167707 0.058650
Cyclist -1 -1 -10 485.000000 142.000000 506.000000 186.000000 1.734124 0.518531 1.740881 -5.626999 -0.314612 36.718126 -2.179016 0.057535
Cyclist -1 -1 -10 551.000000 142.000000 567.000000 186.000000 1.741083 0.646333 1.573084 -2.038505 -0.007740 31.093207 2.517433 0.043302
Cyclist -1 -1 -10 251.000000 136.000000 290.000000 255.000000 1.770329 0.609584 1.760782 -5.540182 1.045299 11.877412 0.593462 0.039953
Cyclist -1 -1 -10 527.000000 144.000000 541.000000 187.000000 1.763045 0.500252 1.597111 -3.464410 -0.166840 33.028468 -2.542765 0.036133
Cyclist -1 -1 -10 538.000000 142.000000 552.000000 183.000000 1.720535 0.634714 1.570781 -2.890001 0.333492 35.771001 -1.649344 0.017868
Cyclist -1 -1 -10 456.000000 141.000000 473.000000 192.000000 1.841263 0.661080 1.508201 -5.585870 0.295568 27.564576 -1.770145 0.014168
