Pedestrian -1 -1 -10 1062.000000 207.000000 1115.000000 298.000000 1.721823 0.550225 0.595227 7.400586 1.982739 11.125533 0.685195 0.302248
Pedestrian -1 -1 -10 1039.000000 202.000000 1140.000000 353.000000 1.778343 0.676682 0.736409 3.243422 1.948005 4.958312 1.720525 0.041298
Pedestrian -1 -1 -10 0.000000 182.000000 132.000000 374.000000 1.732385 0.633703 0.775414 -3.862943 2.082659 4.719060 -0.116837 0.013102
Car -1 -1 -10 699.000000 180.000000 845.000000 277.000000 1.470953 1.636135 4.078778 2.677076 1.647237 13.045854 -1.582164 0.999546
Car -1 -1 -10 400.000000 170.000000 507.000000 213.000000 1.460513 1.564635 4.204964 -6.095820 1.507431 27.014398 -3.130552 0.987984
Car -1 -1 -10 774.000000 174.000000 946.000000 240.000000 1.486946 1.631299 3.898211 6.385373 1.551633 18.061480 0.097534 0.983199
Car -1 -1 -10 0.000000 173.000000 285.000000 298.000000 1.548651 1.602369 4.010491 -6.778710 1.501529 9.713326 0.021296 0.978574
Car -1 -1 -10 183.000000 173.000000 442.000000 250.000000 1.530513 1.598815 3.990803 -5.689354 1.544593 14.607679 -0.043789 0.958207
Car -1 -1 -10 712.000000 173.000000 798.000000 219.000000 1.577727 1.661511 4.016793 6.384078 1.497966 30.637360 -0.092385 0.913837
Car -1 -1 -10 675.000000 172.000000 739.000000 199.000000 1.687440 1.666277 3.997476 5.719370 1.519724 42.634369 -0.022842 0.724596
Car -1 -1 -10 0.000000 177.000000 147.000000 335.000000 1.531341 1.533187 3.569002 -6.491134 1.399092 7.552292 0.498866 0.714539
Car -1 -1 -10 307.000000 172.000000 479.000000 226.000000 1.513087 1.594195 3.630764 -5.658581 1.070847 18.470464 -1.229313 0.323288
Car -1 -1 -10 90.000000 171.000000 337.000000 256.000000 1.481554 1.625277 4.103209 -6.921491 1.503209 13.931187 -3.223392 0.303932
Car -1 -1 -10 436.000000 168.000000 530.000000 205.000000 1.464022 1.593837 3.814341 -5.850999 1.606486 32.606289 -3.173744 0.193548
Car -1 -1 -10 693.000000 172.000000 771.000000 204.000000 1.511269 1.632311 4.121053 5.890562 1.463966 37.203845 2.253207 0.143747
Car -1 -1 -10 950.000000 186.000000 1220.000000 371.000000 1.534621 1.610458 3.830587 3.993149 1.720414 4.416596 1.535289 0.061043
Cyclist -1 -1 -10 954.000000 199.000000 1210.000000 369.000000 1.718689 0.697560 1.830977 3.231576 1.737191 5.032112 -1.729025 0.176940
Cyclist -1 -1 -10 1056.000000 206.000000 1123.000000 308.000000 1.692415 0.572859 1.636148 3.127220 1.609353 4.486148 -0.939783 0.024463
