Pedestrian -1 -1 -10 158.000000 169.000000 200.000000 256.000000 1.791167 0.519724 0.942780 -8.934307 1.594813 14.573090 -3.091880 0.702095
Pedestrian -1 -1 -10 17.000000 158.000000 59.000000 224.000000 1.989245 0.699426 0.993014 -20.208718 1.360218 25.101125 -1.071456 0.095501
Pedestrian -1 -1 -10 34.000000 156.000000 57.000000 214.000000 1.893518 0.578487 0.841029 -20.531690 1.143825 25.646468 -0.140509 0.069402
Pedestrian -1 -1 -10 41.000000 160.000000 71.000000 211.000000 1.786031 0.468037 0.687358 -4.746776 1.189187 6.334522 -0.602336 0.020038
Pedestrian -1 -1 -10 10.000000 168.000000 40.000000 225.000000 1.807077 0.600671 0.848016 -20.665651 1.484828 25.225326 -3.379014 0.011226
Cyclist -1 -1 -10 424.000000 172.000000 600.000000 328.000000 1.761712 0.655170 1.835339 -0.941483 1.523267 7.790846 2.957585 0.999905
Cyclist -1 -1 -10 9.000000 164.000000 54.000000 226.000000 1.891741 0.794675 1.817310 -20.610556 1.384232 25.023911 -3.142128 0.517763
Cyclist -1 -1 -10 20.000000 159.000000 77.000000 219.000000 1.822054 0.641790 1.701099 -20.538446 1.229227 24.916696 -3.119510 0.019346
Cyclist -1 -1 -10 54.000000 161.000000 75.000000 215.000000 1.862960 0.704588 1.756936 -24.054841 1.019389 31.690310 -3.069745 0.012859
Cyclist -1 -1 -10 159.000000 168.000000 202.000000 252.000000 1.756338 0.584729 1.715863 -9.130865 1.500885 14.835206 -2.973350 0.012443
