Pedestrian -1 -1 -10 427.000000 168.000000 440.000000 204.000000 1.774993 0.705540 0.710850 -8.508374 1.317374 34.648941 -2.285628 0.234673
Pedestrian -1 -1 -10 458.000000 172.000000 518.000000 327.000000 1.753234 0.747585 0.718535 -1.361549 1.664839 8.044820 1.451314 0.030050
Car -1 -1 -10 635.000000 177.000000 671.000000 207.000000 1.510172 1.644229 3.628595 2.276466 1.774517 38.639961 1.564479 0.999501
Car -1 -1 -10 756.000000 198.000000 1059.000000 376.000000 1.475020 1.573436 3.584921 2.437317 1.715731 6.743851 -1.522960 0.999075
Car -1 -1 -10 381.000000 175.000000 502.000000 269.000000 1.580295 1.678576 3.974314 -3.078682 1.619052 14.207811 1.490378 0.994088
Car -1 -1 -10 487.000000 181.000000 551.000000 235.000000 1.482939 1.583104 3.661734 -2.846926 1.743570 22.020662 -1.545419 0.982630
Car -1 -1 -10 0.000000 176.000000 205.000000 330.000000 1.519937 1.641911 4.164201 -7.203934 1.529827 7.755204 -3.172792 0.771328
Car -1 -1 -10 947.000000 214.000000 1240.000000 370.000000 1.530938 1.572243 3.632359 1.984016 1.351094 2.803342 -0.075245 0.308746
Car -1 -1 -10 440.000000 183.000000 516.000000 248.000000 1.467831 1.545105 3.554171 -1.916845 1.480782 9.901590 -1.149743 0.063211
Car -1 -1 -10 441.000000 173.000000 522.000000 335.000000 1.653243 1.577043 3.663044 -1.699486 1.614235 8.493566 1.934505 0.037781
Cyclist -1 -1 -10 442.000000 167.000000 519.000000 343.000000 1.782620 0.641000 1.765810 -1.369346 1.706107 7.994585 1.565362 0.999384
Cyclist -1 -1 -10 379.000000 174.000000 502.000000 266.000000 1.667608 0.713233 1.745697 -3.252293 1.694123 12.714798 0.303682 0.288296
Cyclist -1 -1 -10 476.000000 179.000000 551.000000 237.000000 1.728491 0.600249 1.722451 -2.535492 1.859203 20.767627 -1.305389 0.024878
Cyclist -1 -1 -10 424.000000 167.000000 442.000000 207.000000 1.695857 0.554644 1.651533 -6.152927 1.283003 25.480837 -1.828863 0.011052
