Pedestrian -1 -1 -10 637.000000 159.000000 668.000000 249.000000 1.799686 0.704207 1.086755 0.998160 1.332928 14.652612 -1.516647 0.995878
Pedestrian -1 -1 -10 464.000000 165.000000 484.000000 225.000000 1.739830 0.595834 0.664676 -3.880861 1.276177 21.890877 1.862320 0.992599
Pedestrian -1 -1 -10 284.000000 149.000000 381.000000 375.000000 1.720060 0.581171 0.622529 -1.665065 1.544639 4.524398 0.170190 0.990233
Pedestrian -1 -1 -10 149.000000 159.000000 315.000000 370.000000 1.763345 0.731774 0.914581 -1.958254 1.591386 3.923901 -1.933340 0.971963
Pedestrian -1 -1 -10 618.000000 160.000000 643.000000 223.000000 1.884478 0.644652 1.032047 0.840809 1.223991 22.842953 -1.591643 0.961232
Pedestrian -1 -1 -10 450.000000 167.000000 465.000000 213.000000 1.678896 0.558088 0.655051 -4.517776 1.226925 22.678262 1.848020 0.950338
Pedestrian -1 -1 -10 677.000000 162.000000 706.000000 245.000000 1.833379 0.763826 0.932946 1.860511 1.354201 15.073804 1.669352 0.936049
Pedestrian -1 -1 -10 707.000000 167.000000 732.000000 234.000000 1.804995 0.758326 0.934455 3.030987 1.325883 18.328505 1.675599 0.841030
Pedestrian -1 -1 -10 668.000000 167.000000 695.000000 238.000000 1.801798 0.670503 0.867701 1.783174 1.365348 17.538461 -0.871516 0.795724
Pedestrian -1 -1 -10 720.000000 160.000000 744.000000 226.000000 1.718585 0.564482 0.775767 3.415355 1.135373 18.670698 -1.433013 0.658140
Pedestrian -1 -1 -10 751.000000 155.000000 775.000000 220.000000 1.791003 0.691340 0.954121 4.837622 1.007627 21.574670 -1.354937 0.476242
Pedestrian -1 -1 -10 98.000000 195.000000 146.000000 311.000000 1.682126 0.588085 0.650837 -2.989533 1.453633 4.394859 -2.814088 0.306695
Pedestrian -1 -1 -10 282.000000 164.000000 317.000000 259.000000 1.720293 0.650410 0.656777 -6.144771 1.368521 14.351044 -2.588595 0.285693
Pedestrian -1 -1 -10 700.000000 164.000000 719.000000 225.000000 1.777795 0.646152 0.692105 2.734153 1.221512 18.705875 -1.327668 0.177243
Pedestrian -1 -1 -10 272.000000 158.000000 318.000000 333.000000 1.786848 0.705662 0.657252 -4.065294 1.454430 9.378846 -1.466562 0.150114
Pedestrian -1 -1 -10 238.000000 160.000000 341.000000 370.000000 1.741391 0.612358 0.734879 -1.855266 1.404938 4.078853 0.193270 0.086745
Pedestrian -1 -1 -10 250.000000 181.000000 299.000000 353.000000 1.798878 0.742786 0.541535 -4.799472 1.615701 10.287333 -1.566274 0.067387
Pedestrian -1 -1 -10 258.000000 181.000000 300.000000 267.000000 1.813231 0.663961 0.735891 -4.629862 1.555460 10.228888 0.174448 0.065266
Pedestrian -1 -1 -10 628.000000 162.000000 653.000000 223.000000 1.719905 0.599706 0.641276 1.304360 2.199425 22.038057 -2.068355 0.064577
Car -1 -1 -10 553.000000 172.000000 589.000000 200.000000 1.590079 1.642878 3.869873 -1.785498 0.964166 41.048117 1.625576 0.998237
Cyclist -1 -1 -10 143.000000 205.000000 199.000000 288.000000 1.745795 0.497545 1.334899 -7.199512 1.734169 11.567376 -2.100352 0.102469
Cyclist -1 -1 -10 892.000000 187.000000 1214.000000 366.000000 1.696673 0.586943 1.763917 2.808868 1.777196 5.505211 1.206518 0.099813
Cyclist -1 -1 -10 749.000000 156.000000 776.000000 221.000000 1.819580 0.570551 1.768165 4.844650 1.093008 21.715581 -1.229660 0.082461
Cyclist -1 -1 -10 279.000000 164.000000 315.000000 259.000000 1.719119 0.651823 1.697119 -6.281288 1.170679 14.434411 2.310326 0.043129
Cyclist -1 -1 -10 102.000000 196.000000 159.000000 310.000000 1.693234 0.519528 1.573141 -2.747451 1.438502 3.970655 -2.158366 0.027130
Cyclist -1 -1 -10 788.000000 171.000000 970.000000 357.000000 1.704785 0.725311 1.754680 2.317842 1.784515 6.235402 0.856780 0.026371
Cyclist -1 -1 -10 261.000000 167.000000 324.000000 304.000000 1.759721 0.603621 1.391822 -5.364499 1.224740 12.227018 0.165703 0.018098
Cyclist -1 -1 -10 119.000000 175.000000 338.000000 367.000000 1.666054 0.634606 1.661141 -2.021695 1.379164 3.778520 -3.611092 0.016651
Cyclist -1 -1 -10 289.000000 162.000000 378.000000 336.000000 1.646202 0.631861 1.597359 -2.057135 1.309771 5.156534 1.896735 0.012021
