Pedestrian -1 -1 -10 -1.000000 179.000000 59.000000 362.000000 1.722725 0.598656 0.610531 -4.352061 1.750380 5.172359 -1.699631 0.109111
Car -1 -1 -10 352.000000 174.000000 453.000000 223.000000 1.541624 1.640330 3.872248 -7.155228 1.686581 25.107340 -3.081793 0.997418
Car -1 -1 -10 700.000000 183.000000 838.000000 260.000000 1.460190 1.590090 3.651412 2.890948 1.653535 15.509802 1.574688 0.986027
Car -1 -1 -10 402.000000 175.000000 506.000000 218.000000 1.567079 1.622910 4.140993 -6.565380 1.655569 27.651165 -0.027999 0.983259
Car -1 -1 -10 -4.000000 161.000000 348.000000 313.000000 1.712680 1.691892 3.963277 -5.835498 1.607957 9.778309 -3.266709 0.980222
Car -1 -1 -10 637.000000 176.000000 674.000000 203.000000 1.541383 1.646902 4.051713 3.027621 1.754269 43.054121 -0.019080 0.638318
Car -1 -1 -10 156.000000 169.000000 370.000000 263.000000 1.518543 1.616895 3.901239 -6.285169 1.565884 13.208681 -2.634117 0.338463
Car -1 -1 -10 444.000000 176.000000 521.000000 211.000000 1.490296 1.618961 3.896159 -5.370053 1.564606 30.792592 1.513361 0.076456
Car -1 -1 -10 0.000000 173.000000 70.000000 360.000000 1.518274 1.629410 3.998901 -6.095466 1.655392 4.805364 -2.855679 0.028901
Car -1 -1 -10 652.000000 175.000000 683.000000 209.000000 1.580919 1.618910 3.692857 1.780819 1.389781 29.623400 2.087440 0.015517
Car -1 -1 -10 475.000000 177.000000 540.000000 203.000000 1.522364 1.598958 3.668539 -6.109881 1.703768 45.191139 0.818450 0.010306
