Car -1 -1 -10 668.000000 175.000000 736.000000 225.000000 1.455383 1.617091 3.848663 2.811670 1.619152 22.812745 -1.579733 0.999663
Car -1 -1 -10 735.000000 178.000000 926.000000 308.000000 1.455294 1.609214 3.768273 2.929981 1.593923 10.669869 -1.586203 0.996271
Car -1 -1 -10 311.000000 174.000000 470.000000 228.000000 1.577474 1.625188 3.946986 -6.340331 1.543772 21.391294 0.118540 0.992289
Car -1 -1 -10 -3.000000 148.000000 250.000000 351.000000 1.785031 1.703289 4.197235 -6.144652 1.546067 7.021988 -0.088635 0.989402
Car -1 -1 -10 843.000000 201.000000 1237.000000 373.000000 1.482701 1.582976 3.736595 2.883141 1.728966 5.136356 -1.591801 0.979810
Car -1 -1 -10 79.000000 167.000000 401.000000 279.000000 1.572148 1.629225 4.030990 -5.930330 1.492124 13.284190 -3.382594 0.971438
Car -1 -1 -10 649.000000 169.000000 692.000000 207.000000 1.592013 1.637839 3.875614 2.784867 1.514891 33.631846 -1.570109 0.921975
Car -1 -1 -10 356.000000 169.000000 501.000000 216.000000 1.769828 1.733168 4.130611 -6.425028 1.515213 26.070475 -3.175190 0.660788
Car -1 -1 -10 206.000000 171.000000 416.000000 243.000000 1.679856 1.646248 3.649857 -6.378303 1.803284 16.653318 -2.565264 0.356749
Car -1 -1 -10 432.000000 173.000000 522.000000 207.000000 1.502674 1.590198 3.785392 -5.803409 1.275672 34.311186 -2.925861 0.206727
