Pedestrian -1 -1 -10 457.000000 166.000000 500.000000 272.000000 1.719641 0.647486 0.687461 -2.179471 1.489112 11.506924 0.288926 0.992002
Pedestrian -1 -1 -10 1055.000000 131.000000 1168.000000 303.000000 1.830195 0.656093 1.167648 5.287885 1.226377 7.508696 0.224932 0.986986
Pedestrian -1 -1 -10 1024.000000 140.000000 1123.000000 299.000000 1.782054 0.609912 1.150297 5.268720 1.271540 7.948339 0.057725 0.966557
Pedestrian -1 -1 -10 424.000000 171.000000 470.000000 278.000000 1.752206 0.611862 0.850332 -2.477668 1.595794 10.984664 0.317774 0.651271
Pedestrian -1 -1 -10 1003.000000 148.000000 1029.000000 213.000000 1.759057 0.583983 0.815347 10.432666 0.979240 18.134384 3.052586 0.168934
Pedestrian -1 -1 -10 1019.000000 153.000000 1084.000000 232.000000 1.750436 0.463941 0.686786 6.461496 1.228339 10.246827 0.664585 0.078556
Pedestrian -1 -1 -10 1008.000000 149.000000 1053.000000 218.000000 1.785946 0.571578 0.827317 10.041660 1.585543 17.323964 3.647888 0.068259
Pedestrian -1 -1 -10 1037.000000 154.000000 1082.000000 203.000000 1.844439 0.496387 0.889455 20.785660 0.705691 32.277018 -2.568774 0.021252
Pedestrian -1 -1 -10 1037.000000 161.000000 1060.000000 222.000000 1.769429 0.618970 0.839388 20.521856 0.567823 33.071298 0.575218 0.013737
Pedestrian -1 -1 -10 1075.000000 150.000000 1130.000000 213.000000 1.744871 0.542874 0.555649 6.949459 1.722570 10.070373 3.568542 0.010915
Pedestrian -1 -1 -10 880.000000 153.000000 898.000000 195.000000 1.793330 0.552766 0.913631 13.321808 0.568729 33.394274 0.927969 0.010782
Car -1 -1 -10 0.000000 204.000000 293.000000 365.000000 1.500535 1.601236 3.910743 -3.282367 1.682641 3.321308 -1.570324 0.975233
Car -1 -1 -10 446.000000 171.000000 485.000000 218.000000 1.592780 1.652882 4.005166 -8.485334 1.105096 43.965102 1.518696 0.012065
Cyclist -1 -1 -10 1018.000000 143.000000 1132.000000 292.000000 1.757005 0.546139 1.765887 5.334585 1.234258 7.894951 0.103608 0.311835
Cyclist -1 -1 -10 1011.000000 152.000000 1063.000000 217.000000 1.712978 0.531420 1.608745 10.290311 0.989951 18.036236 -1.019449 0.152456
Cyclist -1 -1 -10 1000.000000 149.000000 1039.000000 214.000000 1.725711 0.509629 1.730992 10.568468 0.894954 18.499944 -1.267707 0.071319
Cyclist -1 -1 -10 1037.000000 161.000000 1060.000000 222.000000 1.764759 0.578180 1.726607 20.708552 0.462645 33.132844 0.596912 0.054993
Cyclist -1 -1 -10 1030.000000 156.000000 1075.000000 209.000000 1.651245 0.507405 1.608561 10.821472 1.371107 16.926390 -1.027648 0.040505
Cyclist -1 -1 -10 1017.000000 156.000000 1111.000000 235.000000 1.692317 0.564085 1.606029 11.502054 1.024816 17.699981 -0.983237 0.038980
Cyclist -1 -1 -10 1027.000000 144.000000 1081.000000 282.000000 1.774875 0.547259 1.635410 5.689489 1.155834 8.969323 -1.431015 0.025028
Cyclist -1 -1 -10 431.000000 172.000000 473.000000 280.000000 1.720998 0.512627 1.765813 -2.367606 1.511589 11.165796 -1.405971 0.023297
Cyclist -1 -1 -10 456.000000 167.000000 499.000000 274.000000 1.750751 0.621133 1.753949 -2.136490 1.509416 11.539793 2.070901 0.015671
Cyclist -1 -1 -10 -7.000000 202.000000 291.000000 365.000000 1.644760 0.775013 1.826682 -2.501235 1.656256 3.506474 -1.524420 0.010945
