Car -1 -1 -10 633.000000 178.000000 676.000000 211.000000 1.505167 1.652741 3.912129 2.030780 1.777616 33.814358 -1.637675 0.998287
Car -1 -1 -10 164.000000 162.000000 386.000000 261.000000 1.592399 1.639614 3.933134 -7.014884 1.649732 14.449803 -3.197796 0.993660
Car -1 -1 -10 985.000000 186.000000 1252.000000 357.000000 1.540114 1.603771 3.930229 6.079288 1.725738 7.498392 0.038789 0.991721
Car -1 -1 -10 -7.000000 180.000000 296.000000 316.000000 1.495944 1.619740 3.851112 -6.695355 1.668523 9.882531 -3.079585 0.990633
Car -1 -1 -10 374.000000 177.000000 498.000000 217.000000 1.483107 1.568199 3.932535 -6.735111 1.683153 28.124170 0.049047 0.989690
Car -1 -1 -10 882.000000 185.000000 1141.000000 299.000000 1.513872 1.603389 3.818646 6.005035 1.734881 10.486716 0.016028 0.987695
Car -1 -1 -10 766.000000 182.000000 1008.000000 260.000000 1.600395 1.620520 4.036950 5.976682 1.756929 15.626193 3.037812 0.983048
Car -1 -1 -10 740.000000 176.000000 896.000000 246.000000 1.506385 1.563617 3.927866 5.445772 1.721794 18.442108 2.985927 0.974504
Car -1 -1 -10 1110.000000 190.000000 1240.000000 376.000000 1.519791 1.635227 3.997257 5.757663 1.638625 5.466136 0.165506 0.436985
Car -1 -1 -10 499.000000 175.000000 535.000000 203.000000 1.640420 1.681846 3.901269 -6.124945 1.662406 42.393416 -1.628305 0.070254
Cyclist -1 -1 -10 511.000000 172.000000 533.000000 222.000000 1.665825 0.500754 1.697715 -3.297514 1.751610 26.827849 1.537182 0.952404
