Pedestrian -1 -1 -10 576.000000 177.000000 588.000000 202.000000 1.731399 0.458895 0.674039 -0.601802 1.461563 15.320518 0.085558 0.030682
Car -1 -1 -10 582.000000 178.000000 623.000000 214.000000 1.519537 1.657723 4.019182 -0.279252 1.256812 33.813708 -1.590518 0.999679
Car -1 -1 -10 233.000000 185.000000 451.000000 318.000000 1.501780 1.615891 3.868354 -3.592547 1.544812 10.344816 -1.560752 0.999582
Car -1 -1 -10 469.000000 185.000000 537.000000 235.000000 1.447111 1.628278 3.953211 -3.364886 1.428386 22.558107 -1.579547 0.999213
Car -1 -1 -10 196.000000 185.000000 335.000000 258.000000 1.397388 1.610285 3.814711 -7.596930 1.505283 16.597884 -1.473055 0.989466
Car -1 -1 -10 105.000000 184.000000 235.000000 246.000000 1.472329 1.627297 3.835434 -11.480352 1.510160 18.230405 -1.581487 0.921058
Car -1 -1 -10 -6.000000 175.000000 182.000000 333.000000 1.553050 1.651773 4.008681 -7.756369 1.545385 9.534469 -1.593095 0.593383
Car -1 -1 -10 372.000000 183.000000 434.000000 225.000000 1.445258 1.559494 3.854067 -7.393042 1.442441 25.845993 1.599336 0.254548
Car -1 -1 -10 432.000000 180.000000 483.000000 212.000000 1.506993 1.627710 3.947636 -7.612803 1.294917 36.237748 -1.609722 0.178774
Car -1 -1 -10 496.000000 184.000000 535.000000 212.000000 1.528384 1.669194 3.857038 -4.733340 1.633408 37.770830 -1.659679 0.095736
Car -1 -1 -10 192.000000 184.000000 297.000000 226.000000 1.592041 1.656342 3.881718 -12.352407 1.437640 24.871921 -1.623706 0.075253
Car -1 -1 -10 332.000000 183.000000 380.000000 211.000000 1.536197 1.601347 3.952035 -12.642804 1.140532 35.768048 1.548066 0.073224
