Pedestrian -1 -1 -10 0.000000 201.000000 62.000000 368.000000 1.753760 0.623126 0.695918 -5.377900 2.569717 6.388624 -1.794027 0.058048
Pedestrian -1 -1 -10 765.000000 164.000000 775.000000 210.000000 1.745833 0.599655 0.612752 6.383990 1.079548 28.782525 -1.413679 0.016348
Car -1 -1 -10 791.000000 176.000000 1104.000000 353.000000 1.463592 1.541885 3.617590 3.380513 1.584802 7.892760 1.500869 0.999343
Car -1 -1 -10 190.000000 189.000000 399.000000 285.000000 1.474476 1.621636 4.016895 -5.659818 1.855584 13.454613 1.669615 0.999119
Car -1 -1 -10 717.000000 176.000000 867.000000 268.000000 1.462819 1.641084 4.015266 3.299130 1.543484 13.829717 -1.629687 0.998867
Car -1 -1 -10 680.000000 173.000000 752.000000 225.000000 1.490978 1.601395 3.737246 3.105992 1.539771 22.325351 -1.584417 0.995558
Car -1 -1 -10 431.000000 175.000000 494.000000 219.000000 1.564575 1.570682 3.690270 -5.722061 1.780040 28.309942 1.563963 0.989883
Car -1 -1 -10 663.000000 173.000000 719.000000 212.000000 1.504168 1.556798 3.509413 3.150211 1.518424 27.647091 -1.633181 0.968308
Car -1 -1 -10 461.000000 176.000000 511.000000 211.000000 1.470697 1.573556 3.887385 -5.524777 1.735446 33.575360 1.540435 0.827055
Cyclist -1 -1 -10 0.000000 207.000000 57.000000 369.000000 1.716773 0.644098 1.716607 -5.165396 2.320854 6.104584 1.524177 0.052478
Cyclist -1 -1 -10 765.000000 164.000000 775.000000 210.000000 1.695644 0.501022 1.641867 7.046069 1.594518 31.900371 -1.458635 0.043728
Cyclist -1 -1 -10 756.000000 166.000000 780.000000 207.000000 1.752746 0.548338 1.484461 6.623847 0.996406 29.279410 2.729283 0.023310
