Car -1 -1 -10 577.000000 173.000000 656.000000 248.000000 1.521525 1.665402 3.618623 0.031412 1.298080 17.403856 -1.589297 0.999281
Car -1 -1 -10 422.000000 185.000000 495.000000 232.000000 1.434678 1.581644 3.668066 -4.726828 1.406317 22.893355 -1.572396 0.999256
Car -1 -1 -10 198.000000 181.000000 417.000000 315.000000 1.562016 1.599876 3.713844 -4.190627 1.558941 10.788524 -1.559370 0.998728
Car -1 -1 -10 -4.000000 189.000000 234.000000 289.000000 1.449984 1.594713 3.957364 -8.476496 1.545268 12.819981 -1.565810 0.997363
Car -1 -1 -10 477.000000 181.000000 528.000000 217.000000 1.550385 1.649545 4.095003 -4.471988 1.294660 30.954585 -1.592809 0.996080
Car -1 -1 -10 352.000000 182.000000 416.000000 221.000000 1.472760 1.610058 3.918659 -8.355545 1.336025 26.577150 -1.569053 0.538416
Car -1 -1 -10 212.000000 184.000000 294.000000 222.000000 1.534409 1.649544 3.953595 -13.078894 1.350409 27.097851 -1.457260 0.366347
Car -1 -1 -10 599.000000 169.000000 645.000000 214.000000 1.549717 1.488174 3.207004 0.359926 1.464011 23.012356 1.609364 0.174142
Car -1 -1 -10 86.000000 188.000000 207.000000 236.000000 1.503880 1.586852 3.799967 -12.383370 1.491457 18.797041 1.642059 0.096880
Car -1 -1 -10 209.000000 186.000000 378.000000 252.000000 1.483683 1.626777 3.845490 -9.419443 1.836892 14.895792 -2.960433 0.076086
Car -1 -1 -10 311.000000 186.000000 403.000000 228.000000 1.518733 1.598159 3.553963 -8.456856 1.522437 25.707809 -1.569598 0.039090
