Car -1 -1 -10 572.000000 173.000000 617.000000 213.000000 1.505380 1.657567 3.718648 -0.666077 1.105274 31.602888 -1.596717 0.999667
Car -1 -1 -10 81.000000 185.000000 357.000000 319.000000 1.479813 1.603400 3.754006 -5.116080 1.524966 10.133918 -1.553734 0.999282
Car -1 -1 -10 108.000000 182.000000 230.000000 236.000000 1.479822 1.605505 3.791551 -11.860228 1.426573 20.109051 -1.549754 0.759160
Car -1 -1 -10 482.000000 171.000000 531.000000 208.000000 1.579512 1.644822 4.155039 -5.380328 0.939750 37.324877 -3.252604 0.500857
Car -1 -1 -10 264.000000 177.000000 344.000000 233.000000 1.681919 1.629994 3.827557 -8.518009 1.334032 18.925027 -1.513956 0.349455
Car -1 -1 -10 222.000000 180.000000 330.000000 244.000000 1.475636 1.661982 3.773241 -8.485016 1.151120 18.100005 1.653249 0.261128
Car -1 -1 -10 -5.000000 185.000000 126.000000 298.000000 1.459966 1.616981 3.984383 -8.901114 1.546762 9.939630 -1.545266 0.183355
Car -1 -1 -10 221.000000 169.000000 302.000000 222.000000 1.531854 1.507602 3.706807 -8.238442 0.991837 17.443776 0.270271 0.100724
Car -1 -1 -10 506.000000 173.000000 545.000000 200.000000 1.615154 1.684613 3.951741 -5.717938 0.903131 37.168581 -3.229735 0.053279
Car -1 -1 -10 309.000000 182.000000 394.000000 224.000000 1.498265 1.572976 3.706792 -8.911269 1.394028 25.744308 -1.602852 0.040734
