Pedestrian -1 -1 -10 806.000000 153.000000 834.000000 241.000000 1.811971 0.644914 1.060585 4.606645 1.424876 15.986815 -1.610826 0.997129
Pedestrian -1 -1 -10 -2.000000 165.000000 135.000000 373.000000 1.599732 0.598334 0.659804 -3.184856 1.459498 4.065920 1.370169 0.089750
Pedestrian -1 -1 -10 686.000000 168.000000 694.000000 195.000000 1.728057 0.624172 0.795942 5.100582 1.546669 45.991731 -1.329633 0.011559
Car -1 -1 -10 452.000000 181.000000 529.000000 227.000000 1.484820 1.661396 3.981791 -4.241753 1.806739 25.723345 1.651463 0.998396
Car -1 -1 -10 684.000000 175.000000 733.000000 216.000000 1.522307 1.601111 3.720300 3.774864 1.611129 27.325653 -1.455519 0.994178
Car -1 -1 -10 7.000000 197.000000 290.000000 369.000000 1.553206 1.662756 3.974179 -5.038152 1.859586 7.208934 1.620892 0.933747
Car -1 -1 -10 701.000000 175.000000 736.000000 204.000000 1.556642 1.631892 3.798772 5.376258 1.437178 37.148152 2.242485 0.036372
Car -1 -1 -10 139.000000 198.000000 270.000000 253.000000 1.461639 1.478202 3.042333 -6.151512 1.583515 10.854013 0.432333 0.015610
Car -1 -1 -10 -2.000000 185.000000 162.000000 347.000000 1.534806 1.575918 3.797321 -3.356096 1.318811 4.515658 -1.667511 0.013257
Cyclist -1 -1 -10 -2.000000 190.000000 207.000000 376.000000 1.641932 0.525946 1.608523 -3.106433 1.561292 4.034881 1.565763 0.994416
Cyclist -1 -1 -10 -3.000000 161.000000 93.000000 376.000000 1.698530 0.540224 1.628131 -3.316035 1.267402 4.331115 -2.206842 0.058459
