Pedestrian -1 -1 -10 577.000000 158.000000 613.000000 269.000000 1.774183 0.578480 0.879848 -0.173981 1.481571 11.755007 -2.629395 0.997924
Pedestrian -1 -1 -10 866.000000 163.000000 976.000000 373.000000 1.695292 0.589060 0.834583 2.217895 1.467534 5.257402 -1.799656 0.997452
Pedestrian -1 -1 -10 496.000000 161.000000 543.000000 300.000000 1.744664 0.604864 0.957580 -1.138540 1.536667 9.290300 -1.998738 0.995854
Pedestrian -1 -1 -10 716.000000 162.000000 762.000000 292.000000 1.720583 0.616722 0.807770 1.819247 1.449961 9.951143 2.801685 0.994754
Pedestrian -1 -1 -10 641.000000 163.000000 694.000000 321.000000 1.781171 0.627603 0.852658 0.603495 1.507955 7.760508 -2.530975 0.993717
Pedestrian -1 -1 -10 809.000000 160.000000 877.000000 344.000000 1.766766 0.590273 0.905378 2.218809 1.524562 6.794717 -2.248516 0.993438
Pedestrian -1 -1 -10 662.000000 166.000000 704.000000 302.000000 1.802000 0.615058 0.870973 1.076263 1.541630 9.578819 1.699395 0.887554
Pedestrian -1 -1 -10 557.000000 160.000000 577.000000 215.000000 1.792198 0.602313 0.851256 -1.190663 1.128701 24.225650 -2.079326 0.862954
Pedestrian -1 -1 -10 622.000000 161.000000 656.000000 262.000000 1.782719 0.609016 1.115198 0.637366 1.342256 12.847300 -2.599292 0.809596
Pedestrian -1 -1 -10 627.000000 165.000000 678.000000 278.000000 1.723932 0.550265 0.555868 0.628332 1.265987 12.690313 0.609524 0.470180
Pedestrian -1 -1 -10 357.000000 155.000000 400.000000 254.000000 1.843809 0.729158 0.782475 -4.233358 1.412067 13.840836 1.076393 0.468827
Pedestrian -1 -1 -10 483.000000 169.000000 537.000000 251.000000 1.771378 0.622182 0.764567 -2.464351 1.796622 17.403504 -1.741793 0.342005
Pedestrian -1 -1 -10 479.000000 165.000000 491.000000 193.000000 1.792624 0.654677 0.643581 -5.321118 0.655189 31.872925 -1.236868 0.268587
Pedestrian -1 -1 -10 502.000000 166.000000 526.000000 235.000000 1.802423 0.717704 0.613994 -2.332474 1.303095 19.200513 -1.708395 0.211274
Pedestrian -1 -1 -10 871.000000 170.000000 944.000000 304.000000 1.724832 0.546946 0.602339 2.400695 1.470633 5.832475 2.956307 0.078078
Pedestrian -1 -1 -10 823.000000 168.000000 863.000000 297.000000 1.678008 0.564342 0.537773 3.079227 1.715863 9.536141 -1.922177 0.068653
Pedestrian -1 -1 -10 527.000000 161.000000 537.000000 201.000000 1.719905 0.599706 0.641276 -5.036793 0.720338 50.866595 -2.219036 0.047831
Car -1 -1 -10 463.000000 171.000000 546.000000 237.000000 1.573263 1.630318 3.844270 -2.488149 1.313699 19.247535 1.629914 0.954993
Car -1 -1 -10 489.000000 172.000000 520.000000 237.000000 1.667451 1.653419 3.947282 -2.750645 1.364672 20.724075 -1.718727 0.024544
Car -1 -1 -10 491.000000 168.000000 546.000000 286.000000 1.555526 1.630864 3.629504 -1.993520 1.373190 10.109513 2.897639 0.020418
Cyclist -1 -1 -10 483.000000 168.000000 544.000000 253.000000 1.773109 0.552643 1.629047 -1.521248 1.075554 13.795350 -0.692156 0.356755
Cyclist -1 -1 -10 352.000000 158.000000 406.000000 254.000000 1.770272 0.631637 1.795729 -4.327020 1.401648 13.724486 -1.982913 0.169036
Cyclist -1 -1 -10 8.000000 214.000000 273.000000 374.000000 1.648587 0.580001 1.660312 -2.958052 1.540819 4.963739 -0.553527 0.030503
Cyclist -1 -1 -10 504.000000 167.000000 530.000000 227.000000 1.639040 0.510705 1.586880 -2.316594 1.497780 20.760736 -1.683553 0.022460
Cyclist -1 -1 -10 659.000000 165.000000 702.000000 296.000000 1.792827 0.568735 1.649535 0.994879 1.408810 9.475795 2.160007 0.021036
Cyclist -1 -1 -10 871.000000 170.000000 944.000000 304.000000 1.642133 0.530645 1.577093 4.784815 1.529826 10.842766 -1.143497 0.016440
Cyclist -1 -1 -10 493.000000 169.000000 522.000000 239.000000 1.681887 0.495003 1.558587 -2.976782 1.665906 23.047945 -1.735971 0.014081
Cyclist -1 -1 -10 514.000000 167.000000 541.000000 226.000000 1.669136 0.578599 1.624263 -2.088133 0.899525 19.583775 -1.158060 0.013532
