Car -1 -1 -10 559.000000 177.000000 602.000000 217.000000 1.546028 1.655757 3.850489 -1.241679 1.257670 32.069016 -1.629958 0.999368
Car -1 -1 -10 326.000000 188.000000 455.000000 273.000000 1.446296 1.551988 3.677162 -4.039111 1.551167 13.922648 -1.619291 0.998719
Car -1 -1 -10 -7.000000 183.000000 390.000000 374.000000 1.506893 1.621316 3.814990 -3.261836 1.548694 6.170405 -1.584769 0.997621
Car -1 -1 -10 0.000000 168.000000 47.000000 209.000000 1.578287 1.634162 3.827628 -25.496935 0.608002 30.447599 -1.671955 0.203930
Car -1 -1 -10 192.000000 182.000000 367.000000 248.000000 1.497472 1.621185 3.904119 -9.052307 1.475795 22.099407 -1.650792 0.106359
Car -1 -1 -10 268.000000 185.000000 350.000000 237.000000 1.505313 1.644728 3.883057 -9.024946 1.447197 22.085996 -1.639233 0.089289
Car -1 -1 -10 363.000000 155.000000 436.000000 232.000000 1.588198 1.697845 4.032275 -8.790075 0.831448 28.732235 -3.300050 0.030848
Car -1 -1 -10 27.000000 186.000000 166.000000 237.000000 1.480155 1.606949 3.725241 -12.940074 1.593170 19.055855 -1.566995 0.014723
Car -1 -1 -10 416.000000 183.000000 458.000000 210.000000 1.509221 1.525037 3.442056 -9.244441 1.382176 38.877157 -1.703534 0.014439
Car -1 -1 -10 231.000000 186.000000 309.000000 248.000000 1.505568 1.603249 3.800844 -13.574268 1.198067 27.669218 -2.062476 0.013925
Car -1 -1 -10 8.000000 189.000000 237.000000 299.000000 1.512068 1.590641 3.836366 -12.084874 1.352372 18.407789 -1.600694 0.013362
