Car -1 -1 -10 663.000000 188.000000 722.000000 232.000000 1.439964 1.596093 3.680475 2.804986 2.077009 25.766887 -1.583357 0.998291
Car -1 -1 -10 708.000000 191.000000 846.000000 284.000000 1.472534 1.620534 3.754896 2.941155 1.831919 13.701205 -1.560621 0.996572
Car -1 -1 -10 765.000000 204.000000 1048.000000 373.000000 1.506467 1.594651 3.637651 2.918602 1.874693 8.219812 -1.587484 0.995291
Car -1 -1 -10 357.000000 186.000000 485.000000 234.000000 1.556609 1.614219 4.011760 -6.561162 2.028903 24.342494 0.077199 0.993124
Car -1 -1 -10 216.000000 180.000000 421.000000 265.000000 1.540365 1.613121 3.796708 -5.943189 1.818645 16.539122 -3.104418 0.989334
Car -1 -1 -10 -12.000000 171.000000 344.000000 322.000000 1.637034 1.607982 3.969003 -6.071744 1.602105 9.686598 -0.001564 0.980639
Car -1 -1 -10 903.000000 171.000000 1245.000000 373.000000 1.550049 1.640765 3.884061 2.750326 1.591677 2.896139 -1.567549 0.944112
Car -1 -1 -10 645.000000 183.000000 686.000000 218.000000 1.557789 1.616920 3.832248 2.800949 2.168269 36.659896 -1.574470 0.710615
Car -1 -1 -10 91.000000 173.000000 398.000000 278.000000 1.826688 1.683428 3.863511 -5.672718 1.819969 12.567848 -1.519233 0.347287
Car -1 -1 -10 296.000000 183.000000 449.000000 243.000000 1.546295 1.651601 3.803466 -5.342610 1.571963 18.535608 -1.840797 0.293426
Car -1 -1 -10 399.000000 182.000000 516.000000 225.000000 1.711426 1.681967 4.210927 -6.349047 1.910555 29.271784 -3.124190 0.171075
Car -1 -1 -10 448.000000 186.000000 525.000000 220.000000 1.549676 1.641881 3.843607 -5.358421 2.073917 37.146117 -3.129572 0.119953
