Car -1 -1 -10 767.000000 179.000000 973.000000 255.000000 1.499564 1.613184 3.739091 5.495417 1.712669 15.699352 -0.081304 0.999493
Car -1 -1 -10 640.000000 181.000000 684.000000 217.000000 1.416151 1.604358 3.946752 2.143647 1.757152 30.129683 -1.619956 0.999307
Car -1 -1 -10 29.000000 172.000000 301.000000 311.000000 1.614116 1.644416 3.899099 -6.392964 1.640601 10.297563 -3.220736 0.996461
Car -1 -1 -10 -1.000000 190.000000 183.000000 369.000000 1.494470 1.608713 4.238107 -5.816682 1.827271 6.014522 -0.089704 0.988721
Car -1 -1 -10 325.000000 178.000000 479.000000 228.000000 1.594309 1.640755 4.098892 -6.563780 1.806477 23.776305 -0.059378 0.988524
Car -1 -1 -10 204.000000 186.000000 399.000000 255.000000 1.479087 1.578160 3.864212 -6.471218 1.787106 15.263426 -3.154310 0.946976
Car -1 -1 -10 115.000000 181.000000 338.000000 278.000000 1.512558 1.598324 3.799598 -6.477253 1.658254 13.064536 -3.505548 0.743509
Car -1 -1 -10 1093.000000 181.000000 1239.000000 376.000000 1.535122 1.655653 4.006362 6.694366 1.650943 5.988701 -0.025450 0.705496
Car -1 -1 -10 444.000000 178.000000 525.000000 208.000000 1.615342 1.553272 3.669683 -6.060940 1.915374 38.613212 -2.380334 0.416127
Car -1 -1 -10 383.000000 175.000000 494.000000 217.000000 1.621729 1.655557 4.035881 -7.209797 1.657555 31.104099 -0.030960 0.306055
