Car -1 -1 -10 715.000000 187.000000 857.000000 285.000000 1.422219 1.575342 3.582168 2.883219 1.708765 12.541915 -1.552981 0.999131
Car -1 -1 -10 3.000000 192.000000 272.000000 331.000000 1.506013 1.628468 4.120999 -6.470164 1.730944 8.319162 0.006285 0.997825
Car -1 -1 -10 769.000000 173.000000 969.000000 244.000000 1.590591 1.678959 3.957528 6.525507 1.670087 17.723332 0.022218 0.994285
Car -1 -1 -10 58.000000 184.000000 378.000000 287.000000 1.461633 1.538580 3.884226 -6.158201 1.580705 12.487529 -0.105490 0.994151
Car -1 -1 -10 636.000000 176.000000 667.000000 202.000000 1.531235 1.615678 3.859931 2.789629 1.881916 46.324916 -1.585469 0.993488
Car -1 -1 -10 376.000000 176.000000 482.000000 225.000000 1.626230 1.669495 3.885494 -6.039633 1.809137 27.626026 -1.764251 0.975817
Car -1 -1 -10 708.000000 179.000000 817.000000 220.000000 1.593466 1.592521 3.904985 6.094091 1.778491 28.115123 3.017298 0.955428
Car -1 -1 -10 159.000000 179.000000 425.000000 261.000000 1.523925 1.579235 4.117871 -6.140030 1.613212 15.088072 -0.039797 0.950082
Car -1 -1 -10 315.000000 177.000000 463.000000 234.000000 1.497544 1.582208 3.816388 -6.558169 1.646834 20.846922 -3.195417 0.932745
Car -1 -1 -10 446.000000 177.000000 536.000000 207.000000 1.493026 1.592182 3.864380 -6.172718 1.511751 40.864042 0.022490 0.422316
Car -1 -1 -10 702.000000 175.000000 779.000000 210.000000 1.577680 1.595835 3.881562 5.599485 1.731053 31.678151 2.891841 0.358881
