Pedestrian -1 -1 -10 778.000000 188.000000 800.000000 248.000000 1.696515 0.597037 0.522399 4.753118 1.823426 19.508742 -2.020737 0.805725
Pedestrian -1 -1 -10 808.000000 182.000000 843.000000 236.000000 1.769213 0.810613 0.532950 5.358448 1.685395 18.283221 -0.207846 0.055968
Pedestrian -1 -1 -10 786.000000 185.000000 841.000000 249.000000 1.723439 0.595042 0.762797 4.355262 2.145168 16.749703 0.819288 0.014485
Car -1 -1 -10 474.000000 189.000000 544.000000 244.000000 1.507625 1.581755 3.584154 -2.892267 1.948728 20.868657 1.575404 0.999669
Car -1 -1 -10 541.000000 184.000000 574.000000 209.000000 1.550398 1.644624 3.993934 -3.406416 2.155730 45.135737 1.514604 0.999149
Car -1 -1 -10 663.000000 181.000000 736.000000 241.000000 1.545175 1.634859 3.708336 2.453450 1.848728 21.246246 -1.601722 0.998917
Car -1 -1 -10 782.000000 183.000000 1064.000000 377.000000 1.623883 1.586185 3.739069 2.822233 1.766225 7.053101 1.540670 0.996994
Car -1 -1 -10 -4.000000 193.000000 438.000000 378.000000 1.480540 1.673379 4.209438 -2.768929 1.783783 5.789712 1.551656 0.993812
Car -1 -1 -10 649.000000 179.000000 703.000000 229.000000 1.526442 1.523870 3.451576 2.199948 1.966447 25.654136 -1.569957 0.940760
Car -1 -1 -10 959.000000 237.000000 1240.000000 376.000000 1.517949 1.656768 3.946371 2.790150 1.484015 1.900175 1.574564 0.758788
Car -1 -1 -10 636.000000 176.000000 666.000000 211.000000 1.699599 1.670257 3.809178 2.724045 1.975851 45.116973 -1.558135 0.501819
Car -1 -1 -10 630.000000 178.000000 654.000000 206.000000 1.537494 1.617127 3.758378 2.660315 1.902909 45.126538 -1.585130 0.024228
Cyclist -1 -1 -10 778.000000 189.000000 802.000000 251.000000 1.750147 0.431885 1.133818 5.148190 2.020274 20.735083 -0.708873 0.479662
Cyclist -1 -1 -10 805.000000 182.000000 847.000000 235.000000 1.591055 0.614023 1.675013 5.452549 1.506882 18.275948 0.284631 0.322005
Cyclist -1 -1 -10 829.000000 186.000000 849.000000 229.000000 1.678012 0.584818 1.629417 5.621943 1.428014 18.092696 0.413072 0.039455
Cyclist -1 -1 -10 779.000000 187.000000 827.000000 247.000000 1.706488 0.506074 1.760110 4.376403 1.921165 16.904526 -1.295689 0.029732
Cyclist -1 -1 -10 793.000000 189.000000 813.000000 248.000000 1.717396 0.683988 1.691010 4.329578 1.649868 17.218931 -2.880988 0.011367
