Pedestrian -1 -1 -10 795.000000 150.000000 822.000000 236.000000 1.808256 0.635710 1.045304 4.574320 1.346752 16.694529 -1.420729 0.994552
Pedestrian -1 -1 -10 113.000000 170.000000 282.000000 369.000000 1.782464 0.673281 0.949184 -3.190649 1.687851 5.592761 1.619201 0.040789
Pedestrian -1 -1 -10 177.000000 173.000000 230.000000 338.000000 1.638449 0.490173 0.580461 -3.150750 1.456886 5.531612 1.583332 0.021708
Car -1 -1 -10 457.000000 180.000000 531.000000 223.000000 1.461186 1.620387 3.903253 -4.286557 1.747738 26.529736 1.655632 0.998295
Car -1 -1 -10 680.000000 174.000000 725.000000 212.000000 1.534825 1.639068 4.033288 3.627870 1.538924 28.668254 -1.448920 0.988637
Car -1 -1 -10 -2.000000 187.000000 328.000000 366.000000 1.626233 1.637010 3.757785 -5.290333 1.815334 8.459412 1.644007 0.963444
Car -1 -1 -10 696.000000 173.000000 730.000000 202.000000 1.533273 1.576411 3.522851 5.756537 1.430980 37.726607 2.218897 0.029675
Car -1 -1 -10 2.000000 154.000000 148.000000 287.000000 1.507318 1.585926 3.879467 -8.146030 1.241814 9.528026 -1.205304 0.010452
Cyclist -1 -1 -10 55.000000 179.000000 304.000000 372.000000 1.738662 0.559467 1.772726 -3.190929 1.737011 5.786951 1.536792 0.996173
Cyclist -1 -1 -10 138.000000 174.000000 262.000000 354.000000 1.686113 0.535290 1.703690 -3.152095 1.613060 5.579296 1.563587 0.041366
