Car -1 -1 -10 690.000000 188.000000 775.000000 250.000000 1.462848 1.571225 3.534519 3.062042 1.862986 18.881814 -1.613266 0.996201
Car -1 -1 -10 30.000000 184.000000 370.000000 298.000000 1.526675 1.596017 4.006453 -6.114318 1.767466 11.310260 -0.145739 0.995376
Car -1 -1 -10 268.000000 181.000000 453.000000 254.000000 1.608668 1.631390 4.251943 -6.164448 1.835835 17.069798 -0.008127 0.983307
Car -1 -1 -10 360.000000 178.000000 512.000000 227.000000 1.565212 1.596115 3.739307 -6.419268 1.776752 23.512650 -3.195083 0.912541
Car -1 -1 -10 839.000000 183.000000 1237.000000 371.000000 1.594525 1.610103 3.769876 3.089123 1.676478 5.506972 -1.574931 0.875657
Car -1 -1 -10 742.000000 187.000000 854.000000 227.000000 1.474667 1.626933 3.842104 6.959192 2.006158 26.239581 0.040421 0.866285
Car -1 -1 -10 168.000000 187.000000 413.000000 264.000000 1.534105 1.633205 3.802515 -6.092394 1.743167 14.255078 -3.142240 0.806389
Car -1 -1 -10 465.000000 181.000000 540.000000 207.000000 1.554770 1.681674 3.934812 -6.508176 1.932889 42.297639 -3.154705 0.715021
Car -1 -1 -10 422.000000 181.000000 521.000000 214.000000 1.515291 1.520341 3.286028 -6.606354 1.845234 34.848388 -3.149885 0.156019
Car -1 -1 -10 699.000000 181.000000 810.000000 224.000000 1.574238 1.647639 4.032007 6.463432 2.014352 27.689336 3.201435 0.037755
