Car -1 -1 -10 294.000000 189.000000 455.000000 305.000000 1.557447 1.528965 3.497935 -3.572004 1.838103 11.597423 1.539887 0.999173
Car -1 -1 -10 783.000000 187.000000 1043.000000 344.000000 1.441319 1.602649 3.862358 3.418936 1.691406 9.071886 -1.565819 0.998353
Car -1 -1 -10 704.000000 170.000000 833.000000 270.000000 1.598858 1.634276 3.810279 2.874109 1.625770 14.444159 -1.575903 0.997635
Car -1 -1 -10 652.000000 176.000000 711.000000 222.000000 1.529442 1.626161 4.089105 2.529366 1.689875 27.219516 -1.572821 0.994244
Car -1 -1 -10 454.000000 167.000000 532.000000 233.000000 1.810388 1.698088 4.305245 -3.795469 1.810067 23.224521 -1.601092 0.992953
Car -1 -1 -10 924.000000 212.000000 1244.000000 374.000000 1.485078 1.619799 3.931916 3.502879 1.741319 4.336342 -1.569308 0.984882
Car -1 -1 -10 1.000000 199.000000 334.000000 375.000000 1.538065 1.614927 4.006612 -3.327239 1.814843 4.876306 1.507681 0.982981
Car -1 -1 -10 525.000000 174.000000 556.000000 200.000000 1.570560 1.637937 3.809872 -4.573455 1.697352 44.531776 1.489616 0.966823
Car -1 -1 -10 676.000000 175.000000 766.000000 238.000000 1.549944 1.675264 3.745216 3.295393 1.562005 22.579303 -1.404412 0.922901
Car -1 -1 -10 646.000000 175.000000 686.000000 212.000000 1.553415 1.617273 3.846958 2.567682 1.781374 32.550572 -1.567502 0.549376
Car -1 -1 -10 626.000000 173.000000 659.000000 200.000000 1.526680 1.649154 3.915623 2.241960 1.556779 43.621664 -1.562418 0.154169
