Pedestrian -1 -1 -10 472.000000 175.000000 489.000000 217.000000 1.730293 0.679533 0.734033 -5.244198 1.820521 29.462873 1.413863 0.029256
Pedestrian -1 -1 -10 131.000000 197.000000 156.000000 262.000000 1.731553 0.589606 0.646974 -11.081053 2.486721 16.834998 1.948970 0.010371
Car -1 -1 -10 643.000000 175.000000 710.000000 224.000000 1.490895 1.548638 3.421727 1.993102 1.575380 23.066371 -1.700370 0.997316
Car -1 -1 -10 700.000000 172.000000 835.000000 261.000000 1.482022 1.573023 3.759421 2.797939 1.504674 13.981916 1.508178 0.980464
Car -1 -1 -10 750.000000 148.000000 970.000000 325.000000 1.784474 1.678559 4.050951 2.876201 1.522538 8.945960 -1.588383 0.969985
Car -1 -1 -10 414.000000 181.000000 465.000000 228.000000 1.520502 1.635866 3.897783 -6.184025 1.830839 25.806402 -1.776958 0.961804
Car -1 -1 -10 565.000000 176.000000 602.000000 206.000000 1.509906 1.567867 3.683524 -1.590986 1.821337 42.058495 -1.759998 0.928807
Car -1 -1 -10 606.000000 177.000000 672.000000 213.000000 1.428195 1.588310 3.736098 1.131396 1.517077 30.210262 -1.874678 0.478210
Car -1 -1 -10 720.000000 161.000000 902.000000 283.000000 1.571011 1.585984 3.731557 3.065682 1.497311 12.275371 -1.527678 0.110578
Car -1 -1 -10 1.000000 187.000000 43.000000 278.000000 1.497813 1.631587 3.829853 -14.820237 2.091721 16.636434 -1.974008 0.094874
Car -1 -1 -10 441.000000 179.000000 471.000000 204.000000 1.533273 1.576411 3.522850 -9.191479 2.128319 46.428630 1.866888 0.038822
Car -1 -1 -10 944.000000 163.000000 1232.000000 372.000000 1.551089 1.648362 3.831028 2.757912 1.268149 2.422252 -1.505589 0.032043
Cyclist -1 -1 -10 471.000000 175.000000 491.000000 217.000000 1.750628 0.622150 1.809408 -5.300884 1.817796 29.454911 1.408326 0.696589
Cyclist -1 -1 -10 492.000000 175.000000 510.000000 216.000000 1.716357 0.536650 1.806143 -4.776791 1.815018 31.533140 -1.768600 0.648355
