Pedestrian -1 -1 -10 490.000000 177.000000 524.000000 239.000000 1.756724 0.626918 0.952832 -2.539727 1.559034 19.008325 -0.806079 0.850059
Pedestrian -1 -1 -10 860.000000 224.000000 946.000000 369.000000 1.668872 0.598307 0.744330 2.521753 1.984697 5.858957 2.935941 0.807042
Pedestrian -1 -1 -10 1014.000000 222.000000 1129.000000 373.000000 1.737633 0.685416 0.663365 3.069220 1.971628 4.447211 3.188767 0.759441
Pedestrian -1 -1 -10 945.000000 224.000000 1057.000000 369.000000 1.763166 0.621982 0.781119 2.652865 2.020530 4.905598 -0.996764 0.682769
Pedestrian -1 -1 -10 951.000000 222.000000 1206.000000 370.000000 1.725419 0.773513 0.611515 2.746910 2.086196 4.051648 -0.505397 0.524495
Pedestrian -1 -1 -10 937.000000 213.000000 1006.000000 299.000000 1.711800 0.564713 0.543152 7.034606 1.926589 13.647734 -1.759652 0.377670
Pedestrian -1 -1 -10 1065.000000 234.000000 1191.000000 367.000000 1.779861 0.733163 0.684977 2.621768 2.124322 3.432366 -0.264768 0.133165
Pedestrian -1 -1 -10 901.000000 209.000000 1018.000000 367.000000 1.720144 0.750882 0.738915 2.620553 1.981312 4.865500 -0.608589 0.123858
Car -1 -1 -10 999.000000 224.000000 1202.000000 371.000000 1.495391 1.436708 3.449529 3.034625 1.760410 4.223642 1.569060 0.014337
Cyclist -1 -1 -10 1007.000000 222.000000 1128.000000 373.000000 1.623871 0.598670 1.736585 3.083651 1.766047 4.706571 1.608509 0.561153
Cyclist -1 -1 -10 936.000000 223.000000 1207.000000 370.000000 1.642462 0.681020 1.679705 2.908779 1.679961 4.768453 1.196243 0.195060
Cyclist -1 -1 -10 270.000000 176.000000 391.000000 368.000000 1.659253 0.551066 1.727156 -2.230606 1.600114 5.112419 1.683473 0.168018
Cyclist -1 -1 -10 940.000000 216.000000 1051.000000 370.000000 1.693713 0.609871 1.731111 2.536904 1.786089 4.862282 -1.151838 0.068910
Cyclist -1 -1 -10 1065.000000 234.000000 1191.000000 367.000000 1.629649 0.538944 1.656007 2.570585 1.786659 3.408322 -1.595351 0.015427
Cyclist -1 -1 -10 945.000000 212.000000 1014.000000 291.000000 1.768795 0.497446 1.365504 3.756934 1.542647 7.427526 -1.078148 0.011719
Cyclist -1 -1 -10 1015.000000 221.000000 1074.000000 353.000000 1.645325 0.510317 1.601694 2.690645 1.735760 4.469445 -0.403564 0.011582
