Pedestrian -1 -1 -10 836.000000 141.000000 911.000000 314.000000 1.830663 0.773878 1.112175 2.984023 1.391363 7.845676 -0.163796 0.992631
Pedestrian -1 -1 -10 296.000000 166.000000 350.000000 275.000000 1.795238 0.655729 0.978263 -4.673343 1.595993 11.652620 0.133762 0.987459
Pedestrian -1 -1 -10 808.000000 153.000000 860.000000 309.000000 1.789100 0.640944 0.769152 2.688020 1.379457 8.435677 0.736219 0.978241
Pedestrian -1 -1 -10 267.000000 169.000000 309.000000 278.000000 1.768892 0.623446 0.847742 -5.005949 1.607493 11.077841 0.150961 0.954990
Pedestrian -1 -1 -10 1003.000000 150.000000 1025.000000 214.000000 1.757532 0.615572 0.745372 10.409122 0.995617 18.145754 3.092205 0.270296
Pedestrian -1 -1 -10 857.000000 150.000000 882.000000 204.000000 1.719906 0.599706 0.641275 14.414933 0.224675 37.785590 -1.764775 0.070482
Pedestrian -1 -1 -10 846.000000 153.000000 900.000000 205.000000 1.768490 0.540953 0.766771 13.318378 0.454844 33.846095 0.934346 0.058053
Pedestrian -1 -1 -10 284.000000 172.000000 320.000000 254.000000 1.848446 0.643975 0.910007 -6.178440 1.702696 14.220284 0.175131 0.029977
Pedestrian -1 -1 -10 377.000000 166.000000 385.000000 195.000000 1.810349 0.485254 0.700794 -2.028621 1.348678 6.789588 -0.307683 0.024725
Pedestrian -1 -1 -10 -5.000000 201.000000 299.000000 365.000000 1.780937 0.710641 0.800418 -2.369377 1.887467 3.509624 -2.581389 0.012301
Car -1 -1 -10 448.000000 173.000000 481.000000 198.000000 1.569893 1.648356 3.885510 -8.663319 1.037383 43.865000 1.481992 0.996825
Car -1 -1 -10 728.000000 167.000000 821.000000 200.000000 1.518617 1.610544 3.819527 7.956768 0.843914 33.516706 -2.376058 0.972985
Car -1 -1 -10 3.000000 200.000000 285.000000 367.000000 1.523832 1.584615 3.878355 -3.298913 1.704451 3.316033 -1.581437 0.966148
Cyclist -1 -1 -10 836.000000 145.000000 912.000000 317.000000 1.813420 0.500126 1.804168 3.051151 1.403476 7.989757 -0.182494 0.257662
Cyclist -1 -1 -10 859.000000 152.000000 902.000000 199.000000 1.855987 0.728930 1.869372 13.353920 0.689830 33.678208 -0.786315 0.157300
Cyclist -1 -1 -10 -13.000000 200.000000 288.000000 364.000000 1.649938 0.806411 1.832006 -2.546588 1.657364 3.559108 -1.549162 0.016779
Cyclist -1 -1 -10 862.000000 147.000000 883.000000 203.000000 1.678870 0.499252 1.561703 7.598949 1.656482 19.917645 -1.243823 0.015355
Cyclist -1 -1 -10 847.000000 162.000000 889.000000 201.000000 1.779753 0.432014 1.690627 13.544165 0.949977 34.786683 -1.193982 0.014791
Cyclist -1 -1 -10 807.000000 153.000000 862.000000 309.000000 1.767751 0.506211 1.702538 2.680507 1.433441 8.449923 1.363697 0.011063
