Car -1 -1 -10 725.000000 178.000000 851.000000 264.000000 1.468589 1.555642 3.681167 3.331437 1.597159 14.405914 1.497955 0.999387
Car -1 -1 -10 350.000000 183.000000 458.000000 244.000000 1.494505 1.594319 3.939226 -5.672192 1.837653 19.935946 1.667549 0.998524
Car -1 -1 -10 69.000000 193.000000 326.000000 322.000000 1.513704 1.570350 3.686366 -5.753128 1.898712 10.858125 1.580538 0.997941
Car -1 -1 -10 686.000000 177.000000 774.000000 235.000000 1.486119 1.655596 3.997691 3.298055 1.567127 20.230931 -1.606225 0.993030
Car -1 -1 -10 875.000000 174.000000 1233.000000 377.000000 1.539593 1.622795 3.945764 3.252259 1.601723 4.453826 -1.581089 0.984611
Car -1 -1 -10 664.000000 174.000000 719.000000 214.000000 1.494903 1.595044 3.788343 3.112787 1.605069 28.891756 -1.582073 0.983733
Car -1 -1 -10 469.000000 176.000000 515.000000 209.000000 1.562569 1.621141 3.767373 -5.763364 1.712186 35.000336 1.562796 0.919287
Car -1 -1 -10 7.000000 212.000000 129.000000 370.000000 1.480165 1.618892 3.944896 -5.686329 1.882457 5.359349 1.595144 0.616175
Car -1 -1 -10 93.000000 184.000000 231.000000 236.000000 1.495552 1.587078 3.870243 -14.810650 1.783132 24.433480 -0.023528 0.197180
Car -1 -1 -10 85.000000 185.000000 289.000000 266.000000 1.473494 1.573454 3.559409 -7.619815 2.229549 12.742471 -0.613713 0.045488
Car -1 -1 -10 486.000000 177.000000 526.000000 204.000000 1.510925 1.563948 3.724351 -6.252601 1.643609 39.059834 -3.084300 0.035384
