Pedestrian -1 -1 -10 64.000000 196.000000 105.000000 291.000000 1.707647 0.533868 0.621576 -6.687854 1.660325 8.958855 1.929070 0.925922
Pedestrian -1 -1 -10 44.000000 200.000000 88.000000 297.000000 1.705927 0.525655 0.628806 -7.967558 1.685542 10.311335 1.917098 0.019874
Pedestrian -1 -1 -10 11.000000 205.000000 105.000000 308.000000 1.690528 0.536121 0.618142 -7.699192 1.948680 10.040110 -0.549362 0.010248
Car -1 -1 -10 735.000000 175.000000 950.000000 304.000000 1.557918 1.642012 3.855779 3.139393 1.641207 10.661633 -1.614882 0.997871
Car -1 -1 -10 -1.000000 186.000000 354.000000 374.000000 1.625740 1.625903 3.991912 -4.268348 1.864045 7.687624 1.591187 0.997495
Car -1 -1 -10 850.000000 185.000000 1233.000000 372.000000 1.549170 1.617706 3.799744 2.966563 1.644940 4.749970 -1.553749 0.966827
Car -1 -1 -10 488.000000 185.000000 524.000000 212.000000 1.560227 1.661347 3.911480 -5.994198 2.221030 42.679005 -1.740574 0.703492
Car -1 -1 -10 662.000000 177.000000 728.000000 223.000000 1.594910 1.648126 4.114355 2.829660 1.667018 25.670012 -1.593643 0.561346
Car -1 -1 -10 630.000000 179.000000 674.000000 208.000000 1.605921 1.661966 4.041429 1.983845 1.961627 40.490031 1.654765 0.203328
Car -1 -1 -10 678.000000 174.000000 753.000000 237.000000 1.652982 1.592755 3.551122 2.684242 1.506837 19.387150 -1.538621 0.023917
Car -1 -1 -10 645.000000 179.000000 701.000000 215.000000 1.580140 1.591146 3.901931 2.796525 1.933429 32.511548 -1.583475 0.012956
Cyclist -1 -1 -10 56.000000 194.000000 109.000000 291.000000 1.727595 0.430118 1.158207 -8.472752 1.912118 11.513845 -1.567849 0.060892
Cyclist -1 -1 -10 11.000000 205.000000 105.000000 308.000000 1.717334 0.502426 1.583300 -5.668524 1.590493 7.068224 -2.212398 0.024195
Cyclist -1 -1 -10 26.000000 208.000000 67.000000 298.000000 1.733037 0.556002 1.634883 -7.754318 1.639731 9.811265 -2.838194 0.019044
Cyclist -1 -1 -10 7.000000 214.000000 55.000000 316.000000 1.686823 0.378762 1.073438 -6.960061 1.773417 8.594366 -2.272509 0.013090
