Pedestrian -1 -1 -10 577.000000 170.000000 595.000000 199.000000 1.845111 0.553408 0.872364 -1.481913 1.286205 47.584863 2.616032 0.528040
Pedestrian -1 -1 -10 458.000000 173.000000 470.000000 206.000000 1.719905 0.599705 0.641276 -9.393800 2.121941 45.661321 -2.319748 0.522889
Pedestrian -1 -1 -10 516.000000 173.000000 525.000000 204.000000 1.728029 0.634202 0.637293 -5.835433 0.792292 47.324182 -1.168014 0.441838
Pedestrian -1 -1 -10 509.000000 174.000000 531.000000 201.000000 1.744044 0.615199 0.693468 -5.754220 0.919114 47.214319 -2.236651 0.024192
Pedestrian -1 -1 -10 520.000000 175.000000 528.000000 204.000000 1.775883 0.464706 0.688106 -1.159398 1.305591 10.434347 -0.039483 0.016216
Pedestrian -1 -1 -10 508.000000 172.000000 515.000000 199.000000 1.781279 0.466260 0.688055 -1.014372 1.226607 8.600323 -0.065002 0.015333
Car -1 -1 -10 522.000000 177.000000 556.000000 204.000000 1.489063 1.646065 4.071284 -3.869216 1.274828 41.598484 -1.631689 0.995756
Car -1 -1 -10 904.000000 150.000000 1023.000000 191.000000 1.530205 1.571191 3.880339 13.912913 0.308371 27.198884 3.054034 0.986997
Cyclist -1 -1 -10 629.000000 170.000000 661.000000 197.000000 1.721645 0.695442 1.805358 2.458465 1.097152 46.300825 0.101415 0.974291
Cyclist -1 -1 -10 393.000000 179.000000 414.000000 216.000000 1.719055 0.440098 1.722178 -10.591365 1.786225 36.938267 -1.546859 0.954989
Cyclist -1 -1 -10 576.000000 170.000000 603.000000 199.000000 1.786636 0.510926 1.676326 -1.388837 1.060308 48.579342 -1.066653 0.832544
