Pedestrian -1 -1 -10 724.000000 135.000000 780.000000 288.000000 1.758986 0.631989 0.897401 1.808727 1.181977 9.067153 1.330338 0.998729
Pedestrian -1 -1 -10 650.000000 141.000000 718.000000 295.000000 1.769360 0.692327 1.034490 0.878644 1.297748 8.905012 1.254897 0.998462
Pedestrian -1 -1 -10 572.000000 139.000000 618.000000 249.000000 1.808203 0.702105 0.974708 -0.187713 1.093299 12.156374 1.107500 0.997069
Pedestrian -1 -1 -10 610.000000 142.000000 649.000000 248.000000 1.750650 0.607977 0.743784 0.399742 1.087844 12.262148 1.268540 0.996188
Pedestrian -1 -1 -10 519.000000 136.000000 554.000000 239.000000 1.846753 0.696490 1.020311 -1.344095 0.981660 13.365498 0.558881 0.988693
Pedestrian -1 -1 -10 465.000000 140.000000 502.000000 251.000000 1.818846 0.733573 1.101392 -2.146884 1.098910 11.956170 0.955644 0.975084
Pedestrian -1 -1 -10 682.000000 145.000000 712.000000 219.000000 1.688037 0.557746 0.631725 1.561974 0.876781 13.142124 0.756185 0.837376
Pedestrian -1 -1 -10 493.000000 146.000000 522.000000 238.000000 1.716219 0.498803 0.638855 -1.743084 1.093128 12.759607 0.850585 0.822008
Pedestrian -1 -1 -10 539.000000 138.000000 569.000000 229.000000 1.736661 0.512398 0.583869 -1.057819 0.936912 14.138094 0.964176 0.815730
Pedestrian -1 -1 -10 719.000000 144.000000 746.000000 233.000000 1.764508 0.631946 0.676168 2.375400 0.993029 13.343259 0.629897 0.813488
Pedestrian -1 -1 -10 560.000000 149.000000 591.000000 237.000000 1.796088 0.591026 0.829892 -0.686463 1.184796 13.568260 1.159016 0.728606
Pedestrian -1 -1 -10 451.000000 144.000000 479.000000 214.000000 1.760055 0.596580 0.834639 -3.586374 0.837646 17.928746 1.227289 0.568278
Pedestrian -1 -1 -10 599.000000 140.000000 632.000000 211.000000 1.773251 0.621545 0.793671 0.220121 0.651300 18.695982 -2.025218 0.345832
Pedestrian -1 -1 -10 487.000000 138.000000 507.000000 203.000000 1.756538 0.663884 0.740742 -5.668480 -0.262071 37.381214 -1.288712 0.290664
Pedestrian -1 -1 -10 513.000000 143.000000 532.000000 212.000000 1.818221 0.651489 0.820895 -2.294357 0.839450 18.487197 0.536712 0.183349
Pedestrian -1 -1 -10 1197.000000 191.000000 1222.000000 279.000000 1.802341 0.559994 0.862226 14.980401 2.315441 17.451282 3.170698 0.100183
Pedestrian -1 -1 -10 677.000000 143.000000 700.000000 203.000000 1.725517 0.604382 0.602342 1.531833 0.695316 13.048749 -1.999730 0.094527
Pedestrian -1 -1 -10 476.000000 142.000000 499.000000 199.000000 1.767171 0.726816 0.624403 -6.716868 -0.126437 39.907529 -1.778539 0.074328
Cyclist -1 -1 -10 457.000000 141.000000 505.000000 246.000000 1.788745 0.580089 1.730084 -2.107991 1.109302 12.134015 -1.309238 0.690741
Cyclist -1 -1 -10 447.000000 144.000000 479.000000 213.000000 1.773806 0.635576 1.741969 -3.513130 0.885563 17.967344 1.390856 0.630586
Cyclist -1 -1 -10 270.000000 139.000000 326.000000 224.000000 1.715990 0.617579 1.675942 -7.447058 0.096583 17.342377 -1.820226 0.589983
Cyclist -1 -1 -10 407.000000 150.000000 495.000000 238.000000 1.728527 0.451715 1.461892 -2.976737 1.038579 14.625878 -1.065490 0.303699
Cyclist -1 -1 -10 322.000000 149.000000 391.000000 198.000000 1.739388 0.640800 1.627116 -6.015573 1.392348 16.772015 -2.535444 0.167050
Cyclist -1 -1 -10 287.000000 151.000000 349.000000 209.000000 1.727652 0.582250 1.594827 -7.453813 1.283786 18.730063 -1.875375 0.139109
Cyclist -1 -1 -10 383.000000 142.000000 417.000000 193.000000 1.677803 0.500571 1.562952 -7.220672 0.575369 24.789156 2.345261 0.059966
Cyclist -1 -1 -10 490.000000 138.000000 510.000000 218.000000 1.631523 0.532425 1.597385 -2.798635 1.361817 19.660902 -1.701628 0.044005
Cyclist -1 -1 -10 498.000000 145.000000 522.000000 231.000000 1.719894 0.599846 1.657899 -1.708185 1.373962 12.995936 0.818322 0.027971
Cyclist -1 -1 -10 1196.000000 190.000000 1222.000000 286.000000 1.749911 0.543879 1.728311 14.895958 2.206012 17.431821 -1.399339 0.017691
Cyclist -1 -1 -10 482.000000 138.000000 503.000000 202.000000 1.776677 0.566266 1.388527 -6.025402 -0.405572 38.846538 2.461819 0.015950
