Car -1 -1 -10 729.000000 191.000000 916.000000 305.000000 1.439912 1.584549 3.832467 3.020641 1.736676 10.949715 -1.618132 0.997091
Car -1 -1 -10 654.000000 172.000000 706.000000 218.000000 1.692297 1.640753 3.900387 2.852399 1.736389 30.384786 -1.622278 0.992648
Car -1 -1 -10 346.000000 177.000000 481.000000 230.000000 1.549364 1.621482 3.744949 -5.556802 1.521583 23.537028 -1.320714 0.935328
Car -1 -1 -10 405.000000 171.000000 510.000000 216.000000 1.524279 1.662256 4.133612 -6.074004 1.738085 27.836963 -2.988098 0.780549
Car -1 -1 -10 447.000000 172.000000 531.000000 209.000000 1.542963 1.628915 4.039572 -6.202871 1.600371 36.395345 -2.360306 0.444776
Car -1 -1 -10 -3.000000 161.000000 193.000000 353.000000 1.615658 1.691957 4.038039 -6.671122 1.663588 6.703237 -3.189728 0.364869
Car -1 -1 -10 305.000000 183.000000 448.000000 242.000000 1.457363 1.552469 3.691490 -5.412375 1.699645 20.254780 -1.759678 0.105840
Car -1 -1 -10 705.000000 192.000000 768.000000 251.000000 1.499851 1.612595 3.901891 3.548541 1.726693 17.060506 -1.407996 0.092439
Car -1 -1 -10 485.000000 172.000000 547.000000 201.000000 1.440876 1.573376 3.633683 -5.384259 1.220548 45.047157 -1.726372 0.042819
Car -1 -1 -10 740.000000 195.000000 828.000000 249.000000 1.540885 1.604486 3.717480 6.588853 1.999935 25.216657 -1.791595 0.022873
Car -1 -1 -10 1110.000000 190.000000 1179.000000 232.000000 1.468902 1.603612 3.921554 18.647102 2.255653 25.504542 2.150814 0.016464
Car -1 -1 -10 30.000000 167.000000 252.000000 284.000000 1.672493 1.604283 3.797820 -6.296555 1.613282 10.135202 -1.595002 0.010085
Cyclist -1 -1 -10 708.000000 188.000000 764.000000 250.000000 1.704640 0.612676 1.734234 2.624953 1.932543 15.862678 1.036486 0.468626
