Car -1 -1 -10 708.000000 172.000000 943.000000 329.000000 1.459550 1.607990 3.920515 2.276864 1.496231 8.703994 -1.612384 0.999411
Car -1 -1 -10 644.000000 173.000000 729.000000 229.000000 1.535844 1.645516 3.898112 2.140857 1.557504 21.203682 -1.673371 0.998847
Car -1 -1 -10 468.000000 173.000000 536.000000 231.000000 1.569596 1.636678 3.682872 -3.245176 1.691851 22.193929 -1.614689 0.998690
Car -1 -1 -10 0.000000 191.000000 198.000000 286.000000 1.498838 1.558210 3.635066 -9.150835 1.813624 12.280373 -3.144126 0.997521
Car -1 -1 -10 524.000000 177.000000 555.000000 209.000000 1.562495 1.602703 3.551642 -3.799465 1.712795 35.818600 -1.585053 0.741595
Car -1 -1 -10 623.000000 169.000000 665.000000 204.000000 1.735982 1.686874 3.978127 1.718895 1.632865 37.979509 -1.633331 0.611645
Car -1 -1 -10 633.000000 174.000000 688.000000 215.000000 1.463645 1.587446 3.757279 1.814905 1.544039 27.259286 -1.598931 0.447291
Car -1 -1 -10 489.000000 171.000000 535.000000 212.000000 1.527220 1.659613 3.909368 -3.967208 1.535085 27.569956 -1.691002 0.076723
Car -1 -1 -10 618.000000 169.000000 649.000000 197.000000 1.605935 1.624651 3.829822 1.498931 1.427211 48.524150 -1.539350 0.038512
Cyclist -1 -1 -10 744.000000 175.000000 763.000000 225.000000 1.651679 0.565621 1.718091 4.731735 1.287935 22.288635 -1.751277 0.012011
