Car -1 -1 -10 560.000000 177.000000 602.000000 216.000000 1.535228 1.657297 3.990400 -1.225880 1.167916 32.806428 -1.610100 0.999535
Car -1 -1 -10 299.000000 189.000000 444.000000 283.000000 1.454577 1.561859 3.689700 -4.106096 1.560187 12.830236 -1.579925 0.999066
Car -1 -1 -10 5.000000 176.000000 349.000000 372.000000 1.508623 1.588167 3.807772 -3.238425 1.585535 5.060535 -1.607010 0.991009
Car -1 -1 -10 243.000000 184.000000 339.000000 243.000000 1.512533 1.611628 3.835029 -9.006926 1.486553 20.455270 -1.618553 0.910259
Car -1 -1 -10 301.000000 178.000000 364.000000 212.000000 1.538382 1.585516 3.760108 -13.436983 1.075617 34.262327 -3.090064 0.076080
Car -1 -1 -10 211.000000 182.000000 282.000000 219.000000 1.537826 1.597931 3.710391 -13.122924 1.211725 26.631660 -1.602440 0.044964
Car -1 -1 -10 414.000000 185.000000 450.000000 212.000000 1.534159 1.508808 3.299009 -9.069415 1.642187 37.802496 1.917284 0.042918
Car -1 -1 -10 399.000000 184.000000 439.000000 217.000000 1.477286 1.553022 3.694988 -8.108484 1.457770 32.220154 1.353669 0.022232
Car -1 -1 -10 353.000000 153.000000 431.000000 237.000000 1.823112 1.692351 4.122996 -8.618697 0.971011 27.179775 -3.062593 0.014309
Car -1 -1 -10 176.000000 184.000000 263.000000 228.000000 1.487579 1.581858 3.773574 -13.047456 1.153971 26.316966 -1.452024 0.013856
Car -1 -1 -10 429.000000 183.000000 445.000000 212.000000 1.467835 1.616329 3.496364 -2.825270 1.222067 12.607424 0.441123 0.010824
