Car -1 -1 -10 634.000000 181.000000 675.000000 214.000000 1.477652 1.653515 4.097610 2.454734 1.967323 35.909565 -1.631657 0.998165
Car -1 -1 -10 756.000000 185.000000 965.000000 254.000000 1.600924 1.633680 4.176465 6.015509 1.898073 17.387295 3.090880 0.991849
Car -1 -1 -10 8.000000 189.000000 296.000000 327.000000 1.477744 1.608708 4.186805 -6.619588 1.789012 9.039089 -3.223190 0.991025
Car -1 -1 -10 987.000000 183.000000 1240.000000 349.000000 1.571690 1.676855 4.063396 6.310560 1.691326 7.303010 0.067733 0.988167
Car -1 -1 -10 218.000000 172.000000 427.000000 255.000000 1.542916 1.658534 3.888878 -6.929955 1.782193 16.160850 -3.182641 0.984686
Car -1 -1 -10 835.000000 186.000000 1061.000000 281.000000 1.535561 1.574482 3.777546 6.152750 1.853932 12.597203 0.030575 0.980082
Car -1 -1 -10 891.000000 188.000000 1190.000000 304.000000 1.557466 1.630457 3.855651 6.057066 1.741270 9.971822 -0.020691 0.978031
Car -1 -1 -10 736.000000 180.000000 878.000000 243.000000 1.621485 1.592003 3.966861 5.606717 1.940868 20.647512 3.007607 0.967487
Car -1 -1 -10 382.000000 182.000000 509.000000 219.000000 1.454530 1.545100 3.869474 -6.649936 1.883122 30.077967 0.115067 0.934122
Car -1 -1 -10 50.000000 183.000000 371.000000 276.000000 1.523655 1.601878 3.816758 -6.620816 1.723530 11.763413 -3.094112 0.840678
Car -1 -1 -10 1.000000 196.000000 133.000000 364.000000 1.571771 1.635976 3.860895 -6.890753 1.724837 7.045889 -3.179807 0.239368
Cyclist -1 -1 -10 520.000000 180.000000 543.000000 221.000000 1.722470 0.562461 1.716498 -3.207001 2.026935 29.651199 1.573430 0.189516
