Pedestrian -1 -1 -10 730.000000 200.000000 821.000000 275.000000 1.820504 0.717581 0.813277 3.370333 2.407428 15.879830 0.275866 0.014435
Pedestrian -1 -1 -10 695.000000 198.000000 762.000000 248.000000 1.830267 0.799017 0.999745 3.528671 2.475695 22.566976 -0.057158 0.011430
Car -1 -1 -10 870.000000 218.000000 1234.000000 373.000000 1.466029 1.630529 3.934481 3.846939 1.969270 6.309080 1.557215 0.997802
Car -1 -1 -10 757.000000 210.000000 924.000000 316.000000 1.416669 1.603006 3.934130 3.582125 2.088465 12.218226 -1.558712 0.996586
Car -1 -1 -10 516.000000 190.000000 566.000000 230.000000 1.473909 1.672230 4.052923 -2.842805 2.222604 30.022621 1.576007 0.994679
Car -1 -1 -10 697.000000 198.000000 763.000000 248.000000 1.552565 1.607664 3.694487 3.814001 2.396766 24.295107 -1.577696 0.991918
Car -1 -1 -10 724.000000 201.000000 822.000000 272.000000 1.507462 1.560692 3.510240 3.778264 2.233148 17.426483 -1.582190 0.989811
Car -1 -1 -10 676.000000 196.000000 732.000000 236.000000 1.538239 1.596192 3.743840 3.475606 2.448470 28.685112 -1.582906 0.988402
Car -1 -1 -10 405.000000 189.000000 514.000000 294.000000 1.481490 1.628590 3.901966 -2.934542 1.868263 13.842176 1.579815 0.932673
Car -1 -1 -10 666.000000 196.000000 710.000000 229.000000 1.527040 1.620030 3.902413 3.595315 2.652002 34.643785 -1.555447 0.545473
Car -1 -1 -10 202.000000 157.000000 475.000000 373.000000 1.881845 1.685463 4.297688 -2.687086 1.824909 8.457778 -1.596224 0.486368
Car -1 -1 -10 537.000000 191.000000 574.000000 223.000000 1.521227 1.559013 3.606250 -2.782837 2.468841 35.698334 1.597171 0.171015
