Pedestrian -1 -1 -10 1118.000000 153.000000 1173.000000 261.000000 1.766309 0.612209 0.959869 8.494364 1.428252 11.483594 -1.336976 0.916963
Pedestrian -1 -1 -10 1055.000000 161.000000 1141.000000 254.000000 1.704736 0.710242 0.821182 8.019805 1.458294 11.683928 -1.491652 0.077698
Pedestrian -1 -1 -10 800.000000 166.000000 819.000000 212.000000 1.714445 0.598443 0.860191 7.319429 1.485642 26.610280 -1.704940 0.034433
Pedestrian -1 -1 -10 1084.000000 164.000000 1109.000000 232.000000 1.716938 0.615635 0.623031 7.808608 1.052385 11.588762 -0.464488 0.018422
Pedestrian -1 -1 -10 1076.000000 168.000000 1130.000000 220.000000 1.718765 0.546948 0.607553 8.150895 1.596871 12.250587 3.152448 0.016072
Car -1 -1 -10 1158.000000 167.000000 1243.000000 193.000000 1.516639 1.547020 3.455867 15.952447 1.745362 19.670651 3.187350 0.032963
Cyclist -1 -1 -10 1005.000000 150.000000 1126.000000 281.000000 1.780124 0.499019 1.735087 6.000678 1.453291 9.662140 -1.562005 0.999762
Cyclist -1 -1 -10 800.000000 167.000000 818.000000 211.000000 1.694889 0.476139 1.699093 7.279755 1.520875 26.737917 -1.469049 0.855346
Cyclist -1 -1 -10 1063.000000 161.000000 1137.000000 253.000000 1.734216 0.520908 1.722402 8.080294 1.470003 11.836651 -0.541000 0.430771
Cyclist -1 -1 -10 1116.000000 154.000000 1178.000000 257.000000 1.762740 0.527702 1.688564 8.502170 1.404790 11.597450 -1.473390 0.353654
Cyclist -1 -1 -10 1092.000000 164.000000 1151.000000 230.000000 1.675657 0.584270 1.596887 10.618436 1.646882 14.961318 -0.926186 0.063230
Cyclist -1 -1 -10 1076.000000 168.000000 1130.000000 220.000000 1.631249 0.537005 1.580985 11.469864 1.429359 16.616743 -0.949204 0.024097
Cyclist -1 -1 -10 1028.000000 174.000000 1066.000000 199.000000 1.651249 0.503374 1.590876 11.397684 1.580545 18.668350 -1.053682 0.012223
Cyclist -1 -1 -10 1084.000000 164.000000 1109.000000 232.000000 1.663188 0.517638 1.592722 11.822554 1.686789 17.338639 -0.999296 0.010320
