Pedestrian -1 -1 -10 713.000000 163.000000 751.000000 259.000000 1.808734 0.730084 1.021744 2.425916 1.437247 13.551413 -1.495809 0.995002
Pedestrian -1 -1 -10 675.000000 165.000000 709.000000 259.000000 1.754797 0.616539 0.699670 1.608394 1.461043 13.456744 -1.946645 0.994249
Pedestrian -1 -1 -10 422.000000 167.000000 460.000000 265.000000 1.718471 0.693925 0.987012 -2.975482 1.465623 13.115179 -1.771749 0.989231
Pedestrian -1 -1 -10 524.000000 171.000000 542.000000 214.000000 1.780081 0.648220 0.703833 -2.743135 1.337234 28.875788 -1.597362 0.232533
Pedestrian -1 -1 -10 199.000000 197.000000 218.000000 255.000000 1.719999 0.604048 0.624825 -10.573244 1.956234 19.567994 1.973273 0.093850
Pedestrian -1 -1 -10 984.000000 244.000000 1084.000000 373.000000 1.770060 0.603914 0.617044 2.130043 1.830445 3.198337 -1.541946 0.024667
Pedestrian -1 -1 -10 728.000000 166.000000 766.000000 234.000000 1.671635 0.546355 0.503979 3.695497 2.061745 17.395665 0.746640 0.024373
Pedestrian -1 -1 -10 746.000000 164.000000 768.000000 210.000000 1.820032 0.649442 0.868046 5.796723 1.108119 27.475299 2.803624 0.013207
Pedestrian -1 -1 -10 618.000000 172.000000 634.000000 211.000000 1.678772 0.538554 0.650710 0.889768 1.287069 28.617769 1.590071 0.011410
Pedestrian -1 -1 -10 575.000000 168.000000 599.000000 224.000000 1.684574 0.715385 0.558662 -0.475095 1.311203 21.924804 1.783183 0.011037
Pedestrian -1 -1 -10 568.000000 168.000000 583.000000 207.000000 1.790226 0.616000 0.839527 -1.095639 1.232399 29.734040 1.200449 0.010829
Cyclist -1 -1 -10 571.000000 166.000000 602.000000 228.000000 1.714039 0.585617 1.763740 -0.460612 1.307669 21.757599 1.802754 0.997466
Cyclist -1 -1 -10 523.000000 171.000000 544.000000 214.000000 1.773487 0.539648 1.717648 -2.843985 1.276907 29.236058 -1.523734 0.906152
Cyclist -1 -1 -10 710.000000 164.000000 760.000000 248.000000 1.766708 0.589781 1.675330 2.450875 1.344647 13.601906 -1.334591 0.661968
Cyclist -1 -1 -10 861.000000 184.000000 988.000000 370.000000 1.644109 0.478429 1.780074 2.350402 1.641548 4.934501 -1.028330 0.571820
Cyclist -1 -1 -10 615.000000 171.000000 637.000000 212.000000 1.695324 0.623668 1.682668 0.779786 1.272472 28.589749 1.540310 0.451299
Cyclist -1 -1 -10 730.000000 167.000000 782.000000 235.000000 1.713735 0.577411 1.637731 5.614519 1.151771 26.308772 3.211583 0.411657
Cyclist -1 -1 -10 568.000000 168.000000 589.000000 211.000000 1.750353 0.503427 1.861552 -1.088996 1.215479 29.676574 1.248359 0.189098
Cyclist -1 -1 -10 736.000000 165.000000 757.000000 227.000000 1.756771 0.625950 1.445667 5.009238 0.770385 26.634816 2.759224 0.039421
Cyclist -1 -1 -10 422.000000 170.000000 461.000000 266.000000 1.806535 0.615177 1.728377 -3.067718 1.528718 13.252752 -1.834188 0.021380
Cyclist -1 -1 -10 749.000000 163.000000 776.000000 214.000000 1.776368 0.473889 1.626867 5.980100 1.197221 27.130740 -1.395827 0.020779
