Car -1 -1 -10 426.000000 191.000000 551.000000 264.000000 1.407711 1.596697 3.870432 -2.951005 1.858204 16.053722 -2.100061 0.999458
Car -1 -1 -10 319.000000 186.000000 377.000000 224.000000 1.475687 1.594517 3.703242 -10.812223 2.026823 29.103709 -2.075909 0.999187
Car -1 -1 -10 111.000000 188.000000 161.000000 220.000000 1.580671 1.661034 3.896816 -25.691164 2.420903 38.934968 1.052068 0.998469
Car -1 -1 -10 948.000000 166.000000 1093.000000 237.000000 1.446739 1.664574 4.103246 8.601629 1.278559 15.533881 1.787132 0.996648
Car -1 -1 -10 300.000000 185.000000 353.000000 216.000000 1.487490 1.603144 3.795618 -13.634439 2.016934 34.198615 -2.071045 0.966120
Car -1 -1 -10 766.000000 166.000000 932.000000 237.000000 1.532520 1.580477 3.718094 6.590904 1.357991 17.103228 1.793826 0.645882
Car -1 -1 -10 490.000000 171.000000 588.000000 211.000000 1.538677 1.654409 4.068170 -3.275707 1.521851 32.356684 -3.044780 0.637202
Car -1 -1 -10 561.000000 158.000000 897.000000 340.000000 1.985916 1.735435 4.349570 1.007035 1.811839 9.526060 -2.092930 0.284953
Car -1 -1 -10 446.000000 177.000000 531.000000 210.000000 1.551936 1.631691 4.079787 -6.621417 1.683282 37.651193 -3.171470 0.234334
Car -1 -1 -10 1026.000000 156.000000 1239.000000 227.000000 1.572653 1.618187 4.140054 12.334270 1.448059 16.536336 1.637057 0.197575
Car -1 -1 -10 0.000000 203.000000 68.000000 301.000000 1.452087 1.574386 3.651398 -10.748138 2.033550 12.691156 1.001001 0.151175
Car -1 -1 -10 136.000000 188.000000 177.000000 214.000000 1.487284 1.557805 3.653500 -27.862590 2.682232 43.159575 -2.160141 0.148924
Car -1 -1 -10 888.000000 171.000000 984.000000 218.000000 1.473063 1.619230 3.979180 11.834039 1.302342 26.357768 1.024005 0.072026
