Pedestrian -1 -1 -10 370.000000 162.000000 384.000000 197.000000 1.727073 0.612948 0.765863 -12.963863 1.715472 39.546173 -2.458923 0.041303
Pedestrian -1 -1 -10 759.000000 164.000000 767.000000 191.000000 1.847425 0.606295 0.740129 9.905585 1.185101 46.350013 -2.914912 0.040253
Pedestrian -1 -1 -10 431.000000 163.000000 444.000000 192.000000 1.750754 0.631543 0.780691 -9.213350 1.185371 38.455198 -3.268912 0.034674
Pedestrian -1 -1 -10 739.000000 164.000000 773.000000 190.000000 1.767640 0.681537 0.869497 10.073847 1.209368 49.369557 -1.753730 0.018673
Car -1 -1 -10 434.000000 169.000000 517.000000 201.000000 1.496942 1.608244 3.719088 -6.521545 1.453420 34.594565 2.912029 0.870273
Car -1 -1 -10 734.000000 164.000000 775.000000 189.000000 1.527698 1.634203 3.840563 10.250516 1.055634 51.544868 1.349928 0.466492
Car -1 -1 -10 898.000000 157.000000 966.000000 186.000000 1.530528 1.616869 3.723513 23.154479 1.024281 51.581130 -1.729189 0.193218
Car -1 -1 -10 94.000000 172.000000 160.000000 197.000000 1.548112 1.633299 4.066527 -31.544535 1.473754 47.474590 1.502702 0.172508
Car -1 -1 -10 698.000000 159.000000 741.000000 190.000000 1.534161 1.607740 3.780714 7.939866 1.199832 49.955515 1.633377 0.092318
Car -1 -1 -10 750.000000 164.000000 767.000000 189.000000 1.526702 1.600134 3.894810 10.623624 1.063922 50.917274 1.628822 0.016422
Cyclist -1 -1 -10 431.000000 164.000000 444.000000 193.000000 1.679663 0.534152 1.697738 -9.402586 1.107093 38.993941 -1.923321 0.010320
