Pedestrian -1 -1 -10 890.000000 204.000000 935.000000 311.000000 1.720235 0.537825 0.568051 3.636578 1.788453 8.551688 2.639005 0.850215
Pedestrian -1 -1 -10 613.000000 174.000000 631.000000 218.000000 1.764443 0.580930 0.961079 0.652829 1.429438 26.277162 2.615224 0.797845
Pedestrian -1 -1 -10 976.000000 209.000000 1029.000000 310.000000 1.762281 0.728482 0.592186 5.932613 1.841270 10.742684 -1.399894 0.416989
Pedestrian -1 -1 -10 801.000000 194.000000 832.000000 279.000000 1.699529 0.600933 0.650114 3.595593 1.405652 12.139002 -0.764012 0.158102
Pedestrian -1 -1 -10 939.000000 213.000000 1060.000000 314.000000 1.796598 0.849782 0.914568 5.681332 1.970079 10.722295 2.281170 0.082354
Pedestrian -1 -1 -10 760.000000 196.000000 800.000000 274.000000 1.736887 0.739372 0.628644 3.160813 1.899319 12.850174 2.946938 0.061099
Pedestrian -1 -1 -10 951.000000 184.000000 978.000000 279.000000 1.740206 0.501336 0.740662 5.870790 1.688542 11.585590 3.121023 0.024059
Pedestrian -1 -1 -10 776.000000 194.000000 822.000000 278.000000 1.749199 0.603406 0.628675 3.392374 1.823425 12.907208 -0.324701 0.012011
Car -1 -1 -10 968.000000 208.000000 1050.000000 313.000000 1.533273 1.576411 3.522851 6.365043 1.748551 11.097343 2.594395 0.032205
Car -1 -1 -10 919.000000 217.000000 1159.000000 370.000000 1.542605 1.548006 3.652552 3.869621 1.809053 6.678482 2.799179 0.014087
Cyclist -1 -1 -10 466.000000 182.000000 539.000000 243.000000 1.768824 0.680853 1.780096 -2.758395 1.524490 19.471084 0.282781 0.102853
Cyclist -1 -1 -10 472.000000 181.000000 514.000000 273.000000 1.755283 0.547888 1.719975 -2.180214 1.488573 12.042675 -1.180165 0.047724
Cyclist -1 -1 -10 969.000000 210.000000 1048.000000 307.000000 1.674262 0.562279 1.668034 6.069899 1.528555 10.757196 -1.036187 0.017468
