Car -1 -1 -10 329.000000 175.000000 466.000000 226.000000 1.539856 1.664743 3.983462 -6.538704 1.599383 22.115255 -3.122410 0.993758
Car -1 -1 -10 784.000000 167.000000 1035.000000 252.000000 1.694792 1.699311 4.173376 6.322456 1.664544 16.135337 3.105697 0.984535
Car -1 -1 -10 975.000000 177.000000 1241.000000 349.000000 1.527873 1.614866 3.824333 6.519123 1.704300 8.321576 0.123295 0.969604
Car -1 -1 -10 384.000000 173.000000 500.000000 217.000000 1.598360 1.694392 4.094628 -5.998163 1.525397 27.391815 -3.205529 0.966988
Car -1 -1 -10 77.000000 165.000000 369.000000 272.000000 1.691278 1.611432 3.838790 -6.626021 1.589028 12.450763 -0.026623 0.966505
Car -1 -1 -10 192.000000 176.000000 370.000000 253.000000 1.482149 1.585821 3.764197 -6.778537 1.687434 15.021104 -3.128422 0.234817
Car -1 -1 -10 484.000000 173.000000 539.000000 199.000000 1.537814 1.627742 3.847978 -6.428510 1.623248 45.389966 -3.150066 0.068826
Car -1 -1 -10 654.000000 163.000000 724.000000 219.000000 2.038637 1.779365 4.209846 2.755644 1.636721 25.254763 -1.628026 0.055768
Car -1 -1 -10 637.000000 169.000000 676.000000 201.000000 1.632119 1.637509 3.549714 2.543601 1.473982 41.776886 -1.610731 0.038468
Car -1 -1 -10 649.000000 171.000000 693.000000 215.000000 1.558631 1.567894 3.518923 2.578800 1.523818 27.661249 -1.599998 0.031471
