Car -1 -1 -10 422.000000 188.000000 482.000000 228.000000 1.474709 1.560818 3.682306 -6.303417 2.131647 28.788139 1.640309 0.997301
Car -1 -1 -10 652.000000 175.000000 700.000000 210.000000 1.514412 1.633862 3.951881 2.822892 1.558735 32.512096 -1.616394 0.974403
Car -1 -1 -10 457.000000 187.000000 503.000000 219.000000 1.447950 1.570504 3.793427 -6.217694 2.151066 34.067766 1.582916 0.943094
Car -1 -1 -10 144.000000 198.000000 221.000000 230.000000 1.513617 1.636132 3.795942 -20.802329 2.760262 35.431441 -1.566595 0.940100
Car -1 -1 -10 202.000000 198.000000 277.000000 230.000000 1.533075 1.625491 3.768455 -18.172345 2.799404 35.617367 -1.428599 0.896203
Car -1 -1 -10 100.000000 203.000000 170.000000 232.000000 1.563295 1.600578 3.917473 -23.953843 2.826956 36.270069 1.600921 0.732579
Car -1 -1 -10 0.000000 218.000000 144.000000 370.000000 1.522865 1.646049 3.837698 -6.804623 2.063782 6.999754 -3.174357 0.683749
Car -1 -1 -10 1118.000000 187.000000 1239.000000 365.000000 1.515850 1.592423 3.825312 3.003335 1.526460 1.376944 -1.532269 0.338657
Car -1 -1 -10 45.000000 204.000000 136.000000 235.000000 1.506805 1.583561 3.870790 -26.019831 3.077716 35.973777 -1.616032 0.211821
Car -1 -1 -10 484.000000 179.000000 521.000000 208.000000 1.507818 1.614099 3.860798 -6.083120 2.024972 42.499786 1.541493 0.090530
Car -1 -1 -10 0.000000 199.000000 44.000000 252.000000 1.545951 1.604365 3.909252 -30.472978 3.640834 36.594012 1.423093 0.089947
Cyclist -1 -1 -10 1110.000000 156.000000 1244.000000 374.000000 1.669734 0.551297 1.621584 2.819797 1.639229 3.232590 -1.487137 0.013952
