Pedestrian -1 -1 -10 1019.000000 193.000000 1240.000000 368.000000 1.817761 0.727090 0.786003 2.218436 2.201180 2.810131 -0.494948 0.014229
Car -1 -1 -10 709.000000 172.000000 847.000000 287.000000 1.596122 1.653293 3.945976 2.646807 1.674265 12.549800 -1.556211 0.998966
Car -1 -1 -10 9.000000 198.000000 324.000000 311.000000 1.465977 1.536869 3.895747 -6.165936 1.857966 10.175056 -3.061985 0.993038
Car -1 -1 -10 672.000000 180.000000 759.000000 244.000000 1.442869 1.609524 3.960664 2.722051 1.705558 18.668874 -1.592041 0.990751
Car -1 -1 -10 132.000000 186.000000 396.000000 278.000000 1.565963 1.637065 3.861170 -6.121209 1.823014 13.109776 -3.201179 0.959341
Car -1 -1 -10 656.000000 173.000000 704.000000 221.000000 1.595983 1.559090 3.634357 2.531860 1.695877 27.588942 -1.628804 0.936899
Car -1 -1 -10 639.000000 178.000000 673.000000 204.000000 1.485681 1.571265 3.556071 2.479746 1.822523 41.364612 -1.592231 0.934649
Car -1 -1 -10 1018.000000 202.000000 1241.000000 363.000000 1.469678 1.576463 3.940700 2.652619 1.851997 1.525466 -1.607033 0.793758
Car -1 -1 -10 367.000000 183.000000 500.000000 227.000000 1.522301 1.624794 4.132834 -6.218043 1.966916 25.636968 -0.196718 0.643155
Car -1 -1 -10 250.000000 188.000000 402.000000 258.000000 1.442130 1.601244 3.769847 -6.235029 1.843924 16.501920 1.170597 0.492288
Car -1 -1 -10 454.000000 179.000000 527.000000 209.000000 1.547979 1.581895 4.207199 -6.350686 1.956542 38.384892 -3.078114 0.288986
Car -1 -1 -10 413.000000 182.000000 516.000000 216.000000 1.571526 1.575737 3.759898 -6.276852 1.769145 31.989959 -1.667191 0.267278
Cyclist -1 -1 -10 1026.000000 195.000000 1243.000000 360.000000 1.621404 0.556063 1.573976 2.290705 1.892990 3.062824 -1.605015 0.011852
