Pedestrian -1 -1 -10 746.000000 160.000000 821.000000 353.000000 1.735271 0.667946 0.942758 1.610834 1.487151 6.684014 -1.643689 0.996964
Pedestrian -1 -1 -10 685.000000 160.000000 750.000000 353.000000 1.735385 0.546206 0.782510 0.969690 1.539800 6.610116 -1.890151 0.996930
Pedestrian -1 -1 -10 211.000000 158.000000 284.000000 348.000000 1.751257 0.640570 1.020025 -3.493771 1.540436 6.988557 -1.573468 0.996112
Pedestrian -1 -1 -10 873.000000 159.000000 916.000000 259.000000 1.697514 0.598160 0.616439 4.734064 1.341923 11.732118 1.933018 0.963477
Pedestrian -1 -1 -10 789.000000 158.000000 820.000000 252.000000 1.827792 0.689927 0.719748 4.425888 1.428611 15.801509 -0.807248 0.705701
Pedestrian -1 -1 -10 0.000000 148.000000 205.000000 370.000000 1.653994 0.727667 0.624954 -2.435888 1.491931 3.284090 1.477172 0.370438
Pedestrian -1 -1 -10 834.000000 160.000000 853.000000 218.000000 1.705794 0.540201 0.695198 7.460682 1.111989 22.193399 1.368894 0.099103
Pedestrian -1 -1 -10 694.000000 168.000000 719.000000 220.000000 1.772938 0.795967 0.656180 4.689965 1.555066 32.236768 -0.274794 0.080879
Pedestrian -1 -1 -10 775.000000 160.000000 829.000000 285.000000 1.692116 0.545897 0.609735 2.608908 0.934707 8.867474 -1.812185 0.041444
Pedestrian -1 -1 -10 698.000000 168.000000 734.000000 240.000000 1.764175 0.592381 0.665097 4.924725 1.747835 29.491526 2.733411 0.038831
Pedestrian -1 -1 -10 739.000000 162.000000 764.000000 259.000000 1.715528 0.612990 0.712091 3.658853 1.309128 17.653778 1.684244 0.011628
Car -1 -1 -10 530.000000 167.000000 579.000000 209.000000 1.844301 1.764917 4.179194 -2.346406 1.295532 36.908465 1.651971 0.022207
Cyclist -1 -1 -10 -3.000000 147.000000 208.000000 377.000000 1.631593 0.643261 1.685754 -2.407843 1.343449 3.200765 1.596335 0.976537
Cyclist -1 -1 -10 403.000000 170.000000 459.000000 241.000000 1.680200 0.599196 1.778036 -4.367722 1.514768 18.360698 0.833325 0.947282
Cyclist -1 -1 -10 869.000000 161.000000 920.000000 260.000000 1.694319 0.483799 1.646359 4.813222 1.324109 11.812701 -1.179390 0.691681
Cyclist -1 -1 -10 855.000000 165.000000 982.000000 368.000000 1.699716 0.522346 1.644681 2.422904 1.959229 5.782118 -0.714238 0.225942
Cyclist -1 -1 -10 788.000000 157.000000 822.000000 259.000000 1.735284 0.656385 1.620002 4.045680 1.301494 14.948822 1.846620 0.163656
Cyclist -1 -1 -10 762.000000 159.000000 832.000000 321.000000 1.725814 0.580613 1.651113 1.576193 1.401574 6.998455 -1.341906 0.058708
Cyclist -1 -1 -10 693.000000 167.000000 724.000000 223.000000 1.744646 0.638826 1.519981 4.764084 1.412798 32.617276 0.354983 0.022593
