Car -1 -1 -10 694.000000 185.000000 788.000000 257.000000 1.438989 1.574908 3.640749 2.850614 1.744239 16.538364 -1.565638 0.998976
Car -1 -1 -10 104.000000 185.000000 428.000000 273.000000 1.474444 1.569346 4.127690 -5.835180 1.764678 13.342518 -0.030521 0.996499
Car -1 -1 -10 742.000000 175.000000 898.000000 233.000000 1.629182 1.660721 3.976551 6.487139 1.746293 21.558263 0.058226 0.996248
Car -1 -1 -10 -3.000000 185.000000 240.000000 326.000000 1.545828 1.615547 3.806790 -7.041104 1.809205 9.029378 -3.179117 0.977144
Car -1 -1 -10 369.000000 178.000000 493.000000 222.000000 1.509656 1.608240 3.963452 -6.301169 1.668819 25.613792 -3.121228 0.966950
Car -1 -1 -10 306.000000 180.000000 469.000000 239.000000 1.552550 1.598195 4.096932 -6.025555 1.741261 19.538679 0.084631 0.962845
Car -1 -1 -10 918.000000 159.000000 1248.000000 371.000000 1.545663 1.641169 3.866957 2.852737 1.531324 2.450748 -1.597222 0.959809
Car -1 -1 -10 413.000000 178.000000 529.000000 213.000000 1.607637 1.631671 3.772886 -5.904191 1.741399 31.609889 -3.295169 0.733494
Car -1 -1 -10 3.000000 164.000000 123.000000 369.000000 1.797235 1.676719 3.915272 -6.352927 1.744309 6.059915 -3.115852 0.267869
Car -1 -1 -10 693.000000 177.000000 750.000000 206.000000 1.525404 1.543342 3.817793 5.863762 1.723139 35.126768 2.868627 0.190417
