Car -1 -1 -10 896.000000 191.000000 1185.000000 291.000000 1.452126 1.524541 3.626495 6.452818 1.726439 11.148513 -0.047417 0.999603
Car -1 -1 -10 636.000000 179.000000 672.000000 208.000000 1.424889 1.576834 3.944818 2.345795 1.908121 37.740856 -1.599315 0.997764
Car -1 -1 -10 722.000000 180.000000 860.000000 230.000000 1.483080 1.630242 3.915671 5.638840 1.789633 23.233157 -0.045893 0.997250
Car -1 -1 -10 3.000000 187.000000 303.000000 335.000000 1.458473 1.614623 4.121006 -6.086233 1.632358 8.326904 -3.119438 0.997138
Car -1 -1 -10 177.000000 179.000000 431.000000 266.000000 1.524235 1.561436 3.912984 -5.740749 1.763484 14.085266 -0.027978 0.997129
Car -1 -1 -10 267.000000 174.000000 442.000000 244.000000 1.538536 1.591477 3.713372 -5.993150 1.487158 18.046849 -3.316977 0.977053
Car -1 -1 -10 840.000000 181.000000 1062.000000 274.000000 1.506208 1.582466 3.837517 6.418932 1.716349 13.412114 -0.003519 0.969282
Car -1 -1 -10 395.000000 176.000000 511.000000 214.000000 1.532478 1.615291 3.897710 -6.342128 1.786179 31.212949 -0.052226 0.933008
Car -1 -1 -10 325.000000 176.000000 468.000000 227.000000 1.472057 1.584745 3.921363 -5.947283 1.580960 21.720220 0.671604 0.924040
Car -1 -1 -10 1.000000 188.000000 139.000000 367.000000 1.535452 1.640586 4.108812 -6.431034 1.517449 5.825421 -3.276893 0.578248
