Car -1 -1 -10 361.000000 179.000000 464.000000 248.000000 1.483865 1.614596 3.745487 -4.869533 1.430430 18.372589 -1.547480 0.999263
Car -1 -1 -10 575.000000 172.000000 629.000000 224.000000 1.569020 1.684395 3.918115 -0.294643 1.178046 25.176582 -1.589419 0.998605
Car -1 -1 -10 155.000000 181.000000 320.000000 254.000000 1.472735 1.602123 3.906757 -8.533851 1.425992 17.058875 -1.586989 0.976481
Car -1 -1 -10 339.000000 180.000000 377.000000 207.000000 1.564204 1.640702 3.995277 -13.152179 1.432512 39.597241 -1.553724 0.839418
Car -1 -1 -10 505.000000 172.000000 547.000000 206.000000 1.463920 1.587033 3.785840 -4.456330 0.911026 40.693410 -1.661173 0.792512
Car -1 -1 -10 -6.000000 158.000000 251.000000 350.000000 1.751420 1.685766 4.161044 -4.571336 1.600691 5.799250 -1.571539 0.373240
Car -1 -1 -10 420.000000 180.000000 454.000000 209.000000 1.530696 1.608989 3.764797 -8.079167 0.933360 38.002527 -2.516405 0.134679
Car -1 -1 -10 11.000000 165.000000 210.000000 261.000000 1.482848 1.569768 3.798113 -13.019252 1.076613 19.571482 1.461049 0.042201
Car -1 -1 -10 385.000000 180.000000 433.000000 217.000000 1.533273 1.576411 3.522851 -9.776412 0.954480 38.924204 1.807600 0.020028
Car -1 -1 -10 67.000000 176.000000 191.000000 239.000000 1.512874 1.645680 3.941127 -16.744724 0.917909 26.379900 1.324758 0.016555
Car -1 -1 -10 579.000000 173.000000 615.000000 204.000000 1.460695 1.551980 3.624605 -0.817139 0.728082 34.877562 2.054697 0.011272
