Car -1 -1 -10 644.000000 176.000000 677.000000 203.000000 1.434419 1.685891 3.971994 2.765186 1.671314 41.240321 1.564229 0.999554
Car -1 -1 -10 732.000000 188.000000 941.000000 340.000000 1.471915 1.589496 3.584891 2.579520 1.713066 8.948696 -1.484774 0.999341
Car -1 -1 -10 424.000000 171.000000 534.000000 258.000000 1.654411 1.697803 3.954384 -2.900034 1.670613 16.445055 1.562921 0.999210
Car -1 -1 -10 -3.000000 173.000000 298.000000 289.000000 1.449318 1.599053 3.993881 -7.034877 1.493523 10.132126 -3.136404 0.998597
Car -1 -1 -10 841.000000 187.000000 1252.000000 374.000000 1.551171 1.544838 3.627411 2.472943 1.609493 3.970175 -1.541688 0.883804
Car -1 -1 -10 504.000000 178.000000 561.000000 225.000000 1.482474 1.577343 3.781750 -3.033426 1.641298 23.984791 -2.760992 0.710821
Car -1 -1 -10 526.000000 174.000000 574.000000 240.000000 1.492222 1.598487 3.806507 -2.593716 1.756725 24.192373 -1.648774 0.033247
Car -1 -1 -10 466.000000 173.000000 588.000000 248.000000 1.577769 1.576983 3.681694 -2.829871 1.777419 23.868098 -1.637268 0.026975
Cyclist -1 -1 -10 536.000000 168.000000 579.000000 269.000000 1.730731 0.589989 1.761755 -0.980128 1.626682 12.866196 1.680712 0.999232
Cyclist -1 -1 -10 509.000000 178.000000 568.000000 234.000000 1.728529 0.689453 1.835140 -2.558177 1.620904 22.898912 1.336983 0.146925
Cyclist -1 -1 -10 541.000000 174.000000 569.000000 241.000000 1.702930 0.691412 1.649065 -2.363558 1.903981 22.984575 -3.203292 0.010362
