Pedestrian -1 -1 -10 761.000000 164.000000 806.000000 278.000000 1.676347 0.636330 0.774097 2.494862 1.377648 10.132090 -1.904209 0.964720
Pedestrian -1 -1 -10 732.000000 150.000000 750.000000 223.000000 1.699006 0.505043 0.576058 3.748720 1.243844 19.478376 2.778949 0.159332
Pedestrian -1 -1 -10 455.000000 157.000000 467.000000 189.000000 1.735388 0.610106 0.547074 -7.892423 0.431379 39.743925 -1.696443 0.060024
Pedestrian -1 -1 -10 653.000000 158.000000 671.000000 220.000000 1.768360 0.703568 0.622293 1.569239 1.144758 19.335387 -1.537903 0.051151
Pedestrian -1 -1 -10 753.000000 176.000000 785.000000 279.000000 1.679197 0.566485 0.735803 2.377288 1.504925 10.240966 -2.356575 0.042084
Pedestrian -1 -1 -10 804.000000 149.000000 820.000000 225.000000 1.716059 0.523624 0.664023 3.897411 1.376065 14.278011 2.896876 0.033842
Pedestrian -1 -1 -10 585.000000 160.000000 628.000000 234.000000 1.710266 0.614790 0.836845 -0.063705 1.259813 15.413756 -1.430301 0.021427
Pedestrian -1 -1 -10 597.000000 154.000000 618.000000 213.000000 1.804149 0.566038 0.672218 0.257630 0.735994 36.538583 -1.129155 0.015824
Pedestrian -1 -1 -10 499.000000 159.000000 509.000000 187.000000 1.836902 0.647301 0.815745 -6.522544 0.453438 48.063282 -1.888569 0.014762
Pedestrian -1 -1 -10 538.000000 158.000000 546.000000 185.000000 1.782412 0.636285 0.779042 -4.121289 0.364917 49.521143 -1.283567 0.014035
Pedestrian -1 -1 -10 954.000000 148.000000 975.000000 230.000000 1.738270 0.508102 0.659053 6.610541 1.453753 13.600381 0.574157 0.012888
Pedestrian -1 -1 -10 840.000000 143.000000 863.000000 241.000000 1.682586 0.539844 0.621155 4.632056 1.952875 13.282060 0.446796 0.011096
Pedestrian -1 -1 -10 450.000000 161.000000 479.000000 232.000000 1.672220 0.823921 0.449035 -3.462790 1.252305 18.052463 1.563807 0.010201
Car -1 -1 -10 1034.000000 153.000000 1241.000000 240.000000 1.720332 1.631220 4.016290 11.296364 1.254036 14.764676 1.193740 0.959550
Car -1 -1 -10 1139.000000 182.000000 1239.000000 369.000000 1.537405 1.582432 3.460432 5.818407 1.461471 5.777168 -0.939072 0.084879
Car -1 -1 -10 1138.000000 157.000000 1239.000000 251.000000 1.462293 1.523930 3.604907 10.671309 0.905007 12.638359 1.694348 0.029926
Cyclist -1 -1 -10 384.000000 162.000000 432.000000 249.000000 1.739397 0.563271 1.804043 -4.107234 1.354242 15.249832 1.547483 0.999683
Cyclist -1 -1 -10 449.000000 161.000000 482.000000 233.000000 1.712289 0.575334 1.746654 -3.470277 1.250919 18.025783 1.599314 0.999666
Cyclist -1 -1 -10 453.000000 159.000000 470.000000 187.000000 1.698189 0.592160 1.682227 -7.838323 0.269282 39.925561 -1.887844 0.059297
Cyclist -1 -1 -10 1144.000000 181.000000 1240.000000 372.000000 1.667625 0.527149 1.730756 4.704812 1.571474 5.840821 -0.912233 0.042935
