Pedestrian -1 -1 -10 668.000000 160.000000 725.000000 302.000000 1.736230 0.693305 0.750854 1.126715 1.428738 9.166617 1.611592 0.998051
Pedestrian -1 -1 -10 608.000000 162.000000 660.000000 304.000000 1.719968 0.614193 0.785800 0.325258 1.493146 8.983202 -1.918888 0.994468
Pedestrian -1 -1 -10 231.000000 159.000000 287.000000 310.000000 1.771986 0.676684 0.885764 -4.074225 1.502196 8.546365 -1.491808 0.793245
Pedestrian -1 -1 -10 4.000000 169.000000 47.000000 299.000000 1.748693 0.640277 0.740211 -8.713742 1.541734 10.887093 1.406731 0.352061
Pedestrian -1 -1 -10 705.000000 156.000000 730.000000 232.000000 1.717069 0.654157 0.663940 3.273030 1.050396 20.407862 0.549269 0.312755
Pedestrian -1 -1 -10 714.000000 160.000000 743.000000 227.000000 1.791695 0.625649 0.933990 3.499830 1.209673 20.465077 0.726858 0.087687
Pedestrian -1 -1 -10 363.000000 178.000000 379.000000 226.000000 1.787105 0.670056 0.644424 -7.795087 1.591040 24.121692 -2.274270 0.078284
Pedestrian -1 -1 -10 727.000000 161.000000 750.000000 222.000000 1.749866 0.676255 0.760548 3.416546 1.275755 18.307309 -1.784959 0.054151
Pedestrian -1 -1 -10 690.000000 154.000000 728.000000 267.000000 1.675724 0.560714 0.608340 1.922898 1.621208 12.295470 0.242232 0.042254
Pedestrian -1 -1 -10 704.000000 161.000000 809.000000 291.000000 1.770281 0.610129 0.926372 2.007219 1.839141 9.750187 0.829788 0.035457
Pedestrian -1 -1 -10 616.000000 169.000000 646.000000 213.000000 1.787774 0.722179 0.795740 1.389562 1.377939 39.726384 -1.109463 0.033917
Pedestrian -1 -1 -10 651.000000 167.000000 671.000000 233.000000 1.767652 0.647726 0.799456 1.596597 1.293223 20.666126 -1.863056 0.030479
Pedestrian -1 -1 -10 246.000000 165.000000 353.000000 347.000000 1.672698 0.735310 0.580915 -2.733937 1.505209 6.762764 1.571438 0.026363
Pedestrian -1 -1 -10 522.000000 170.000000 530.000000 197.000000 1.813811 0.684401 0.742348 -5.278486 1.123205 50.579813 -1.691787 0.022159
Pedestrian -1 -1 -10 456.000000 167.000000 473.000000 202.000000 1.710508 0.598663 0.689619 -8.767478 0.495518 44.329927 2.395344 0.017518
Pedestrian -1 -1 -10 434.000000 171.000000 452.000000 210.000000 1.699080 0.653308 0.767090 -5.260231 1.251411 23.365918 -0.157949 0.017085
Pedestrian -1 -1 -10 631.000000 168.000000 651.000000 236.000000 1.739070 0.458755 0.673590 0.840236 1.647143 15.824121 0.171563 0.013257
Car -1 -1 -10 482.000000 168.000000 520.000000 204.000000 1.795413 1.776595 4.227880 -5.965159 1.119683 42.669987 1.479431 0.063864
Cyclist -1 -1 -10 428.000000 167.000000 489.000000 274.000000 1.736286 0.618874 1.771541 -2.469189 1.534790 12.264571 1.607279 0.999718
Cyclist -1 -1 -10 249.000000 162.000000 376.000000 369.000000 1.733499 0.656037 1.741277 -2.739192 1.583041 6.731121 1.493757 0.999701
Cyclist -1 -1 -10 702.000000 170.000000 823.000000 287.000000 1.738735 0.489158 1.718486 2.378073 1.639624 9.858248 -0.241972 0.588190
Cyclist -1 -1 -10 237.000000 162.000000 311.000000 318.000000 1.790697 0.645477 1.727815 -4.162422 1.529569 8.607336 1.761515 0.289593
Cyclist -1 -1 -10 676.000000 158.000000 745.000000 297.000000 1.774101 0.590363 1.775204 1.273988 1.465814 9.245733 -0.850365 0.086494
Cyclist -1 -1 -10 610.000000 164.000000 659.000000 299.000000 1.745850 0.574416 1.756578 0.352607 1.539233 8.960743 -1.530178 0.054973
Cyclist -1 -1 -10 4.000000 173.000000 73.000000 296.000000 1.734628 0.644701 1.779819 -8.662479 1.522295 10.674906 2.326520 0.052073
Cyclist -1 -1 -10 702.000000 157.000000 734.000000 240.000000 1.702740 0.609655 1.805407 3.344327 1.150535 20.476651 -0.936659 0.051489
Cyclist -1 -1 -10 703.000000 161.000000 769.000000 251.000000 1.746922 0.630416 1.770550 3.417437 1.299704 18.183957 2.366799 0.048455
Cyclist -1 -1 -10 434.000000 171.000000 454.000000 213.000000 1.719916 0.573549 1.655360 -5.183314 1.213431 23.743293 -1.703758 0.041578
Cyclist -1 -1 -10 448.000000 170.000000 478.000000 206.000000 1.716381 0.638865 1.663266 -8.535502 0.576383 43.422028 -0.790924 0.034094
Cyclist -1 -1 -10 651.000000 167.000000 671.000000 233.000000 1.767550 0.532813 1.699022 1.573157 1.301666 20.823522 -2.023795 0.027726
Cyclist -1 -1 -10 269.000000 174.000000 319.000000 277.000000 1.684964 0.484977 1.552243 -9.287166 1.649314 21.847845 -2.015014 0.021670
Cyclist -1 -1 -10 733.000000 167.000000 808.000000 241.000000 1.705736 0.570203 1.691130 3.935927 1.203168 16.223962 1.273357 0.017008
