Pedestrian -1 -1 -10 547.000000 177.000000 556.000000 207.000000 1.810304 0.655055 0.882416 -3.433761 1.912246 41.812108 1.421158 0.875378
Pedestrian -1 -1 -10 559.000000 172.000000 570.000000 206.000000 1.766630 0.650267 0.825394 -2.699249 1.884979 42.206321 1.469876 0.360753
Pedestrian -1 -1 -10 550.000000 178.000000 560.000000 206.000000 1.768761 0.620893 0.890953 -3.340634 2.033352 41.672556 0.434394 0.049737
Car -1 -1 -10 670.000000 174.000000 746.000000 238.000000 1.568917 1.592313 3.660617 2.492927 1.645454 19.722976 -1.596884 0.998713
Car -1 -1 -10 412.000000 181.000000 489.000000 237.000000 1.569330 1.614917 3.818829 -5.069821 1.884465 23.128267 1.572824 0.998697
Car -1 -1 -10 490.000000 182.000000 529.000000 211.000000 1.536999 1.673353 3.913301 -5.455443 1.951387 38.981199 1.543404 0.997527
Car -1 -1 -10 65.000000 178.000000 375.000000 359.000000 1.624657 1.656651 3.963767 -4.574366 1.839738 9.309994 -1.561496 0.987321
Car -1 -1 -10 854.000000 198.000000 1245.000000 372.000000 1.483067 1.574900 3.709204 2.681503 1.598271 3.869744 -1.567414 0.862271
Cyclist -1 -1 -10 558.000000 172.000000 571.000000 206.000000 1.800858 0.689710 1.877556 -2.691463 1.881549 42.231951 1.615248 0.634305
Cyclist -1 -1 -10 547.000000 177.000000 557.000000 207.000000 1.759630 0.580490 1.862116 -3.360149 1.913560 41.827632 1.582263 0.089320
