Car -1 -1 -10 739.000000 182.000000 954.000000 317.000000 1.430177 1.632885 4.077331 2.875756 1.588455 9.853877 -1.578999 0.999550
Car -1 -1 -10 682.000000 171.000000 739.000000 221.000000 1.470019 1.588825 3.595440 3.364383 1.539901 24.753187 -1.560124 0.997689
Car -1 -1 -10 -5.000000 188.000000 274.000000 372.000000 1.477834 1.623855 4.105881 -5.946628 1.695011 7.167929 -3.096729 0.993631
Car -1 -1 -10 102.000000 181.000000 371.000000 291.000000 1.547762 1.579594 3.803052 -6.299023 1.787847 12.382197 0.088988 0.987528
Car -1 -1 -10 302.000000 182.000000 487.000000 233.000000 1.557980 1.646474 3.981109 -5.647276 1.746302 21.438535 -0.105125 0.956595
Car -1 -1 -10 432.000000 175.000000 533.000000 209.000000 1.510820 1.585068 3.713608 -5.880847 1.653804 34.356990 -3.251936 0.946240
Car -1 -1 -10 377.000000 179.000000 502.000000 224.000000 1.576261 1.587900 3.667729 -6.353611 1.582366 28.924395 -2.959937 0.778758
Car -1 -1 -10 471.000000 174.000000 556.000000 203.000000 1.527359 1.568635 3.796864 -5.265232 1.287987 39.188491 0.260554 0.261218
Car -1 -1 -10 663.000000 173.000000 691.000000 198.000000 1.571174 1.641801 3.777363 3.951146 1.659928 43.782920 -1.481619 0.207014
Car -1 -1 -10 257.000000 180.000000 389.000000 240.000000 1.631339 1.712313 4.110477 -7.396516 1.639797 18.327768 -3.037485 0.190814
Car -1 -1 -10 160.000000 180.000000 291.000000 216.000000 1.475060 1.650459 4.004349 -10.174624 1.215993 19.653534 -1.533994 0.037852
Car -1 -1 -10 674.000000 172.000000 712.000000 206.000000 1.458747 1.535479 3.502003 3.547034 1.379386 29.809815 -1.576326 0.037584
