Pedestrian -1 -1 -10 1046.000000 150.000000 1126.000000 324.000000 1.762637 0.685465 0.916815 4.920457 1.552298 7.548229 1.594402 0.997739
Car -1 -1 -10 358.000000 174.000000 502.000000 229.000000 1.613343 1.678228 4.097042 -5.548212 1.660160 22.605311 -0.029099 0.998573
Car -1 -1 -10 626.000000 173.000000 737.000000 208.000000 1.551768 1.639469 4.264340 3.076885 1.641530 32.180567 2.724346 0.996808
Car -1 -1 -10 2.000000 205.000000 262.000000 376.000000 1.492837 1.633058 3.848565 -3.798545 1.807027 4.611332 1.456049 0.990100
Car -1 -1 -10 460.000000 172.000000 571.000000 213.000000 1.540477 1.606289 3.715719 -3.172921 1.777929 24.597372 0.912732 0.419019
Car -1 -1 -10 6.000000 179.000000 111.000000 224.000000 2.203968 1.757381 4.448760 -32.242144 2.753759 42.612845 -3.109439 0.069662
Cyclist -1 -1 -10 1045.000000 153.000000 1132.000000 323.000000 1.798217 0.691237 1.738218 5.042128 1.573217 7.528243 1.498091 0.127738
Cyclist -1 -1 -10 1005.000000 155.000000 1064.000000 231.000000 1.765468 0.642340 1.467018 7.221919 1.664319 12.109858 -1.677498 0.050037
Cyclist -1 -1 -10 1010.000000 155.000000 1043.000000 207.000000 1.694926 0.549003 1.688294 28.077967 -0.095434 49.540739 -0.490076 0.028947
Cyclist -1 -1 -10 1029.000000 156.000000 1108.000000 253.000000 1.671165 0.484804 1.678844 5.999112 1.009566 9.488934 -1.485951 0.023375
Cyclist -1 -1 -10 11.000000 192.000000 183.000000 266.000000 1.727181 0.437362 1.429156 -12.276736 2.388769 17.194409 -1.503239 0.013240
Cyclist -1 -1 -10 6.000000 201.000000 259.000000 379.000000 1.721310 0.465681 1.742157 -3.119623 1.857450 4.465205 1.517856 0.011299
