Car -1 -1 -10 120.000000 178.000000 332.000000 272.000000 1.518587 1.612373 3.738942 -7.122646 1.682292 13.552678 -3.111249 0.998067
Car -1 -1 -10 646.000000 180.000000 690.000000 217.000000 1.420274 1.600799 3.908595 2.448603 1.846140 31.803309 -1.602285 0.997262
Car -1 -1 -10 216.000000 182.000000 434.000000 251.000000 1.621758 1.594479 4.071662 -6.529685 1.730618 16.459564 0.049878 0.990198
Car -1 -1 -10 880.000000 201.000000 1229.000000 372.000000 1.472431 1.601798 3.846019 3.014639 1.746312 3.771690 1.539355 0.987361
Car -1 -1 -10 351.000000 179.000000 490.000000 227.000000 1.536866 1.567619 4.037973 -6.229890 1.740565 24.226261 0.042152 0.910259
Car -1 -1 -10 683.000000 115.000000 860.000000 276.000000 2.244634 1.850322 4.593254 2.896077 1.674339 13.936109 -1.589169 0.594477
Car -1 -1 -10 433.000000 181.000000 525.000000 214.000000 1.661448 1.669086 4.072101 -5.953327 1.998195 35.280013 -3.217474 0.323586
Car -1 -1 -10 478.000000 179.000000 539.000000 205.000000 1.523681 1.621731 3.810214 -5.828221 1.969702 46.495031 -3.193956 0.078494
Car -1 -1 -10 286.000000 186.000000 462.000000 237.000000 1.499860 1.627776 4.073728 -5.778299 1.788701 20.516707 0.621638 0.040893
Car -1 -1 -10 685.000000 158.000000 800.000000 259.000000 1.930505 1.730528 4.209296 2.741335 1.600918 15.244517 -1.543966 0.023932
