Pedestrian -1 -1 -10 927.000000 154.000000 939.000000 197.000000 1.729239 0.534171 0.562339 6.541074 1.568368 14.927616 3.403827 0.171319
Pedestrian -1 -1 -10 927.000000 150.000000 951.000000 204.000000 1.729686 0.546280 0.557483 5.371611 1.589022 12.011231 3.395869 0.117185
Pedestrian -1 -1 -10 943.000000 145.000000 993.000000 221.000000 1.728990 0.532139 0.563498 7.093083 1.559305 14.564095 3.444379 0.069186
Pedestrian -1 -1 -10 968.000000 144.000000 989.000000 213.000000 1.758600 0.459903 0.677781 6.562209 1.397813 12.812776 0.574220 0.061267
Pedestrian -1 -1 -10 923.000000 149.000000 968.000000 216.000000 1.729351 0.533076 0.563744 6.867786 1.607917 15.108877 3.418053 0.059076
Pedestrian -1 -1 -10 963.000000 150.000000 1006.000000 195.000000 1.680333 0.535645 0.582937 20.147362 0.425759 37.646629 -1.613242 0.011171
Car -1 -1 -10 332.000000 191.000000 467.000000 282.000000 1.489145 1.586926 3.749990 -3.997288 1.898785 13.843969 1.588703 0.998957
Car -1 -1 -10 651.000000 179.000000 700.000000 219.000000 1.452515 1.580392 3.810093 2.458017 1.744041 28.429700 -1.594162 0.998850
Car -1 -1 -10 6.000000 202.000000 369.000000 375.000000 1.487215 1.661482 4.153358 -3.654520 1.806918 6.579638 1.531584 0.995359
Car -1 -1 -10 796.000000 161.000000 954.000000 220.000000 1.541194 1.650341 3.995589 7.850899 1.432794 21.589233 3.105967 0.973246
Car -1 -1 -10 483.000000 183.000000 518.000000 209.000000 1.590565 1.631988 4.121848 -6.659960 2.090150 44.252348 1.717143 0.949909
Car -1 -1 -10 434.000000 183.000000 489.000000 223.000000 1.505029 1.623187 3.898977 -6.929634 2.032071 31.302126 1.780126 0.947338
Car -1 -1 -10 0.000000 215.000000 155.000000 345.000000 1.486065 1.556770 3.826888 -6.600189 1.770177 6.816510 -1.509390 0.171159
Car -1 -1 -10 747.000000 163.000000 863.000000 207.000000 1.548392 1.630881 4.077286 7.959337 1.247403 30.675390 3.150527 0.075412
Car -1 -1 -10 980.000000 149.000000 1060.000000 184.000000 1.541553 1.619573 3.776615 21.385603 0.621686 39.977556 0.089720 0.026113
Car -1 -1 -10 894.000000 160.000000 980.000000 217.000000 1.786881 1.642786 3.770548 9.419679 1.378773 23.635971 1.975218 0.018075
Car -1 -1 -10 360.000000 192.000000 435.000000 228.000000 1.533273 1.576411 3.522851 -7.589061 1.800785 23.175695 1.790844 0.015841
Cyclist -1 -1 -10 939.000000 146.000000 991.000000 220.000000 1.649682 0.525440 1.577361 6.185932 1.579648 12.175331 -1.106172 0.270086
Cyclist -1 -1 -10 925.000000 151.000000 970.000000 216.000000 1.653301 0.506224 1.588046 6.691769 1.558867 13.865782 -1.148127 0.243911
Cyclist -1 -1 -10 962.000000 145.000000 985.000000 218.000000 1.642456 0.531242 1.576946 5.619839 1.547936 10.843048 -1.079882 0.047066
Cyclist -1 -1 -10 928.000000 151.000000 951.000000 205.000000 1.658750 0.511712 1.582470 6.955077 1.545384 14.877419 -1.169475 0.030906
Cyclist -1 -1 -10 972.000000 146.000000 994.000000 204.000000 1.676757 0.503754 1.558241 8.373176 1.553342 15.990259 -1.125370 0.019106
