Pedestrian -1 -1 -10 1.000000 182.000000 52.000000 371.000000 1.724560 0.535717 0.645770 -4.957180 1.735477 5.974811 0.310195 0.038332
Car -1 -1 -10 730.000000 176.000000 828.000000 218.000000 1.479643 1.578204 3.622069 6.140950 1.645945 26.594338 -2.085900 0.997701
Car -1 -1 -10 -7.000000 183.000000 312.000000 337.000000 1.562412 1.604547 4.000147 -5.889240 1.625684 8.331692 0.039448 0.995632
Car -1 -1 -10 625.000000 175.000000 664.000000 203.000000 1.461305 1.566169 3.549748 1.818119 1.705569 38.813317 -1.674459 0.991855
Car -1 -1 -10 227.000000 174.000000 402.000000 252.000000 1.538565 1.608188 3.692361 -6.978142 1.566960 17.603911 -3.131727 0.976240
Car -1 -1 -10 287.000000 173.000000 451.000000 235.000000 1.572498 1.626024 3.846299 -6.642360 1.734958 19.677294 -2.980464 0.933987
Car -1 -1 -10 412.000000 173.000000 505.000000 207.000000 1.518290 1.643272 4.014725 -7.481871 1.573899 34.153478 -3.207859 0.748189
Car -1 -1 -10 328.000000 165.000000 482.000000 219.000000 1.762491 1.714921 4.168094 -6.444804 1.354342 22.166690 -3.090041 0.182759
Car -1 -1 -10 135.000000 181.000000 361.000000 267.000000 1.483433 1.596236 3.931746 -6.143605 1.842690 12.708628 0.520105 0.054318
Car -1 -1 -10 447.000000 173.000000 521.000000 199.000000 1.657996 1.535180 3.396312 -7.741541 1.790575 45.681744 -3.177034 0.025076
