Pedestrian -1 -1 -10 308.000000 164.000000 324.000000 210.000000 1.809992 0.697376 0.687304 -11.710091 1.373267 28.661686 -1.968930 0.011309
Car -1 -1 -10 717.000000 191.000000 864.000000 284.000000 1.422810 1.606954 3.950158 3.054343 1.766345 12.971924 -1.607205 0.999318
Car -1 -1 -10 -6.000000 175.000000 257.000000 315.000000 1.540199 1.617253 3.899869 -6.482639 1.671238 8.688493 -3.210152 0.993115
Car -1 -1 -10 654.000000 173.000000 704.000000 216.000000 1.808285 1.695425 4.015131 3.013532 1.906475 32.396899 -1.610567 0.992947
Car -1 -1 -10 362.000000 177.000000 499.000000 228.000000 1.531775 1.539751 3.838201 -5.074934 1.912697 23.696120 -3.345267 0.928775
Car -1 -1 -10 931.000000 231.000000 1251.000000 371.000000 1.484126 1.586463 3.792954 2.739171 1.724709 2.381409 -1.606623 0.855666
Car -1 -1 -10 418.000000 172.000000 525.000000 212.000000 1.514171 1.660705 4.079967 -5.931643 1.680679 29.104038 0.203059 0.669457
Car -1 -1 -10 699.000000 198.000000 759.000000 244.000000 1.566057 1.638944 3.810547 3.483950 1.871121 18.887980 -0.807350 0.463531
Car -1 -1 -10 464.000000 174.000000 537.000000 207.000000 1.618461 1.561733 3.860876 -5.947945 1.733893 38.979200 -3.067203 0.177402
Car -1 -1 -10 222.000000 188.000000 429.000000 248.000000 1.576977 1.667194 3.978661 -5.804296 1.627293 16.913554 -1.910931 0.103181
Car -1 -1 -10 304.000000 181.000000 469.000000 241.000000 1.552486 1.703672 4.021413 -5.687181 1.707668 18.886583 -2.962140 0.039158
Cyclist -1 -1 -10 701.000000 195.000000 766.000000 245.000000 1.715478 0.543745 1.685329 2.778941 1.994211 17.665454 1.057952 0.345672
Cyclist -1 -1 -10 1082.000000 186.000000 1144.000000 230.000000 1.667496 0.733469 1.821328 18.101468 2.128840 26.113336 0.144679 0.258317
