Car -1 -1 -10 789.000000 180.000000 1204.000000 375.000000 1.497215 1.627096 3.883930 2.948965 1.595302 6.549573 -1.598245 0.999623
Car -1 -1 -10 532.000000 179.000000 568.000000 204.000000 1.492319 1.625359 3.990766 -3.582285 1.865103 43.589946 1.616008 0.999144
Car -1 -1 -10 271.000000 176.000000 410.000000 264.000000 1.584743 1.623026 3.980856 -6.138611 1.800822 16.814795 1.555314 0.998585
Car -1 -1 -10 368.000000 180.000000 456.000000 234.000000 1.531372 1.603895 3.940709 -6.179248 1.863984 23.511464 1.532660 0.997992
Car -1 -1 -10 0.000000 208.000000 257.000000 369.000000 1.453766 1.605319 3.831187 -6.078505 1.951681 8.566019 1.582292 0.995092
Car -1 -1 -10 448.000000 183.000000 498.000000 213.000000 1.377949 1.613138 4.081914 -6.371312 1.930781 34.187924 1.585990 0.918358
Car -1 -1 -10 691.000000 167.000000 768.000000 193.000000 1.508795 1.637065 3.955216 7.923590 1.426846 49.830570 0.160787 0.879888
Car -1 -1 -10 963.000000 156.000000 1141.000000 224.000000 1.557767 1.594519 4.050980 14.650830 0.809363 24.114607 -2.580225 0.126158
Car -1 -1 -10 917.000000 166.000000 1190.000000 313.000000 1.409345 1.563914 4.057106 7.078655 1.429847 9.745139 1.658181 0.021716
Cyclist -1 -1 -10 958.000000 154.000000 1145.000000 234.000000 1.682088 0.612996 1.602773 6.276429 1.498828 9.963947 -0.989757 0.065440
