Car -1 -1 -10 555.000000 176.000000 624.000000 241.000000 1.507780 1.681498 3.763473 -0.624950 1.344627 19.964142 -1.625965 0.999156
Car -1 -1 -10 177.000000 196.000000 450.000000 349.000000 1.422491 1.645641 4.118093 -3.293448 1.577586 8.826015 -1.596907 0.998937
Car -1 -1 -10 385.000000 183.000000 505.000000 261.000000 1.507741 1.632077 4.076612 -3.378752 1.454768 15.518397 -1.591484 0.998646
Car -1 -1 -10 247.000000 179.000000 332.000000 229.000000 1.499094 1.596294 3.733091 -8.106928 1.268507 19.135107 -1.524369 0.978534
Car -1 -1 -10 513.000000 177.000000 553.000000 212.000000 1.540172 1.582368 3.843949 -3.406175 1.264019 32.527088 -1.580772 0.923388
Car -1 -1 -10 461.000000 179.000000 531.000000 233.000000 1.601137 1.674463 4.106012 -3.596502 1.423525 22.806549 -1.571859 0.773838
Car -1 -1 -10 2.000000 190.000000 172.000000 304.000000 1.472475 1.638169 3.890767 -7.886236 1.556611 9.593363 -1.606321 0.581550
Car -1 -1 -10 390.000000 178.000000 444.000000 209.000000 1.529294 1.596313 3.790851 -8.035909 1.107570 31.190201 -1.774114 0.149138
Car -1 -1 -10 262.000000 185.000000 362.000000 251.000000 1.498736 1.624890 3.967396 -7.851901 1.442817 19.476297 -1.595068 0.066762
Car -1 -1 -10 325.000000 179.000000 388.000000 216.000000 1.496583 1.640352 3.955245 -12.902529 1.228708 38.022623 -1.576070 0.027243
Car -1 -1 -10 7.000000 194.000000 105.000000 370.000000 1.524025 1.624414 3.804234 -8.024435 1.397112 9.399185 -2.897561 0.024643
