Pedestrian -1 -1 -10 454.000000 185.000000 477.000000 231.000000 1.630615 0.694781 0.628860 -5.212069 2.107565 25.768169 1.493084 0.045370
Car -1 -1 -10 645.000000 187.000000 727.000000 243.000000 1.505410 1.575422 3.384471 1.984632 1.905923 20.220753 -1.719900 0.998802
Car -1 -1 -10 387.000000 195.000000 451.000000 246.000000 1.438940 1.611286 3.703583 -6.085967 2.136824 22.943822 -1.778337 0.995795
Car -1 -1 -10 721.000000 184.000000 873.000000 301.000000 1.513070 1.576343 3.792506 2.842014 1.744627 11.316837 1.507793 0.994973
Car -1 -1 -10 562.000000 187.000000 600.000000 218.000000 1.493257 1.572952 3.610644 -1.618047 2.360444 39.164484 -1.768610 0.935552
Car -1 -1 -10 780.000000 143.000000 1241.000000 375.000000 1.769524 1.696410 4.136740 2.941358 1.664884 6.172693 -1.582048 0.872803
Car -1 -1 -10 610.000000 188.000000 673.000000 229.000000 1.547440 1.597425 3.672686 0.974330 1.977010 27.439500 -1.721945 0.020965
Car -1 -1 -10 421.000000 193.000000 461.000000 225.000000 1.525901 1.562996 3.777768 -10.589933 2.681609 43.026651 -2.493243 0.015674
Cyclist -1 -1 -10 454.000000 185.000000 478.000000 233.000000 1.706438 0.538927 1.765159 -5.181454 2.125218 25.719656 1.428166 0.914187
Cyclist -1 -1 -10 478.000000 185.000000 498.000000 230.000000 1.671142 0.587632 1.758510 -4.682455 2.086849 27.720232 1.450846 0.883205
Cyclist -1 -1 -10 17.000000 206.000000 74.000000 291.000000 1.672389 0.544065 1.558984 -11.143191 2.502431 14.248026 1.428627 0.020400
