Pedestrian -1 -1 -10 888.000000 160.000000 937.000000 268.000000 1.739799 0.676179 0.900253 5.031926 1.412766 11.614861 -0.057378 0.983352
Pedestrian -1 -1 -10 882.000000 153.000000 896.000000 193.000000 1.772788 0.545900 0.802103 13.352883 0.484442 33.491130 1.411007 0.500927
Pedestrian -1 -1 -10 1001.000000 149.000000 1025.000000 212.000000 1.816386 0.652317 0.856624 10.438413 0.966191 18.183287 0.642217 0.141575
Pedestrian -1 -1 -10 888.000000 165.000000 922.000000 231.000000 1.680315 0.492199 0.607073 4.946986 1.628469 12.236703 2.973289 0.134313
Pedestrian -1 -1 -10 883.000000 157.000000 908.000000 202.000000 1.785188 0.639087 0.954504 13.449949 0.592908 33.583755 1.473336 0.065790
Pedestrian -1 -1 -10 898.000000 163.000000 924.000000 208.000000 1.844677 0.618960 0.906250 15.646126 0.629049 36.133759 2.151226 0.058076
Pedestrian -1 -1 -10 875.000000 154.000000 910.000000 263.000000 1.772823 0.671968 0.769886 4.946620 1.406810 11.824664 -0.051361 0.016022
Pedestrian -1 -1 -10 904.000000 165.000000 930.000000 231.000000 1.683198 0.614227 0.609932 5.453467 1.712040 12.381773 -1.846120 0.011167
Car -1 -1 -10 439.000000 173.000000 479.000000 205.000000 1.540971 1.654819 3.909003 -7.459027 1.172811 35.891251 1.388757 0.999474
Car -1 -1 -10 0.000000 204.000000 295.000000 365.000000 1.546872 1.592706 3.930897 -3.255473 1.704104 3.382497 -1.585126 0.971811
Cyclist -1 -1 -10 885.000000 163.000000 939.000000 262.000000 1.719152 0.447637 1.721227 5.054683 1.390447 11.734087 -1.569415 0.049459
Cyclist -1 -1 -10 893.000000 163.000000 925.000000 217.000000 1.725701 0.442483 1.452775 6.723886 1.082523 15.223268 -0.452139 0.023914
Cyclist -1 -1 -10 23.000000 197.000000 275.000000 359.000000 1.694597 0.738793 1.778852 -2.601078 1.653889 3.561414 -1.590278 0.014421
