Pedestrian -1 -1 -10 776.000000 154.000000 814.000000 265.000000 1.687541 0.628661 0.784544 2.893067 1.306495 10.901496 -1.811516 0.988082
Pedestrian -1 -1 -10 347.000000 142.000000 365.000000 203.000000 1.728079 0.609992 0.742368 -7.767371 0.614351 22.620983 1.656508 0.039442
Pedestrian -1 -1 -10 764.000000 160.000000 799.000000 260.000000 1.749149 0.533376 0.566666 3.581397 1.570341 14.871561 3.210702 0.037337
Pedestrian -1 -1 -10 495.000000 151.000000 505.000000 186.000000 1.761843 0.637728 0.672053 -5.748114 -0.014113 40.497815 -1.729785 0.032823
Pedestrian -1 -1 -10 518.000000 152.000000 527.000000 183.000000 1.842306 0.680524 0.817809 -5.116895 0.045784 46.166543 1.376447 0.030423
Pedestrian -1 -1 -10 850.000000 141.000000 868.000000 229.000000 1.755185 0.590230 0.684350 4.770243 1.128608 13.446028 0.905668 0.025309
Pedestrian -1 -1 -10 776.000000 149.000000 792.000000 214.000000 1.717376 0.559305 0.674013 3.735984 0.811970 15.583256 1.287464 0.023712
Pedestrian -1 -1 -10 826.000000 153.000000 846.000000 220.000000 1.719906 0.599706 0.641275 6.064974 1.254897 18.661900 -1.806908 0.022627
Pedestrian -1 -1 -10 675.000000 153.000000 695.000000 224.000000 1.750915 0.594085 0.545925 2.309859 0.874901 19.774871 -1.431146 0.020021
Pedestrian -1 -1 -10 361.000000 157.000000 400.000000 211.000000 1.696298 0.593840 0.750103 -8.056684 0.950986 25.263563 0.350736 0.017586
Pedestrian -1 -1 -10 834.000000 149.000000 865.000000 223.000000 1.724266 0.547102 0.629866 6.386388 1.703985 18.921078 0.401696 0.010219
Car -1 -1 -10 1197.000000 177.000000 1236.000000 256.000000 1.593435 1.475239 3.531092 10.845994 1.398533 11.975065 -0.866034 0.043589
Cyclist -1 -1 -10 441.000000 157.000000 494.000000 251.000000 1.707909 0.589456 1.735877 -2.762695 1.280461 14.146550 1.622365 0.999383
Cyclist -1 -1 -10 345.000000 152.000000 416.000000 276.000000 1.734607 0.547988 1.771828 -3.402599 1.326775 11.292404 1.601182 0.999314
Cyclist -1 -1 -10 361.000000 157.000000 400.000000 211.000000 1.728329 0.583970 1.602558 -8.103128 0.873854 25.357932 -0.238821 0.037681
Cyclist -1 -1 -10 352.000000 151.000000 370.000000 199.000000 1.751758 0.549519 1.688708 -7.919775 0.627052 22.833036 -2.654831 0.023126
