Pedestrian -1 -1 -10 252.000000 156.000000 329.000000 308.000000 1.814588 0.710487 0.980991 -3.848996 1.429696 8.742250 0.582431 0.993318
Pedestrian -1 -1 -10 304.000000 150.000000 364.000000 299.000000 1.805623 0.690915 0.943656 -3.516211 1.443225 8.997356 0.711829 0.990266
Pedestrian -1 -1 -10 368.000000 161.000000 389.000000 222.000000 1.768970 0.660306 0.812381 -6.703100 1.246863 20.777700 1.368968 0.749297
Pedestrian -1 -1 -10 504.000000 160.000000 513.000000 190.000000 1.773622 0.579479 0.677044 -6.449041 0.711468 46.752948 1.337666 0.670195
Pedestrian -1 -1 -10 1.000000 139.000000 51.000000 348.000000 1.682139 0.560213 0.631337 -5.895836 2.080702 6.890338 -1.806996 0.054086
Pedestrian -1 -1 -10 338.000000 164.000000 393.000000 212.000000 1.755160 0.674187 0.897240 -6.784430 1.220673 20.774754 1.336890 0.010046
Car -1 -1 -10 562.000000 152.000000 610.000000 207.000000 1.734232 1.618007 3.814582 -0.911118 0.906499 27.805525 -1.695335 0.706146
Car -1 -1 -10 0.000000 136.000000 50.000000 349.000000 1.817645 1.632582 3.819430 -7.297722 1.329543 6.444222 -2.894046 0.014751
Cyclist -1 -1 -10 364.000000 163.000000 396.000000 214.000000 1.710445 0.415990 1.397244 -5.935277 1.312127 18.716997 -1.160732 0.053939
Cyclist -1 -1 -10 504.000000 160.000000 513.000000 190.000000 1.715908 0.555632 1.721463 -6.435062 0.508288 46.675697 1.887679 0.020777
Cyclist -1 -1 -10 253.000000 156.000000 336.000000 304.000000 1.831937 0.710974 1.765720 -3.718023 1.438480 8.796096 -0.969204 0.011425
