Pedestrian -1 -1 -10 455.000000 161.000000 474.000000 223.000000 1.779149 0.705459 0.599763 -3.755881 1.496660 18.411900 -1.769851 0.650244
Car -1 -1 -10 369.000000 174.000000 530.000000 288.000000 1.511206 1.604968 3.982099 -2.233156 1.516298 11.430100 -1.584926 0.999444
Car -1 -1 -10 748.000000 164.000000 981.000000 341.000000 1.639215 1.622008 3.800188 2.652518 1.598128 8.506529 -1.526001 0.999227
Car -1 -1 -10 467.000000 173.000000 572.000000 248.000000 1.469044 1.651643 4.122122 -2.093017 1.579711 16.605809 -1.499317 0.997945
Car -1 -1 -10 681.000000 173.000000 726.000000 210.000000 1.477364 1.599011 3.838132 3.776680 1.466639 29.816203 -1.578410 0.997783
Car -1 -1 -10 577.000000 170.000000 610.000000 199.000000 1.569676 1.630466 4.100978 -1.034273 1.548153 43.947519 -1.577290 0.993575
Car -1 -1 -10 715.000000 172.000000 830.000000 265.000000 1.490420 1.583945 3.737099 3.059709 1.578920 14.073367 -1.546872 0.981744
Car -1 -1 -10 670.000000 171.000000 705.000000 201.000000 1.602739 1.584722 3.779773 4.488714 1.604174 41.951297 -1.581876 0.188958
Car -1 -1 -10 665.000000 171.000000 690.000000 196.000000 1.643806 1.662907 3.954060 4.453886 1.435232 42.448532 1.522834 0.037214
Cyclist -1 -1 -10 452.000000 159.000000 477.000000 223.000000 1.729559 0.621166 1.661927 -3.826488 1.275742 18.421286 -1.794138 0.078585
Cyclist -1 -1 -10 409.000000 168.000000 446.000000 221.000000 1.673585 0.638021 1.529924 -4.748444 0.901564 17.617385 1.897442 0.025192
