Pedestrian -1 -1 -10 960.000000 160.000000 992.000000 235.000000 1.807874 0.630538 0.850675 8.424772 1.447137 16.689479 -1.567040 0.840957
Pedestrian -1 -1 -10 927.000000 161.000000 957.000000 232.000000 1.750034 0.643116 0.679758 7.683635 1.509648 16.834748 -1.529258 0.186726
Pedestrian -1 -1 -10 931.000000 162.000000 984.000000 235.000000 1.801242 0.620721 0.818048 7.887064 1.255002 16.747215 0.124927 0.015040
Cyclist -1 -1 -10 886.000000 159.000000 947.000000 252.000000 1.780239 0.473954 1.705644 5.814692 1.485567 13.818013 -1.565657 0.999662
Cyclist -1 -1 -10 921.000000 162.000000 959.000000 238.000000 1.696685 0.440623 1.602645 7.610501 1.481911 17.001947 -1.112975 0.913639
Cyclist -1 -1 -10 954.000000 162.000000 997.000000 235.000000 1.790655 0.530691 1.657265 8.458167 1.509345 16.916413 -1.614066 0.756459
Cyclist -1 -1 -10 770.000000 169.000000 786.000000 211.000000 1.695358 0.524558 1.737709 6.969265 1.542242 30.436747 -1.433839 0.592038
Cyclist -1 -1 -10 910.000000 163.000000 1006.000000 235.000000 1.770388 0.557504 1.744407 7.987226 1.299552 16.737624 0.352667 0.399386
Cyclist -1 -1 -10 939.000000 169.000000 966.000000 222.000000 1.687830 0.480279 1.704203 7.861158 1.409225 16.908774 -0.708567 0.089913
Cyclist -1 -1 -10 909.000000 163.000000 942.000000 205.000000 1.650647 0.560563 1.567749 8.044551 1.494633 18.278787 -1.130310 0.071620
Cyclist -1 -1 -10 972.000000 171.000000 1020.000000 226.000000 1.669696 0.529216 1.590704 8.511744 0.984093 16.693805 -0.988910 0.020571
Cyclist -1 -1 -10 947.000000 168.000000 980.000000 211.000000 1.693038 0.637817 1.724726 8.298916 1.208974 16.908991 0.538330 0.017081
