Pedestrian -1 -1 -10 677.000000 140.000000 737.000000 298.000000 1.824602 0.733820 0.937067 1.211405 1.344156 8.551301 1.539934 0.998577
Pedestrian -1 -1 -10 743.000000 144.000000 812.000000 300.000000 1.719443 0.607945 0.651541 1.945419 1.310267 8.235054 1.384038 0.998127
Pedestrian -1 -1 -10 834.000000 143.000000 891.000000 302.000000 1.732576 0.538064 0.680642 2.945026 1.313321 8.087824 1.358267 0.997461
Pedestrian -1 -1 -10 494.000000 141.000000 543.000000 294.000000 1.822467 0.753851 1.034187 -1.151422 1.317886 8.811135 1.618947 0.997406
Pedestrian -1 -1 -10 1012.000000 126.000000 1135.000000 369.000000 1.738097 0.595613 0.654067 2.746006 1.402329 4.193731 1.158226 0.997006
Pedestrian -1 -1 -10 915.000000 137.000000 1070.000000 368.000000 1.677621 0.670759 0.668377 2.120189 1.421191 3.940806 1.422093 0.994570
Pedestrian -1 -1 -10 565.000000 138.000000 613.000000 280.000000 1.818494 0.684618 0.959255 -0.311504 1.198630 9.640868 1.033288 0.993121
Pedestrian -1 -1 -10 910.000000 143.000000 959.000000 297.000000 1.692626 0.571336 0.706356 3.814757 1.222151 8.171162 0.979995 0.992095
Pedestrian -1 -1 -10 632.000000 138.000000 675.000000 266.000000 1.811054 0.706667 0.885206 0.657492 1.236886 10.498153 1.205467 0.991573
Pedestrian -1 -1 -10 534.000000 146.000000 579.000000 283.000000 1.795630 0.660000 0.840886 -0.685849 1.361692 9.422487 0.959335 0.988211
Pedestrian -1 -1 -10 610.000000 159.000000 654.000000 276.000000 1.767156 0.667261 0.762478 0.385020 1.334273 10.116405 0.632534 0.974244
Pedestrian -1 -1 -10 479.000000 140.000000 507.000000 229.000000 1.795385 0.636949 0.772973 -2.277782 0.941255 14.233119 0.966607 0.958942
Pedestrian -1 -1 -10 252.000000 135.000000 295.000000 260.000000 1.802161 0.638942 0.883844 -5.401592 1.099963 11.537095 0.581869 0.632631
Pedestrian -1 -1 -10 591.000000 138.000000 624.000000 224.000000 1.813534 0.647425 0.790205 -0.032040 0.903347 14.690673 1.593502 0.560631
Pedestrian -1 -1 -10 673.000000 146.000000 692.000000 205.000000 1.824457 0.662335 0.687229 2.352233 0.602286 22.329892 -2.020108 0.559443
Pedestrian -1 -1 -10 960.000000 167.000000 988.000000 224.000000 1.718426 0.637563 0.606356 9.080537 1.183689 17.543224 -0.570691 0.447481
Pedestrian -1 -1 -10 917.000000 149.000000 1003.000000 309.000000 1.705212 0.572529 0.564298 2.173394 1.370155 3.957076 0.956470 0.234633
Pedestrian -1 -1 -10 561.000000 142.000000 580.000000 207.000000 1.700901 0.489355 0.548581 -0.769163 0.796860 14.444995 1.488636 0.170175
Pedestrian -1 -1 -10 247.000000 138.000000 345.000000 251.000000 1.821649 0.632832 1.002825 -5.275970 1.094643 11.945643 0.096278 0.117050
Pedestrian -1 -1 -10 653.000000 144.000000 674.000000 222.000000 1.759922 0.636036 0.649275 1.167184 0.898853 14.885843 1.192797 0.096316
Pedestrian -1 -1 -10 490.000000 139.000000 507.000000 203.000000 1.751531 0.498895 0.681210 -1.260079 0.931415 8.154838 -0.063905 0.085572
Pedestrian -1 -1 -10 546.000000 145.000000 565.000000 189.000000 1.746139 0.598043 0.595883 -2.711627 0.862389 36.805835 0.525516 0.060669
Pedestrian -1 -1 -10 518.000000 144.000000 537.000000 197.000000 1.751663 0.489373 0.684678 -0.966627 0.974865 8.363482 -0.029398 0.058820
Pedestrian -1 -1 -10 495.000000 141.000000 512.000000 185.000000 1.779961 0.644088 0.665275 -5.478999 -0.003965 37.849699 -1.359712 0.038825
Pedestrian -1 -1 -10 285.000000 141.000000 337.000000 227.000000 1.708382 0.581459 0.547632 -6.342746 1.572165 15.583595 -1.453663 0.019787
Pedestrian -1 -1 -10 842.000000 161.000000 887.000000 225.000000 1.731594 0.529069 0.576681 5.804638 1.643753 16.144066 3.335893 0.010039
Cyclist -1 -1 -10 281.000000 142.000000 342.000000 234.000000 1.764571 0.605513 1.588132 -5.974629 1.335239 15.078223 -0.288999 0.876213
Cyclist -1 -1 -10 248.000000 137.000000 310.000000 262.000000 1.786781 0.631506 1.863275 -5.491928 1.155711 11.658731 0.596757 0.599580
Cyclist -1 -1 -10 334.000000 145.000000 381.000000 198.000000 1.637635 0.532077 1.643611 -8.265492 0.689360 23.608619 0.710524 0.524998
Cyclist -1 -1 -10 300.000000 148.000000 371.000000 208.000000 1.707766 0.518933 1.382081 -7.354179 1.215041 19.141802 -1.259149 0.253021
Cyclist -1 -1 -10 543.000000 147.000000 568.000000 189.000000 1.705853 0.401759 1.378681 -1.524739 1.440579 20.767309 -1.666936 0.163404
Cyclist -1 -1 -10 554.000000 145.000000 576.000000 196.000000 1.712978 0.531420 1.608745 -1.772300 0.118039 28.916975 -1.624942 0.045354
Cyclist -1 -1 -10 589.000000 140.000000 621.000000 222.000000 1.766001 0.655862 1.788714 -0.094162 0.864214 14.878916 1.567894 0.036647
Cyclist -1 -1 -10 478.000000 139.000000 507.000000 231.000000 1.795257 0.623734 1.720885 -2.243226 0.928763 14.307319 2.034159 0.022863
Cyclist -1 -1 -10 513.000000 143.000000 534.000000 187.000000 1.717338 0.430497 1.407716 -2.157525 1.290875 18.926602 -0.964110 0.020345
Cyclist -1 -1 -10 494.000000 140.000000 512.000000 187.000000 1.723548 0.502142 1.512049 -5.513640 -0.370840 37.187304 -1.740462 0.013190
Cyclist -1 -1 -10 493.000000 140.000000 539.000000 291.000000 1.794186 0.589052 1.735151 -1.148266 1.283265 8.930313 1.446943 0.011588
Cyclist -1 -1 -10 569.000000 139.000000 615.000000 265.000000 1.811748 0.598425 1.759122 -0.194462 1.235870 9.764389 1.463083 0.011215
Cyclist -1 -1 -10 960.000000 167.000000 989.000000 225.000000 1.667062 0.530828 1.605435 9.052350 0.893214 17.621500 -1.045533 0.011006
