Pedestrian -1 -1 -10 759.000000 141.000000 820.000000 321.000000 1.823564 0.552065 0.916069 1.947866 1.492213 7.865865 2.850316 0.997801
Pedestrian -1 -1 -10 889.000000 146.000000 954.000000 301.000000 1.756804 0.619048 0.872861 3.548546 1.297192 8.184534 -1.644512 0.997404
Pedestrian -1 -1 -10 430.000000 160.000000 480.000000 279.000000 1.804998 0.678125 0.822908 -2.378704 1.493431 11.525162 1.852058 0.995469
Pedestrian -1 -1 -10 576.000000 164.000000 612.000000 272.000000 1.746840 0.489014 0.841602 -0.176461 1.510245 11.787148 2.682405 0.993312
Pedestrian -1 -1 -10 554.000000 167.000000 574.000000 222.000000 1.791404 0.655014 0.882427 -1.229374 1.228098 23.415684 -1.622985 0.924512
Pedestrian -1 -1 -10 221.000000 164.000000 277.000000 312.000000 1.830552 0.711147 0.788168 -4.959367 1.505591 9.837367 1.565743 0.785369
Pedestrian -1 -1 -10 823.000000 149.000000 848.000000 248.000000 1.797385 0.610257 0.853489 4.666255 1.158848 14.250154 -0.160799 0.479721
Pedestrian -1 -1 -10 528.000000 168.000000 548.000000 219.000000 1.752832 0.650517 0.853861 -2.175304 1.219743 25.215208 -1.721397 0.467611
Pedestrian -1 -1 -10 595.000000 169.000000 615.000000 221.000000 1.779155 0.618954 0.806558 0.172223 1.320366 24.980683 -1.597700 0.108792
Pedestrian -1 -1 -10 495.000000 166.000000 511.000000 203.000000 1.801015 0.657715 0.879700 -3.915958 1.278519 28.021842 1.500048 0.087230
Pedestrian -1 -1 -10 578.000000 165.000000 596.000000 225.000000 1.845964 0.642388 0.771505 -0.575932 1.320017 24.464199 -0.913762 0.058939
Pedestrian -1 -1 -10 879.000000 151.000000 895.000000 210.000000 1.723227 0.487620 0.590411 5.054695 1.178626 13.137302 2.979949 0.047262
Pedestrian -1 -1 -10 498.000000 169.000000 523.000000 203.000000 1.744285 0.502737 0.643188 -5.063340 1.106447 37.506447 2.493779 0.034669
Pedestrian -1 -1 -10 365.000000 187.000000 396.000000 258.000000 1.704927 0.538029 0.615897 -4.350004 1.620259 13.671808 2.266716 0.032453
Pedestrian -1 -1 -10 494.000000 167.000000 517.000000 223.000000 1.791268 0.579087 0.646028 -3.779864 1.348933 27.779656 0.454282 0.031239
Pedestrian -1 -1 -10 654.000000 160.000000 678.000000 225.000000 1.773123 0.705259 0.717418 2.532454 0.945185 27.456383 1.674552 0.024435
Pedestrian -1 -1 -10 329.000000 184.000000 358.000000 261.000000 1.794375 0.679193 0.670348 -5.320670 2.069256 15.042404 -2.367718 0.024414
Pedestrian -1 -1 -10 480.000000 169.000000 500.000000 219.000000 1.676066 0.546067 0.505015 -4.363923 1.072425 27.915637 2.412430 0.017905
Pedestrian -1 -1 -10 487.000000 167.000000 506.000000 214.000000 1.821231 0.618244 0.825571 -4.189939 1.225896 28.011190 -3.159017 0.016439
Pedestrian -1 -1 -10 490.000000 167.000000 531.000000 247.000000 1.612148 0.783075 0.329876 -1.830918 1.348625 14.327959 1.521325 0.012780
Pedestrian -1 -1 -10 777.000000 147.000000 851.000000 325.000000 1.718407 0.660450 0.927888 2.064214 1.564512 7.333072 -2.783865 0.012115
Pedestrian -1 -1 -10 845.000000 159.000000 862.000000 223.000000 1.766087 0.575168 0.795430 5.817541 1.098629 16.701117 0.824375 0.011392
Cyclist -1 -1 -10 490.000000 168.000000 535.000000 260.000000 1.712904 0.574472 1.736292 -1.859768 1.473317 14.345506 1.490760 0.997870
Cyclist -1 -1 -10 528.000000 167.000000 550.000000 219.000000 1.748643 0.597174 1.702499 -2.289265 1.240544 25.247737 -1.810247 0.367709
Cyclist -1 -1 -10 512.000000 168.000000 546.000000 237.000000 1.663197 0.573187 1.589093 -2.421466 1.096265 25.491974 -1.839095 0.106324
Cyclist -1 -1 -10 430.000000 163.000000 481.000000 276.000000 1.801882 0.637280 1.750533 -2.540908 1.507795 11.665416 1.375145 0.062193
Cyclist -1 -1 -10 480.000000 167.000000 500.000000 220.000000 1.716280 0.707989 1.700668 -4.633283 1.098278 28.481794 0.235839 0.043094
Cyclist -1 -1 -10 498.000000 169.000000 523.000000 203.000000 1.662633 0.512421 1.600054 -5.568794 0.528548 43.200293 -1.096586 0.040596
Cyclist -1 -1 -10 494.000000 167.000000 517.000000 223.000000 1.859095 0.607234 1.732542 -3.815377 1.273217 28.274109 2.027089 0.028298
Cyclist -1 -1 -10 647.000000 164.000000 690.000000 227.000000 1.706786 0.567207 1.639927 1.476517 1.576444 17.827850 0.606970 0.027895
Cyclist -1 -1 -10 448.000000 168.000000 495.000000 243.000000 1.773198 0.599952 1.795471 -3.618852 1.351301 19.217995 -2.297457 0.027578
Cyclist -1 -1 -10 751.000000 141.000000 833.000000 324.000000 1.791374 0.579743 1.795586 1.913667 1.441704 7.809296 1.404134 0.021961
Cyclist -1 -1 -10 577.000000 164.000000 612.000000 272.000000 1.716225 0.609293 1.660037 -0.181128 1.487585 12.014918 3.028017 0.021584
Cyclist -1 -1 -10 196.000000 168.000000 290.000000 317.000000 1.769965 0.606616 1.675123 -4.890699 1.467196 9.761931 0.187131 0.017449
Cyclist -1 -1 -10 495.000000 166.000000 511.000000 203.000000 1.712095 0.768869 1.739571 -3.776607 0.967791 28.392036 0.247621 0.016117
Cyclist -1 -1 -10 474.000000 167.000000 513.000000 234.000000 1.730257 0.459226 1.442940 -2.456131 1.228558 17.174873 -0.997237 0.014362
Cyclist -1 -1 -10 487.000000 167.000000 506.000000 214.000000 1.840317 0.657911 1.797893 -4.076382 1.151084 28.056187 0.390610 0.013355
Cyclist -1 -1 -10 650.000000 162.000000 672.000000 216.000000 1.673644 0.462085 1.651930 2.318247 0.765978 27.707277 -1.277647 0.010043
