Pedestrian -1 -1 -10 774.000000 166.000000 790.000000 210.000000 1.878610 0.594851 0.978856 12.180767 1.269883 51.644592 2.729430 0.028457
Pedestrian -1 -1 -10 739.000000 183.000000 843.000000 253.000000 1.792014 0.762048 0.989229 3.496580 1.905712 15.329489 -1.288398 0.010542
Car -1 -1 -10 421.000000 184.000000 508.000000 238.000000 1.491583 1.633380 3.707322 -4.320759 1.875672 21.635324 1.589424 0.999528
Car -1 -1 -10 776.000000 180.000000 964.000000 291.000000 1.520761 1.581630 3.631766 4.010055 1.679041 11.632326 -1.618201 0.998144
Car -1 -1 -10 713.000000 179.000000 786.000000 232.000000 1.488704 1.632458 3.810769 4.249184 1.718049 22.400955 -1.508158 0.997187
Car -1 -1 -10 471.000000 182.000000 532.000000 224.000000 1.465535 1.588220 3.916057 -4.051542 1.875300 27.344449 1.644221 0.994792
Car -1 -1 -10 739.000000 181.000000 846.000000 253.000000 1.460394 1.627681 3.840393 4.087388 1.692303 16.833949 -1.523878 0.994617
Car -1 -1 -10 895.000000 199.000000 1235.000000 375.000000 1.494871 1.605482 3.883464 3.829133 1.779838 5.851566 -1.543516 0.977104
Car -1 -1 -10 694.000000 177.000000 745.000000 218.000000 1.498748 1.604740 3.787013 4.307358 1.726875 27.475297 -1.571282 0.973368
Car -1 -1 -10 503.000000 182.000000 550.000000 215.000000 1.464973 1.585759 3.825796 -3.879035 1.878764 32.801385 1.634965 0.928443
Car -1 -1 -10 687.000000 175.000000 721.000000 207.000000 1.590929 1.618182 3.819066 4.953594 1.826901 38.390900 -1.524521 0.150468
Car -1 -1 -10 1004.000000 172.000000 1095.000000 213.000000 1.595198 1.602101 4.019815 17.422157 1.600773 30.009761 2.589156 0.023057
Car -1 -1 -10 947.000000 173.000000 1027.000000 205.000000 1.483432 1.592013 3.736914 16.180460 0.839699 30.794676 3.051254 0.017930
