Car -1 -1 -10 722.000000 187.000000 967.000000 332.000000 1.469547 1.635361 4.134275 2.696645 1.658683 9.378757 -1.586064 0.999628
Car -1 -1 -10 734.000000 177.000000 827.000000 219.000000 1.516242 1.619250 3.868304 6.593253 1.738788 26.151502 0.002085 0.987384
Car -1 -1 -10 803.000000 180.000000 1038.000000 264.000000 1.523323 1.621892 3.891119 6.408017 1.612582 14.473900 0.085975 0.986115
Car -1 -1 -10 380.000000 171.000000 506.000000 218.000000 1.518476 1.599782 3.941757 -6.044868 1.528954 23.525846 -3.098899 0.983763
Car -1 -1 -10 5.000000 169.000000 396.000000 290.000000 1.487355 1.629152 4.159978 -5.804604 1.512831 10.607369 -0.337647 0.952241
Car -1 -1 -10 684.000000 175.000000 754.000000 204.000000 1.615906 1.682734 4.037965 5.844299 1.719316 38.350785 -0.005862 0.945737
Car -1 -1 -10 330.000000 173.000000 472.000000 226.000000 1.521682 1.578303 3.802946 -6.397768 1.490252 21.099650 -3.080091 0.939599
Car -1 -1 -10 439.000000 168.000000 521.000000 209.000000 1.534213 1.607578 4.049415 -5.468643 1.493267 31.763464 0.728905 0.467728
Car -1 -1 -10 0.000000 164.000000 183.000000 323.000000 1.503038 1.605857 3.724759 -7.037920 1.363155 8.622965 -3.194024 0.361760
Car -1 -1 -10 472.000000 170.000000 546.000000 199.000000 1.515099 1.553823 3.800201 -5.973483 1.809474 46.340369 -2.353052 0.204720
Cyclist -1 -1 -10 736.000000 175.000000 829.000000 218.000000 1.753787 0.723778 1.829759 5.776266 1.669042 25.637664 -0.126945 0.016030
