Pedestrian -1 -1 -10 652.000000 167.000000 690.000000 280.000000 1.733665 0.573313 0.808950 1.041588 1.509648 11.193798 -1.874713 0.998217
Pedestrian -1 -1 -10 706.000000 164.000000 744.000000 277.000000 1.811531 0.672428 0.975220 1.844544 1.487263 11.360811 -1.528731 0.986167
Pedestrian -1 -1 -10 352.000000 168.000000 395.000000 286.000000 1.727460 0.701429 1.033384 -3.490703 1.476412 10.840785 -1.436386 0.980004
Pedestrian -1 -1 -10 481.000000 172.000000 501.000000 218.000000 1.764658 0.604349 0.784090 -4.122851 1.423605 26.391265 1.438789 0.362142
Pedestrian -1 -1 -10 742.000000 164.000000 762.000000 220.000000 1.785632 0.702714 0.689050 4.636144 1.204653 22.213724 -1.340665 0.104164
Pedestrian -1 -1 -10 736.000000 162.000000 754.000000 223.000000 1.841873 0.644579 0.872758 4.689428 1.236869 23.516405 1.721953 0.075658
Pedestrian -1 -1 -10 728.000000 161.000000 747.000000 230.000000 1.713329 0.593380 0.730893 4.407551 1.195127 22.294233 -1.878496 0.029765
Cyclist -1 -1 -10 492.000000 166.000000 533.000000 260.000000 1.731935 0.668762 1.748185 -1.871869 1.460422 15.150543 1.650875 0.999065
Cyclist -1 -1 -10 559.000000 170.000000 592.000000 229.000000 1.689347 0.545369 1.703122 -0.855188 1.384860 21.127479 1.814789 0.993981
Cyclist -1 -1 -10 525.000000 167.000000 552.000000 226.000000 1.737984 0.600253 1.763324 -2.149414 1.393944 23.847433 1.437544 0.762865
Cyclist -1 -1 -10 503.000000 167.000000 555.000000 251.000000 1.738362 0.576552 1.739925 -1.907607 1.469185 15.163663 1.674991 0.362454
Cyclist -1 -1 -10 705.000000 162.000000 746.000000 272.000000 1.806146 0.503559 1.634909 1.890050 1.510756 11.501523 -1.391444 0.176090
Cyclist -1 -1 -10 733.000000 164.000000 762.000000 224.000000 1.779252 0.538734 1.608199 4.727827 1.151540 23.148623 -1.378944 0.067428
Cyclist -1 -1 -10 479.000000 171.000000 501.000000 218.000000 1.790338 0.637601 1.755051 -4.061114 1.427089 26.505794 -0.710701 0.067099
Cyclist -1 -1 -10 711.000000 168.000000 780.000000 249.000000 1.705456 0.564094 1.626997 3.104039 1.567760 14.177295 -0.430305 0.052915
Cyclist -1 -1 -10 529.000000 170.000000 562.000000 207.000000 1.713087 0.380352 1.238578 -1.819613 1.726458 22.170472 -1.669741 0.045425
Cyclist -1 -1 -10 349.000000 168.000000 395.000000 285.000000 1.821967 0.595568 1.760499 -3.484910 1.564115 10.856906 -1.860763 0.042094
Cyclist -1 -1 -10 487.000000 169.000000 517.000000 231.000000 1.693368 0.485623 1.572697 -3.953405 1.233751 26.646072 2.119073 0.028988
Cyclist -1 -1 -10 2.000000 145.000000 65.000000 249.000000 1.762007 0.448155 1.170014 -12.736840 2.017577 16.116738 -1.634229 0.014817
Cyclist -1 -1 -10 654.000000 167.000000 692.000000 280.000000 1.759519 0.481406 1.700368 1.015853 1.555536 11.336902 -1.510917 0.013725
