Pedestrian -1 -1 -10 564.000000 138.000000 602.000000 234.000000 1.794868 0.725821 0.929694 -0.531724 1.003045 13.714577 1.345130 0.998068
Pedestrian -1 -1 -10 605.000000 135.000000 638.000000 231.000000 1.826380 0.666881 0.889425 0.303998 0.917964 13.887202 1.218052 0.997351
Pedestrian -1 -1 -10 816.000000 139.000000 903.000000 368.000000 1.819067 0.766060 0.876970 2.015170 1.437110 5.491010 1.338796 0.995139
Pedestrian -1 -1 -10 525.000000 140.000000 559.000000 222.000000 1.816520 0.649141 0.859576 -1.336014 0.936914 15.437684 1.093985 0.987270
Pedestrian -1 -1 -10 893.000000 135.000000 993.000000 351.000000 1.806948 0.615749 1.018007 2.881565 1.386142 6.143848 -2.069703 0.978279
Pedestrian -1 -1 -10 488.000000 138.000000 514.000000 217.000000 1.814445 0.692835 1.015773 -2.487761 0.857279 16.388191 0.954250 0.943724
Pedestrian -1 -1 -10 687.000000 145.000000 703.000000 204.000000 1.816991 0.665370 0.740451 2.714088 0.730196 21.911792 -1.353900 0.862378
Pedestrian -1 -1 -10 520.000000 139.000000 543.000000 215.000000 1.709212 0.585718 0.688751 -1.877384 1.452810 16.478428 -1.043400 0.686313
Pedestrian -1 -1 -10 560.000000 142.000000 587.000000 218.000000 1.786841 0.717259 0.762757 -0.829122 0.932231 15.918189 -1.155465 0.557077
Pedestrian -1 -1 -10 438.000000 143.000000 469.000000 220.000000 1.781157 0.658481 0.770614 -3.303901 0.844774 15.219824 1.698613 0.444895
Pedestrian -1 -1 -10 252.000000 134.000000 284.000000 253.000000 1.801887 0.637739 0.842844 -5.815080 1.143203 11.987054 2.272571 0.443826
Pedestrian -1 -1 -10 466.000000 143.000000 494.000000 216.000000 1.839814 0.707544 1.040953 -3.165107 0.843321 17.928492 1.021080 0.399055
Pedestrian -1 -1 -10 265.000000 138.000000 302.000000 242.000000 1.773608 0.590668 0.936365 -5.432554 1.019323 11.728539 -0.902165 0.344479
Pedestrian -1 -1 -10 543.000000 140.000000 575.000000 214.000000 1.762318 0.603451 0.805407 -1.070114 0.888462 15.813163 0.408634 0.223828
Pedestrian -1 -1 -10 538.000000 143.000000 561.000000 206.000000 1.729679 0.583949 0.664702 -1.383528 1.650021 15.781693 -1.043105 0.202825
Pedestrian -1 -1 -10 502.000000 143.000000 519.000000 206.000000 1.718462 0.589559 0.731160 -2.748934 0.404939 21.669813 -2.252639 0.141127
Pedestrian -1 -1 -10 579.000000 139.000000 600.000000 197.000000 1.783851 0.643615 0.746171 -0.561438 0.363252 22.605930 3.049219 0.122262
Pedestrian -1 -1 -10 547.000000 141.000000 564.000000 191.000000 1.770943 0.595207 0.849372 -2.116805 0.825999 28.803310 0.546793 0.112723
Cyclist -1 -1 -10 436.000000 143.000000 471.000000 232.000000 1.766635 0.544882 1.755935 -3.314744 0.884781 15.349632 1.850744 0.791356
Cyclist -1 -1 -10 402.000000 145.000000 484.000000 223.000000 1.712952 0.746247 1.768518 -3.215254 0.588814 15.162332 0.711707 0.521461
Cyclist -1 -1 -10 276.000000 139.000000 321.000000 226.000000 1.833083 0.638137 1.895785 -7.836925 0.971694 18.158482 -1.416145 0.343450
Cyclist -1 -1 -10 260.000000 135.000000 295.000000 245.000000 1.753134 0.533145 1.745230 -5.534367 0.993368 11.847173 0.611786 0.210228
Cyclist -1 -1 -10 466.000000 144.000000 490.000000 214.000000 1.834027 0.557120 1.498224 -3.120012 0.814109 17.094945 1.967786 0.201023
Cyclist -1 -1 -10 385.000000 152.000000 452.000000 208.000000 1.761420 0.471713 1.735901 -6.493730 0.739642 23.899003 -2.374383 0.165170
Cyclist -1 -1 -10 289.000000 151.000000 350.000000 207.000000 1.712978 0.531420 1.608745 -7.972463 1.103552 19.764731 -1.951933 0.156401
Cyclist -1 -1 -10 327.000000 151.000000 391.000000 199.000000 1.780400 0.438729 1.590559 -2.183620 0.728770 7.195249 -0.355317 0.141880
Cyclist -1 -1 -10 363.000000 149.000000 427.000000 205.000000 1.725467 0.456854 1.487596 -3.617770 0.930992 13.079991 -1.150440 0.090996
Cyclist -1 -1 -10 416.000000 145.000000 437.000000 195.000000 1.714967 0.528537 1.632259 -5.977673 0.606734 23.584418 0.718534 0.069238
Cyclist -1 -1 -10 402.000000 143.000000 427.000000 190.000000 1.700803 0.499908 1.674125 -6.520506 0.495696 23.930271 -2.051350 0.061299
Cyclist -1 -1 -10 521.000000 140.000000 547.000000 213.000000 1.707734 0.596474 1.642930 -1.900110 0.884006 16.902867 2.120096 0.052965
Cyclist -1 -1 -10 563.000000 140.000000 601.000000 231.000000 1.783958 0.542630 1.721308 -0.474661 0.990654 13.592842 1.481841 0.021509
Cyclist -1 -1 -10 535.000000 141.000000 560.000000 208.000000 1.712419 0.626488 1.575062 -1.546955 1.366187 18.608521 -2.285427 0.020627
Cyclist -1 -1 -10 545.000000 141.000000 562.000000 188.000000 1.667297 0.721826 1.669890 -1.941026 0.589523 29.155065 2.060610 0.016583
Cyclist -1 -1 -10 579.000000 139.000000 600.000000 197.000000 1.732471 0.662149 1.683061 -0.640184 0.163443 22.626007 -2.483722 0.015117
