Car -1 -1 -10 743.000000 205.000000 1122.000000 377.000000 1.509689 1.658548 4.015435 2.694118 1.841108 7.393694 -1.659459 0.999520
Car -1 -1 -10 669.000000 195.000000 850.000000 305.000000 1.471236 1.586948 3.763104 2.114990 1.881473 12.007716 -1.698790 0.995461
Car -1 -1 -10 611.000000 182.000000 714.000000 263.000000 1.591979 1.628297 3.703024 0.936510 1.875672 17.208357 -1.695085 0.994511
Car -1 -1 -10 266.000000 202.000000 397.000000 298.000000 1.491583 1.549991 3.639685 -5.168661 2.098543 13.663222 1.423277 0.994266
Car -1 -1 -10 0.000000 212.000000 317.000000 373.000000 1.482020 1.613657 4.011084 -4.226315 1.940086 6.968261 1.400603 0.988410
Car -1 -1 -10 568.000000 186.000000 618.000000 227.000000 1.457347 1.603478 3.988077 -0.817179 2.140584 29.841111 -1.692027 0.984674
Car -1 -1 -10 587.000000 184.000000 660.000000 241.000000 1.525160 1.648397 3.765159 0.711066 1.798134 25.372926 -1.016237 0.945755
Car -1 -1 -10 978.000000 212.000000 1247.000000 374.000000 1.503249 1.604148 3.772646 3.021245 1.705872 2.579260 -1.559856 0.929705
Car -1 -1 -10 448.000000 187.000000 479.000000 212.000000 1.509905 1.615138 3.976160 -9.561064 2.468359 46.397709 1.427814 0.887423
Car -1 -1 -10 384.000000 181.000000 457.000000 240.000000 1.659785 1.654423 4.110613 -6.615300 2.048791 25.157940 -1.735065 0.569709
Car -1 -1 -10 559.000000 186.000000 591.000000 214.000000 1.548980 1.608521 3.734344 -1.855948 2.391961 41.132715 -1.698191 0.272375
