Pedestrian -1 -1 -10 0.000000 190.000000 101.000000 376.000000 1.765910 0.575889 0.847697 -4.328989 1.864867 5.296126 -2.685844 0.031498
Car -1 -1 -10 736.000000 193.000000 944.000000 327.000000 1.442315 1.565778 3.568198 2.824904 1.722609 9.596548 -1.574839 0.998775
Car -1 -1 -10 -8.000000 183.000000 298.000000 331.000000 1.522032 1.647802 4.064128 -6.062396 1.844930 8.710806 -3.501687 0.998096
Car -1 -1 -10 636.000000 178.000000 668.000000 205.000000 1.514730 1.658162 4.048403 2.566533 1.894985 43.628456 -1.560807 0.997370
Car -1 -1 -10 783.000000 175.000000 1046.000000 262.000000 1.606886 1.678754 4.070309 6.473593 1.666075 14.863036 0.059249 0.988796
Car -1 -1 -10 280.000000 181.000000 444.000000 242.000000 1.557572 1.637731 4.103128 -6.480815 1.799102 19.162056 -3.122366 0.974980
Car -1 -1 -10 725.000000 180.000000 819.000000 227.000000 1.488910 1.548896 3.992099 6.357408 1.987132 25.813942 2.995193 0.968948
Car -1 -1 -10 744.000000 180.000000 873.000000 236.000000 1.501457 1.547038 3.812906 5.963374 1.717798 20.621819 0.131839 0.967384
Car -1 -1 -10 128.000000 180.000000 386.000000 271.000000 1.508118 1.565781 3.913256 -6.038020 1.720394 13.732434 1.680676 0.847880
Car -1 -1 -10 329.000000 174.000000 477.000000 231.000000 1.584392 1.651731 3.893302 -6.676136 1.846319 23.790255 -3.289217 0.845092
Car -1 -1 -10 450.000000 179.000000 533.000000 209.000000 1.496061 1.574962 3.962280 -6.129346 1.779620 38.265333 -3.162955 0.344308
Car -1 -1 -10 0.000000 191.000000 102.000000 376.000000 1.529588 1.645563 4.234190 -6.260383 1.777506 5.698563 -0.042852 0.327461
