Car -1 -1 -10 714.000000 181.000000 878.000000 289.000000 1.448443 1.632165 4.003928 2.785668 1.579956 11.685301 -1.577094 0.999705
Car -1 -1 -10 -6.000000 193.000000 331.000000 336.000000 1.459205 1.607842 4.067634 -6.067524 1.712718 9.013783 -3.075282 0.998180
Car -1 -1 -10 670.000000 171.000000 724.000000 216.000000 1.437464 1.569132 3.594643 3.172378 1.488861 26.654826 -1.557426 0.997019
Car -1 -1 -10 164.000000 181.000000 390.000000 272.000000 1.540429 1.585182 3.774165 -6.365639 1.775355 14.167813 0.099282 0.979299
Car -1 -1 -10 361.000000 180.000000 498.000000 226.000000 1.568970 1.646768 4.009176 -5.670189 1.828380 23.521147 -2.993120 0.955812
Car -1 -1 -10 6.000000 196.000000 179.000000 372.000000 1.519970 1.653013 4.073964 -6.287293 1.731952 6.558230 -3.092282 0.878189
Car -1 -1 -10 462.000000 174.000000 546.000000 204.000000 1.538077 1.613829 3.830188 -5.074489 1.617785 38.901889 0.910990 0.821446
Car -1 -1 -10 425.000000 177.000000 526.000000 209.000000 1.525003 1.591985 3.559735 -4.989118 2.217000 36.146357 1.378403 0.674132
Car -1 -1 -10 303.000000 183.000000 464.000000 235.000000 1.614205 1.653297 3.899518 -6.057275 1.707397 20.792273 -2.925759 0.372805
Car -1 -1 -10 656.000000 172.000000 692.000000 198.000000 1.470558 1.544918 3.253677 1.932990 1.651145 23.462736 1.095232 0.064796
Car -1 -1 -10 1.000000 206.000000 119.000000 323.000000 1.519002 1.525125 3.770835 -5.278342 1.509095 9.725049 0.253157 0.050717
Car -1 -1 -10 265.000000 182.000000 393.000000 230.000000 1.618781 1.690541 4.130387 -7.596360 1.660627 20.197432 -3.037821 0.049206
