Pedestrian -1 -1 -10 609.000000 161.000000 662.000000 309.000000 1.730741 0.556636 0.699995 0.310350 1.551894 8.533710 -1.917730 0.997154
Pedestrian -1 -1 -10 668.000000 161.000000 725.000000 306.000000 1.769932 0.708721 0.922046 1.109777 1.510524 8.722005 -1.623771 0.996353
Pedestrian -1 -1 -10 714.000000 162.000000 736.000000 232.000000 1.771793 0.737838 0.808021 3.360880 1.238469 19.723680 -0.866066 0.500849
Pedestrian -1 -1 -10 197.000000 161.000000 281.000000 349.000000 1.656933 0.559469 0.643237 -4.061704 1.373408 8.139058 2.134459 0.419151
Pedestrian -1 -1 -10 734.000000 163.000000 757.000000 233.000000 1.718319 0.621499 0.668460 3.399821 1.261280 17.243514 -1.400167 0.284628
Pedestrian -1 -1 -10 107.000000 163.000000 268.000000 375.000000 1.602004 0.649129 0.428670 -2.683071 1.450564 4.779337 1.527949 0.067245
Pedestrian -1 -1 -10 370.000000 178.000000 381.000000 212.000000 1.741036 0.611501 0.667404 -10.399346 1.466380 32.884861 -0.257582 0.063438
Pedestrian -1 -1 -10 648.000000 168.000000 668.000000 232.000000 1.772151 0.640941 0.923013 1.565194 1.283519 20.104907 -1.600873 0.050295
Pedestrian -1 -1 -10 387.000000 172.000000 396.000000 203.000000 1.792492 0.666002 0.689863 -10.246619 1.310886 35.368072 -1.401090 0.044383
Pedestrian -1 -1 -10 631.000000 164.000000 664.000000 255.000000 1.716776 0.651632 0.647982 1.209664 1.873375 16.679774 -1.088423 0.021117
Pedestrian -1 -1 -10 620.000000 169.000000 644.000000 222.000000 1.739815 0.637280 0.651869 1.460230 1.219299 38.644370 -1.013764 0.019991
Pedestrian -1 -1 -10 1207.000000 192.000000 1235.000000 258.000000 1.693441 0.547544 0.563316 5.526036 1.576529 6.542038 -1.466301 0.015918
Pedestrian -1 -1 -10 614.000000 172.000000 654.000000 244.000000 1.749808 0.460911 0.685065 0.588152 1.289324 13.158012 0.151206 0.011847
Cyclist -1 -1 -10 102.000000 159.000000 296.000000 376.000000 1.667673 0.507143 1.643130 -2.667236 1.472294 4.796942 1.522960 0.999631
Cyclist -1 -1 -10 388.000000 168.000000 456.000000 300.000000 1.737325 0.594820 1.744155 -2.534038 1.578372 10.101108 1.596630 0.999491
Cyclist -1 -1 -10 429.000000 164.000000 472.000000 256.000000 1.712159 0.584743 1.739008 -3.125762 1.356751 14.754305 1.393123 0.990803
Cyclist -1 -1 -10 190.000000 159.000000 284.000000 349.000000 1.747111 0.689101 1.764165 -4.091005 1.482239 8.130271 1.700646 0.712198
Cyclist -1 -1 -10 711.000000 170.000000 849.000000 299.000000 1.683272 0.620096 1.652824 2.343153 1.755636 9.203724 2.889398 0.125913
Cyclist -1 -1 -10 665.000000 160.000000 748.000000 292.000000 1.715243 0.633048 1.750334 1.142059 1.418474 8.697268 -2.970011 0.117267
Cyclist -1 -1 -10 611.000000 164.000000 661.000000 310.000000 1.777475 0.484696 1.728160 0.306633 1.605267 8.593842 -1.356058 0.060927
Cyclist -1 -1 -10 713.000000 161.000000 735.000000 237.000000 1.766414 0.547822 1.814098 3.406176 1.292798 19.751401 -1.437352 0.057700
Cyclist -1 -1 -10 428.000000 169.000000 454.000000 242.000000 1.726491 0.447158 1.440730 -3.497528 1.116874 16.357846 -1.067768 0.041787
Cyclist -1 -1 -10 634.000000 168.000000 670.000000 244.000000 1.835262 0.565428 1.702166 1.638993 1.408682 20.277005 -1.427425 0.040968
Cyclist -1 -1 -10 138.000000 186.000000 265.000000 325.000000 1.654249 0.729434 1.640202 -2.703659 1.491700 4.678905 1.585292 0.017894
Cyclist -1 -1 -10 613.000000 169.000000 651.000000 236.000000 1.768409 0.647961 1.721449 1.654765 1.166770 37.688976 -2.096058 0.012554
