Pedestrian -1 -1 -10 898.000000 166.000000 924.000000 225.000000 1.718011 0.585118 1.071750 8.343903 1.490482 20.243705 -1.588624 0.879946
Pedestrian -1 -1 -10 871.000000 164.000000 894.000000 227.000000 1.747296 0.622982 0.575399 7.533330 1.490242 20.223671 -1.600664 0.586336
Pedestrian -1 -1 -10 754.000000 172.000000 766.000000 208.000000 1.654550 0.588946 0.864313 6.879730 1.480570 32.927407 -1.804487 0.050954
Pedestrian -1 -1 -10 879.000000 167.000000 915.000000 225.000000 1.783447 0.645406 0.925186 8.228271 1.414471 20.596570 0.412586 0.050247
Pedestrian -1 -1 -10 854.000000 164.000000 888.000000 233.000000 1.774493 0.641325 0.809172 5.769808 1.463907 16.438275 -1.416059 0.015479
Pedestrian -1 -1 -10 904.000000 175.000000 930.000000 215.000000 1.809012 0.712407 0.624380 21.399117 3.541827 49.332845 -1.284102 0.010325
Car -1 -1 -10 895.000000 170.000000 927.000000 224.000000 1.587158 1.497007 3.272658 22.224355 2.580182 54.537439 2.010764 0.019702
Cyclist -1 -1 -10 836.000000 159.000000 882.000000 238.000000 1.766107 0.518650 1.743577 5.672655 1.492320 16.529659 -1.583091 0.999224
Cyclist -1 -1 -10 896.000000 169.000000 925.000000 224.000000 1.700478 0.526196 1.778750 8.372892 1.606921 20.391042 -1.638203 0.707442
Cyclist -1 -1 -10 863.000000 166.000000 894.000000 229.000000 1.749085 0.547703 1.550615 7.132673 1.403073 20.620974 1.253987 0.549375
Cyclist -1 -1 -10 754.000000 172.000000 766.000000 208.000000 1.719933 0.421763 1.643444 6.923974 1.464604 33.247067 -1.336123 0.090381
Cyclist -1 -1 -10 878.000000 166.000000 910.000000 224.000000 1.789406 0.476678 1.802377 8.051082 1.408274 20.540684 1.902861 0.023916
