Pedestrian -1 -1 -10 525.000000 180.000000 616.000000 348.000000 1.758328 0.613137 0.986014 -0.319606 1.727290 7.046561 3.052487 0.997591
Pedestrian -1 -1 -10 784.000000 173.000000 867.000000 372.000000 1.683380 0.583977 1.015588 1.810778 1.668402 5.877566 -0.279820 0.996788
Pedestrian -1 -1 -10 767.000000 138.000000 827.000000 356.000000 1.831799 0.676508 0.847078 1.895109 1.537002 7.229103 2.860867 0.974213
Pedestrian -1 -1 -10 752.000000 160.000000 842.000000 286.000000 1.719906 0.599706 0.641275 2.706974 1.512348 11.545053 -1.856771 0.450481
Pedestrian -1 -1 -10 1099.000000 140.000000 1236.000000 370.000000 1.701460 0.599477 0.677122 2.863949 1.399503 3.619399 3.266886 0.112095
Pedestrian -1 -1 -10 913.000000 167.000000 930.000000 209.000000 1.719763 0.506527 0.646845 8.571882 1.148697 19.492310 1.047519 0.047966
Car -1 -1 -10 724.000000 165.000000 1000.000000 265.000000 1.711301 1.650758 4.097168 4.455309 1.371820 12.631645 -0.233705 0.752335
Car -1 -1 -10 738.000000 166.000000 881.000000 300.000000 1.696704 1.690401 3.893825 3.896062 1.419677 12.926153 -0.169239 0.228379
Cyclist -1 -1 -10 750.000000 167.000000 861.000000 291.000000 1.811710 0.644811 1.810146 3.119069 1.282398 11.813248 -0.749701 0.074857
Cyclist -1 -1 -10 1085.000000 155.000000 1234.000000 371.000000 1.625053 0.503364 1.639301 2.822559 1.329770 3.416178 1.772794 0.031541
