Car -1 -1 -10 805.000000 178.000000 1088.000000 370.000000 1.479560 1.558788 3.530779 2.891680 1.577069 7.037738 -1.485327 0.999705
Car -1 -1 -10 104.000000 203.000000 333.000000 324.000000 1.540822 1.593325 3.814995 -6.079008 2.042231 11.626842 1.541182 0.999169
Car -1 -1 -10 455.000000 187.000000 501.000000 219.000000 1.479190 1.562270 3.621495 -6.369681 2.181087 34.137612 1.596648 0.989953
Car -1 -1 -10 644.000000 175.000000 685.000000 206.000000 1.541206 1.634754 3.889844 2.804639 1.694562 37.934093 -1.595639 0.986985
Car -1 -1 -10 476.000000 185.000000 517.000000 213.000000 1.495253 1.602864 3.838501 -6.307376 2.157499 39.574925 1.611213 0.749699
Car -1 -1 -10 202.000000 197.000000 270.000000 223.000000 1.570604 1.649445 4.018266 -20.947477 2.828231 41.164392 -1.576030 0.457259
Car -1 -1 -10 170.000000 200.000000 226.000000 226.000000 1.509765 1.603891 3.849810 -23.810035 2.961038 41.595331 1.545439 0.365914
Car -1 -1 -10 254.000000 195.000000 318.000000 227.000000 1.522712 1.610002 4.003937 -18.321798 2.765282 41.065597 1.621377 0.299737
Car -1 -1 -10 498.000000 180.000000 531.000000 205.000000 1.564718 1.645540 3.859448 -6.680350 2.194544 47.575280 2.486124 0.059084
Car -1 -1 -10 137.000000 201.000000 187.000000 228.000000 1.480759 1.532747 3.473345 -25.089696 3.100655 41.164869 1.559509 0.035720
Cyclist -1 -1 -10 868.000000 176.000000 953.000000 228.000000 1.687929 0.582414 1.699027 7.967606 1.365770 19.590000 1.415990 0.217364
