Pedestrian -1 -1 -10 307.000000 187.000000 327.000000 218.000000 1.734672 0.661766 0.929171 -15.502305 2.525687 38.223490 2.292801 0.128766
Pedestrian -1 -1 -10 289.000000 192.000000 302.000000 222.000000 1.769101 0.638763 0.639364 -12.397949 2.232392 28.661189 -2.551510 0.072784
Pedestrian -1 -1 -10 314.000000 191.000000 334.000000 218.000000 1.773261 0.648697 0.960549 -15.248323 2.625982 38.014741 -0.799029 0.029154
Pedestrian -1 -1 -10 280.000000 188.000000 342.000000 220.000000 1.740601 0.618951 1.070847 -15.676768 2.398718 38.043112 -3.478362 0.016852
Pedestrian -1 -1 -10 285.000000 190.000000 296.000000 217.000000 1.789814 0.713364 0.731216 -20.471782 2.796347 46.050229 2.174711 0.011132
Car -1 -1 -10 109.000000 194.000000 323.000000 294.000000 1.473800 1.649403 4.072239 -6.860468 1.895751 12.959007 1.518351 0.998808
Car -1 -1 -10 441.000000 179.000000 590.000000 232.000000 1.578559 1.601215 4.334358 -2.691434 1.784579 22.013279 2.338000 0.949689
Cyclist -1 -1 -10 306.000000 187.000000 328.000000 218.000000 1.748230 0.642075 1.816215 -15.526538 2.479621 38.181208 2.405224 0.576718
Cyclist -1 -1 -10 280.000000 188.000000 342.000000 220.000000 1.642982 0.786559 1.874660 -15.781679 2.300822 38.136320 2.707134 0.118681
Cyclist -1 -1 -10 287.000000 191.000000 299.000000 222.000000 1.649975 0.507428 1.607914 -19.652113 3.007209 44.105789 -1.907984 0.019631
Cyclist -1 -1 -10 314.000000 191.000000 334.000000 218.000000 1.678594 0.659190 1.690282 -15.367816 2.391686 38.159818 -0.774383 0.015380
Cyclist -1 -1 -10 276.000000 193.000000 310.000000 225.000000 1.701471 0.546785 1.706034 -12.625118 1.940932 28.615685 -2.127546 0.011967
