Car -1 -1 -10 266.000000 192.000000 434.000000 293.000000 1.469266 1.555569 3.568894 -4.060059 1.593670 11.668990 -1.591044 0.999707
Car -1 -1 -10 561.000000 178.000000 602.000000 215.000000 1.534172 1.643589 3.967010 -1.289610 1.221527 33.284937 -1.628924 0.999542
Car -1 -1 -10 -2.000000 180.000000 311.000000 372.000000 1.530081 1.633943 3.857829 -3.243145 1.593912 4.070764 -1.617906 0.981974
Car -1 -1 -10 204.000000 184.000000 321.000000 246.000000 1.452770 1.607763 3.743179 -8.875928 1.468394 18.965962 -1.602434 0.977686
Car -1 -1 -10 291.000000 178.000000 347.000000 213.000000 1.528825 1.590228 3.830670 -13.406739 1.220229 32.862776 -3.210628 0.456474
Car -1 -1 -10 182.000000 182.000000 265.000000 225.000000 1.533956 1.616569 3.807573 -12.921324 1.434394 25.019815 -1.535223 0.210014
Car -1 -1 -10 21.000000 187.000000 253.000000 284.000000 1.519215 1.625508 3.892035 -8.048874 1.540229 12.291130 -1.589944 0.050692
Car -1 -1 -10 394.000000 190.000000 431.000000 220.000000 1.445368 1.614193 4.228564 -8.525082 1.434187 29.502603 1.749817 0.033042
Car -1 -1 -10 410.000000 187.000000 445.000000 214.000000 1.647939 1.645486 3.938750 -9.058927 1.399592 34.651967 1.483317 0.026857
Car -1 -1 -10 105.000000 190.000000 244.000000 254.000000 1.472023 1.567673 3.883779 -9.738989 1.563370 18.101643 -2.080500 0.022648
Car -1 -1 -10 428.000000 182.000000 470.000000 208.000000 1.555891 1.681511 4.017737 -8.922173 1.213640 41.033890 -3.251374 0.012660
