Pedestrian -1 -1 -10 522.000000 165.000000 535.000000 204.000000 1.711860 0.646337 0.818011 -3.352960 1.032540 30.669320 -1.202478 0.697773
Pedestrian -1 -1 -10 413.000000 166.000000 429.000000 210.000000 1.742948 0.631002 0.922899 -7.668600 1.281716 29.233727 -0.213586 0.544681
Pedestrian -1 -1 -10 299.000000 175.000000 310.000000 213.000000 1.780125 0.615634 0.756292 -13.958538 1.537475 32.809003 0.212887 0.174576
Pedestrian -1 -1 -10 293.000000 175.000000 307.000000 216.000000 1.776099 0.519378 0.956161 -14.065914 1.719977 32.289895 0.143520 0.057486
Pedestrian -1 -1 -10 419.000000 167.000000 440.000000 211.000000 1.769078 0.643677 0.711147 -6.781883 1.136955 27.958949 0.166893 0.035378
Pedestrian -1 -1 -10 429.000000 166.000000 444.000000 209.000000 1.734470 0.678363 0.685914 -6.745506 1.046414 27.859776 0.267275 0.012419
Car -1 -1 -10 463.000000 173.000000 531.000000 222.000000 1.484221 1.612242 3.889605 -3.555996 1.222979 23.579349 -1.584877 0.998676
Car -1 -1 -10 988.000000 149.000000 1084.000000 181.000000 1.549083 1.644762 3.798086 24.197766 0.086796 39.689118 0.007551 0.558445
Car -1 -1 -10 907.000000 159.000000 987.000000 184.000000 1.441189 1.559659 3.696098 19.189610 0.403032 39.155569 -0.052899 0.332658
Car -1 -1 -10 481.000000 171.000000 524.000000 202.000000 1.466937 1.560889 3.828273 -4.753624 0.762369 29.918972 1.898527 0.019818
Cyclist -1 -1 -10 617.000000 161.000000 653.000000 196.000000 1.778193 0.606045 1.739684 1.607984 0.776023 39.327190 -0.418969 0.998902
Cyclist -1 -1 -10 722.000000 154.000000 769.000000 200.000000 1.710715 0.682687 1.805220 6.299641 0.704755 31.697430 3.167390 0.997610
Cyclist -1 -1 -10 318.000000 170.000000 361.000000 222.000000 1.779484 0.528774 1.759442 -9.498493 1.446299 25.001423 -1.387699 0.967934
Cyclist -1 -1 -10 783.000000 149.000000 838.000000 201.000000 1.761559 0.582891 1.738579 7.723580 0.688454 27.342603 0.376703 0.136972
