Car -1 -1 -10 387.000000 189.000000 472.000000 239.000000 1.463110 1.640013 4.058084 -5.903370 2.086290 23.985975 1.624996 0.998128
Car -1 -1 -10 264.000000 195.000000 405.000000 270.000000 1.472191 1.610627 4.010046 -6.047504 2.039539 16.408691 1.558545 0.998053
Car -1 -1 -10 699.000000 176.000000 792.000000 239.000000 1.461146 1.607949 3.901675 3.192237 1.580068 18.353979 -1.588328 0.997554
Car -1 -1 -10 64.000000 205.000000 309.000000 336.000000 1.466887 1.585025 3.754291 -5.976077 2.015705 10.528034 1.574234 0.997403
Car -1 -1 -10 678.000000 176.000000 749.000000 227.000000 1.573934 1.605009 3.753261 3.127149 1.642708 23.727791 -1.568836 0.992361
Car -1 -1 -10 991.000000 136.000000 1242.000000 233.000000 1.535261 1.631306 4.017215 9.214181 0.963422 12.373412 3.101372 0.982678
Car -1 -1 -10 659.000000 177.000000 711.000000 212.000000 1.507896 1.583576 3.854561 3.333076 1.788298 33.558588 1.501588 0.914674
Car -1 -1 -10 824.000000 155.000000 992.000000 215.000000 1.438937 1.616327 4.110795 8.329218 1.273320 20.058891 3.212430 0.870403
Car -1 -1 -10 895.000000 151.000000 1082.000000 218.000000 1.543747 1.597809 3.987130 8.982826 1.043518 17.314033 3.137974 0.867261
Car -1 -1 -10 1.000000 227.000000 125.000000 372.000000 1.475120 1.589583 3.728989 -5.983362 1.990116 5.758947 1.562807 0.828370
Car -1 -1 -10 437.000000 186.000000 497.000000 226.000000 1.457883 1.541533 3.817630 -5.958453 2.068420 29.735969 1.580490 0.729049
Car -1 -1 -10 483.000000 184.000000 528.000000 213.000000 1.552187 1.572721 3.838958 -5.700871 2.080306 38.846010 1.696252 0.608156
Car -1 -1 -10 646.000000 179.000000 691.000000 206.000000 1.480933 1.617904 3.848388 3.526291 1.764462 38.479680 -0.863336 0.336827
Car -1 -1 -10 219.000000 190.000000 302.000000 226.000000 1.497211 1.561274 3.753863 -10.917881 2.460870 21.188452 -2.547452 0.023628
