Car -1 -1 -10 724.000000 170.000000 905.000000 313.000000 1.686259 1.673572 4.008197 2.741471 1.731385 10.551055 -1.534471 0.998085
Car -1 -1 -10 682.000000 182.000000 773.000000 256.000000 1.450616 1.611464 3.970329 2.709708 1.709070 16.574439 -1.602227 0.993646
Car -1 -1 -10 17.000000 194.000000 326.000000 308.000000 1.490297 1.645444 3.963231 -6.251200 1.754820 10.639894 -3.196558 0.992919
Car -1 -1 -10 642.000000 179.000000 677.000000 205.000000 1.471110 1.538177 3.621185 2.537797 1.768664 39.321200 -1.562920 0.989468
Car -1 -1 -10 658.000000 173.000000 712.000000 225.000000 1.546619 1.552788 3.623120 2.578011 1.632089 25.637035 -1.630900 0.970136
Car -1 -1 -10 125.000000 192.000000 370.000000 280.000000 1.528322 1.614192 3.899700 -6.423856 1.724071 13.266155 -3.161556 0.865140
Car -1 -1 -10 2.000000 213.000000 109.000000 376.000000 1.494887 1.600235 4.028534 -5.943139 1.811514 6.503506 1.003627 0.604351
Car -1 -1 -10 388.000000 186.000000 494.000000 225.000000 1.479360 1.578236 3.730436 -5.731591 1.943091 27.381698 0.887850 0.357189
Car -1 -1 -10 1.000000 201.000000 207.000000 354.000000 1.490175 1.565019 3.786715 -6.087270 1.884834 7.740994 0.412788 0.316227
Car -1 -1 -10 432.000000 178.000000 526.000000 212.000000 1.547485 1.613829 3.897757 -6.264043 1.845070 35.310632 -3.155395 0.287013
Car -1 -1 -10 792.000000 174.000000 902.000000 256.000000 1.521384 1.543069 3.486015 6.140562 1.981905 15.877503 -1.260272 0.093408
