Pedestrian -1 -1 -10 579.000000 158.000000 606.000000 234.000000 1.691827 0.636666 0.980662 -0.232382 1.213910 16.943478 -1.545343 0.994561
Pedestrian -1 -1 -10 146.000000 167.000000 229.000000 360.000000 1.738401 0.538209 0.709782 -3.638085 1.603189 6.206408 -0.052199 0.993083
Pedestrian -1 -1 -10 1005.000000 153.000000 1074.000000 304.000000 1.651797 0.641882 0.600461 4.811909 1.325058 7.904341 -0.508948 0.951607
Pedestrian -1 -1 -10 809.000000 155.000000 851.000000 251.000000 1.760890 0.623514 0.793061 3.992027 1.206907 12.708020 -1.681537 0.918313
Pedestrian -1 -1 -10 548.000000 158.000000 573.000000 220.000000 1.773008 0.698145 0.910638 -1.204070 1.080922 20.987753 1.501060 0.856483
Pedestrian -1 -1 -10 397.000000 162.000000 466.000000 301.000000 1.719879 0.791276 0.590795 -2.311036 1.478966 9.471503 1.420978 0.823267
Pedestrian -1 -1 -10 0.000000 188.000000 109.000000 374.000000 1.718373 0.632306 0.680801 -2.726430 1.626369 3.325277 2.474986 0.619444
Pedestrian -1 -1 -10 606.000000 159.000000 622.000000 204.000000 1.771862 0.630346 0.837977 0.478022 1.006410 29.100575 -2.591555 0.516928
Pedestrian -1 -1 -10 1057.000000 148.000000 1085.000000 239.000000 1.734229 0.548014 0.572097 7.842735 1.461854 12.243967 3.529415 0.339631
Pedestrian -1 -1 -10 503.000000 156.000000 524.000000 231.000000 1.805537 0.708437 0.698500 -2.225804 1.180024 18.030532 1.877111 0.250864
Pedestrian -1 -1 -10 621.000000 158.000000 635.000000 204.000000 1.793490 0.660670 0.762269 1.087669 0.887510 28.056339 -1.533911 0.237378
Pedestrian -1 -1 -10 575.000000 159.000000 592.000000 211.000000 1.739584 0.614965 0.729821 -0.801158 0.838767 29.637530 2.616643 0.087183
Pedestrian -1 -1 -10 678.000000 154.000000 699.000000 207.000000 1.762388 0.638627 0.642710 3.803311 0.606300 31.866366 3.224996 0.082397
Pedestrian -1 -1 -10 697.000000 153.000000 751.000000 239.000000 1.728137 0.672434 0.924388 2.508176 1.267152 14.493940 2.845087 0.058731
Pedestrian -1 -1 -10 592.000000 159.000000 608.000000 213.000000 1.764121 0.584148 0.628641 0.003314 0.778001 27.945702 -1.572740 0.052099
Pedestrian -1 -1 -10 665.000000 156.000000 683.000000 200.000000 1.749999 0.677313 0.626367 3.203120 0.504333 32.167945 -0.993203 0.021452
Car -1 -1 -10 1.000000 196.000000 106.000000 373.000000 1.533543 1.660513 3.945244 -4.258532 1.217388 4.358900 -2.264707 0.012078
Cyclist -1 -1 -10 697.000000 152.000000 754.000000 241.000000 1.733358 0.544707 1.887228 2.470495 1.245249 14.501389 1.293955 0.981015
Cyclist -1 -1 -10 394.000000 160.000000 468.000000 306.000000 1.722869 0.569380 1.723985 -2.210754 1.453026 9.384797 1.509198 0.975865
Cyclist -1 -1 -10 124.000000 172.000000 242.000000 334.000000 1.704459 0.567308 1.730741 -3.777485 1.526371 6.461032 -1.706495 0.940150
Cyclist -1 -1 -10 925.000000 187.000000 1067.000000 371.000000 1.712880 0.642596 1.748207 2.654327 1.702885 5.046138 -1.979100 0.935016
Cyclist -1 -1 -10 982.000000 160.000000 1070.000000 320.000000 1.696670 0.480880 1.676084 4.852171 1.333829 8.117616 -1.449366 0.760731
Cyclist -1 -1 -10 0.000000 192.000000 112.000000 375.000000 1.711690 0.662610 1.758515 -3.120811 1.508000 3.585921 2.467657 0.395092
Cyclist -1 -1 -10 677.000000 156.000000 698.000000 206.000000 1.731265 0.612554 1.651513 3.339792 0.987908 27.299311 0.680385 0.239551
Cyclist -1 -1 -10 666.000000 156.000000 689.000000 205.000000 1.717657 0.426511 1.447355 1.936948 1.048242 16.686450 -0.752673 0.178395
Cyclist -1 -1 -10 808.000000 151.000000 862.000000 322.000000 1.668339 0.616871 1.673509 2.014823 1.778896 6.244231 -1.378705 0.147122
Cyclist -1 -1 -10 816.000000 164.000000 901.000000 359.000000 1.659647 0.584198 1.840147 2.360970 1.555189 5.610478 2.958863 0.108285
