Car -1 -1 -10 692.000000 173.000000 890.000000 307.000000 1.467104 1.606587 3.945010 2.178258 1.501812 9.894237 -1.627984 0.999387
Car -1 -1 -10 -3.000000 188.000000 227.000000 276.000000 1.477230 1.554551 3.660813 -9.211080 1.743121 13.369483 -3.142937 0.999341
Car -1 -1 -10 639.000000 172.000000 717.000000 225.000000 1.542908 1.655780 3.993926 1.996939 1.537417 22.433846 -1.692573 0.998177
Car -1 -1 -10 471.000000 171.000000 534.000000 227.000000 1.584516 1.649369 3.717183 -3.340951 1.618782 23.225106 -1.630007 0.998115
Car -1 -1 -10 631.000000 172.000000 680.000000 214.000000 1.524725 1.596684 3.816271 1.723214 1.488139 28.569138 -1.615085 0.761992
Car -1 -1 -10 619.000000 168.000000 659.000000 202.000000 1.704070 1.687902 3.961489 1.553172 1.478029 39.174875 -1.605663 0.674008
Car -1 -1 -10 522.000000 175.000000 551.000000 206.000000 1.546729 1.632676 3.679869 -4.014124 1.700451 37.103995 -1.620925 0.510811
Car -1 -1 -10 490.000000 170.000000 531.000000 211.000000 1.474376 1.571834 3.744328 -3.815074 1.028602 27.583377 1.463790 0.093212
Car -1 -1 -10 613.000000 168.000000 640.000000 196.000000 1.621889 1.664543 3.672625 0.652066 1.140444 48.983608 -0.568535 0.038934
Car -1 -1 -10 504.000000 174.000000 545.000000 209.000000 1.553915 1.611884 3.724815 -3.277306 1.749559 37.178275 -1.698399 0.030295
