Pedestrian -1 -1 -10 127.000000 170.000000 160.000000 256.000000 1.792105 0.540772 0.982863 -10.304997 1.599348 15.840630 -3.145396 0.994420
Pedestrian -1 -1 -10 592.000000 155.000000 623.000000 236.000000 1.784668 0.647385 0.856642 -0.001397 1.145436 17.028371 0.975040 0.994366
Pedestrian -1 -1 -10 170.000000 178.000000 205.000000 246.000000 1.732858 0.644553 0.910417 -10.409361 1.709508 17.588198 0.482955 0.865368
Pedestrian -1 -1 -10 400.000000 159.000000 425.000000 229.000000 1.753252 0.687895 0.751180 -4.148113 1.162169 14.726465 0.304394 0.628310
Pedestrian -1 -1 -10 297.000000 162.000000 340.000000 249.000000 1.774255 0.772867 0.776057 -6.159012 1.270299 15.199100 -1.691317 0.579863
Pedestrian -1 -1 -10 272.000000 160.000000 303.000000 240.000000 1.792221 0.658098 0.938722 -7.847639 1.402025 17.400235 1.691414 0.283014
Pedestrian -1 -1 -10 886.000000 150.000000 916.000000 200.000000 1.789282 0.574867 0.915829 10.475365 0.661722 25.018415 -2.712985 0.061219
Pedestrian -1 -1 -10 279.000000 163.000000 324.000000 244.000000 1.783294 0.653433 1.026714 -7.682405 1.350163 17.321855 1.646422 0.058228
Pedestrian -1 -1 -10 321.000000 163.000000 344.000000 242.000000 1.716168 0.615614 0.662127 -6.173235 1.119776 15.957716 0.286272 0.043221
Pedestrian -1 -1 -10 155.000000 177.000000 184.000000 245.000000 1.770992 0.695687 0.825579 -11.371536 1.809001 18.400999 1.982806 0.016021
Pedestrian -1 -1 -10 862.000000 152.000000 909.000000 199.000000 1.741848 0.640705 0.861077 11.178546 0.539912 28.473154 -1.593276 0.012286
Pedestrian -1 -1 -10 289.000000 173.000000 369.000000 231.000000 1.803636 0.689093 0.850560 -6.105796 1.385387 15.198960 -3.275369 0.010135
Car -1 -1 -10 265.000000 180.000000 461.000000 307.000000 1.478991 1.605631 3.835580 -3.270466 1.482048 10.146316 -1.559273 0.999092
Car -1 -1 -10 268.000000 164.000000 389.000000 241.000000 1.632340 1.596690 3.737716 -6.892952 1.410564 18.142839 -1.361327 0.187208
Car -1 -1 -10 318.000000 178.000000 386.000000 230.000000 1.517003 1.593391 3.727458 -7.299760 0.949821 15.903032 -3.380250 0.013398
Car -1 -1 -10 289.000000 163.000000 344.000000 249.000000 1.533778 1.542936 3.637175 -6.566136 1.217508 17.235347 -1.882833 0.010053
Cyclist -1 -1 -10 1101.000000 135.000000 1211.000000 209.000000 1.740956 0.454633 1.567335 5.362452 0.674848 6.303467 -0.232502 0.962530
Cyclist -1 -1 -10 885.000000 151.000000 916.000000 200.000000 1.796231 0.600887 1.826062 10.516769 0.635424 25.063168 -1.148825 0.924439
Cyclist -1 -1 -10 278.000000 166.000000 353.000000 241.000000 1.848490 0.549078 1.630924 -7.066407 1.406100 17.017679 1.779973 0.733434
Cyclist -1 -1 -10 397.000000 164.000000 426.000000 226.000000 1.662145 0.644768 1.651688 -4.035615 0.929631 14.722754 -1.370076 0.426276
Cyclist -1 -1 -10 862.000000 152.000000 910.000000 199.000000 1.850076 0.713140 1.641477 10.391907 0.638297 26.107883 2.620793 0.321208
Cyclist -1 -1 -10 273.000000 162.000000 305.000000 239.000000 1.789490 0.569784 1.722608 -7.944023 1.407907 17.492759 1.843511 0.228346
Cyclist -1 -1 -10 371.000000 172.000000 440.000000 224.000000 1.676172 0.597238 1.643834 -6.106753 1.077531 21.178918 -1.713289 0.050278
Cyclist -1 -1 -10 307.000000 174.000000 369.000000 233.000000 1.736898 0.736926 1.692496 -6.159403 1.129149 15.616240 2.709178 0.036305
Cyclist -1 -1 -10 318.000000 162.000000 349.000000 246.000000 1.677283 0.651514 1.627568 -6.209749 0.930310 16.215971 2.139077 0.020966
Cyclist -1 -1 -10 291.000000 173.000000 322.000000 243.000000 1.702726 0.709747 1.708155 -6.536340 1.012969 15.649543 -1.989482 0.019945
