Pedestrian -1 -1 -10 458.000000 172.000000 468.000000 200.000000 1.782874 0.655922 0.743908 -7.139435 1.162264 34.838308 -2.331969 0.134459
Car -1 -1 -10 430.000000 180.000000 499.000000 232.000000 1.498818 1.638710 3.940655 -4.711721 1.775669 23.501564 1.517343 0.999181
Car -1 -1 -10 683.000000 178.000000 774.000000 250.000000 1.485691 1.610430 3.935972 2.643223 1.645709 16.771950 -1.587501 0.999094
Car -1 -1 -10 761.000000 185.000000 973.000000 331.000000 1.510463 1.540217 3.459736 3.045048 1.679968 9.202803 -1.593375 0.998315
Car -1 -1 -10 837.000000 199.000000 1262.000000 376.000000 1.510120 1.567950 3.758039 2.875370 1.670192 4.769700 -1.540890 0.979161
Car -1 -1 -10 667.000000 178.000000 733.000000 231.000000 1.523944 1.558451 3.520630 2.750442 1.671708 22.990363 -1.593101 0.978970
Car -1 -1 -10 466.000000 173.000000 520.000000 221.000000 1.616946 1.604311 3.804770 -4.692953 1.678084 29.072403 1.528281 0.969525
Car -1 -1 -10 1.000000 205.000000 242.000000 376.000000 1.501777 1.608685 3.905501 -4.378293 1.803262 5.036781 1.536033 0.935582
Car -1 -1 -10 175.000000 177.000000 325.000000 240.000000 1.529147 1.608665 3.944772 -9.612689 1.628790 18.785295 0.098014 0.929977
Car -1 -1 -10 650.000000 176.000000 696.000000 212.000000 1.497593 1.586575 3.712748 2.738320 1.666606 31.632759 -1.581625 0.909555
Car -1 -1 -10 494.000000 174.000000 535.000000 212.000000 1.576885 1.642787 3.957607 -4.480041 1.842476 34.527561 1.584185 0.588289
