Car -1 -1 -10 721.000000 180.000000 808.000000 254.000000 1.496613 1.581666 3.570339 3.541884 1.773764 17.215276 -1.520274 0.998975
Car -1 -1 -10 173.000000 185.000000 441.000000 268.000000 1.555621 1.602604 4.075116 -5.655252 1.720516 14.226498 0.080088 0.994708
Car -1 -1 -10 312.000000 182.000000 486.000000 235.000000 1.473080 1.652082 4.040930 -6.145558 1.768548 21.028273 -3.201350 0.987243
Car -1 -1 -10 440.000000 178.000000 537.000000 219.000000 1.617666 1.619224 3.912175 -5.058125 1.754930 28.941252 0.019736 0.987047
Car -1 -1 -10 679.000000 182.000000 722.000000 212.000000 1.506423 1.540814 3.558630 4.290668 1.943366 35.805869 -1.579297 0.973119
Car -1 -1 -10 699.000000 178.000000 767.000000 235.000000 1.541382 1.597716 3.773398 3.792193 1.752116 22.464412 -1.542623 0.969350
Car -1 -1 -10 384.000000 180.000000 511.000000 224.000000 1.535944 1.641244 3.884945 -5.864184 1.826250 26.391949 -3.174019 0.959639
Car -1 -1 -10 965.000000 190.000000 1245.000000 371.000000 1.515548 1.625603 3.853728 2.999680 1.734015 2.488759 -1.565869 0.817186
Car -1 -1 -10 0.000000 184.000000 392.000000 285.000000 1.695502 1.701177 4.189407 -6.358828 1.587955 11.529347 -1.100288 0.723994
Car -1 -1 -10 143.000000 187.000000 288.000000 273.000000 1.535288 1.609497 3.864210 -5.989423 1.455741 11.375115 0.529790 0.163457
Car -1 -1 -10 476.000000 178.000000 557.000000 211.000000 1.509988 1.540080 3.713689 -4.409034 1.856969 36.474715 0.801813 0.145663
Car -1 -1 -10 9.000000 183.000000 165.000000 232.000000 1.472009 1.589990 3.720836 -12.644477 1.465662 16.893133 1.565007 0.072774
Car -1 -1 -10 0.000000 239.000000 45.000000 372.000000 1.471931 1.635009 4.003984 -6.225124 1.811549 4.986008 0.036800 0.051099
