Car -1 -1 -10 184.000000 196.000000 357.000000 289.000000 1.486637 1.584471 3.796772 -6.230984 1.982288 13.743599 1.575948 0.999508
Car -1 -1 -10 674.000000 180.000000 755.000000 236.000000 1.473559 1.616987 3.925176 2.803346 1.679475 20.432100 -1.576349 0.998975
Car -1 -1 -10 923.000000 159.000000 1217.000000 248.000000 1.546394 1.669212 4.164153 8.199431 1.344370 13.287422 3.134924 0.998219
Car -1 -1 -10 463.000000 183.000000 508.000000 215.000000 1.514324 1.631202 3.920566 -6.271245 2.076614 36.037413 1.562123 0.995192
Car -1 -1 -10 8.000000 218.000000 236.000000 374.000000 1.532572 1.604518 3.810538 -3.834700 1.858100 4.040545 1.579552 0.974738
Car -1 -1 -10 369.000000 183.000000 466.000000 240.000000 1.594698 1.675242 4.072505 -6.496392 1.974346 23.658186 -1.435961 0.961387
Car -1 -1 -10 799.000000 161.000000 956.000000 214.000000 1.652345 1.653256 4.050398 8.247638 1.287563 22.691124 3.130175 0.674502
Car -1 -1 -10 870.000000 156.000000 1103.000000 235.000000 1.653128 1.670233 4.122614 8.065940 1.231011 16.473031 3.187446 0.488748
Car -1 -1 -10 481.000000 183.000000 519.000000 210.000000 1.596053 1.563102 3.804494 -6.516030 1.993801 40.383644 1.588944 0.157726
Car -1 -1 -10 702.000000 167.000000 774.000000 192.000000 1.646412 1.653456 4.063420 8.843991 1.364748 48.653761 3.248124 0.087068
Car -1 -1 -10 1054.000000 149.000000 1161.000000 184.000000 1.473096 1.536959 3.659244 21.869628 0.247897 32.403717 2.704389 0.029200
