Car -1 -1 -10 581.000000 177.000000 622.000000 214.000000 1.538730 1.647213 3.918991 -0.325854 1.220956 33.204414 -1.582919 0.999718
Car -1 -1 -10 284.000000 184.000000 467.000000 296.000000 1.518642 1.604488 3.833693 -3.606433 1.521199 11.736995 -1.540659 0.999418
Car -1 -1 -10 476.000000 184.000000 540.000000 228.000000 1.395489 1.630156 3.930997 -3.335746 1.333919 24.023042 -1.557061 0.998809
Car -1 -1 -10 241.000000 183.000000 358.000000 247.000000 1.415683 1.638486 3.765632 -7.598149 1.501846 18.589415 -1.476152 0.992947
Car -1 -1 -10 -1.000000 174.000000 244.000000 298.000000 1.668465 1.655613 3.973440 -7.784304 1.545126 11.738877 -1.567936 0.992460
Car -1 -1 -10 145.000000 182.000000 269.000000 237.000000 1.537640 1.672886 4.012640 -11.583891 1.584278 19.811190 1.633358 0.809160
Car -1 -1 -10 438.000000 179.000000 481.000000 209.000000 1.580145 1.602079 4.020729 -7.664393 1.228649 38.016284 -1.642194 0.366449
Car -1 -1 -10 486.000000 181.000000 535.000000 208.000000 1.536680 1.600432 3.787523 -5.841189 1.273265 42.714384 0.931552 0.208927
Car -1 -1 -10 232.000000 183.000000 309.000000 220.000000 1.534223 1.636852 3.923452 -12.445830 1.040561 27.159414 -1.459731 0.146933
Car -1 -1 -10 578.000000 177.000000 609.000000 202.000000 1.518191 1.621980 3.859376 -0.396232 0.892686 33.159547 -1.522144 0.084710
Car -1 -1 -10 293.000000 183.000000 397.000000 233.000000 1.420635 1.553178 3.796536 -7.321673 1.312672 18.240041 0.659027 0.021830
