Car -1 -1 -10 709.000000 189.000000 872.000000 297.000000 1.464553 1.594729 3.734830 2.704595 1.743811 11.694749 -1.606122 0.999678
Car -1 -1 -10 3.000000 185.000000 320.000000 305.000000 1.538805 1.647450 4.086758 -6.516219 1.670098 10.177503 0.024120 0.999218
Car -1 -1 -10 662.000000 176.000000 730.000000 236.000000 1.592626 1.637945 3.837477 2.538265 1.825342 22.571186 -1.581549 0.997342
Car -1 -1 -10 322.000000 181.000000 480.000000 238.000000 1.501578 1.558095 3.916791 -6.935032 1.870585 21.224796 -3.160002 0.978234
Car -1 -1 -10 182.000000 166.000000 411.000000 261.000000 1.718271 1.701141 3.971023 -6.408683 1.673185 15.118706 -3.140220 0.941797
Car -1 -1 -10 647.000000 180.000000 702.000000 222.000000 1.471491 1.640016 4.091694 2.526451 1.867745 28.776633 -1.614839 0.619315
Car -1 -1 -10 388.000000 182.000000 504.000000 221.000000 1.551756 1.598083 3.663986 -6.474687 1.856780 31.940164 -3.297150 0.336185
Car -1 -1 -10 485.000000 180.000000 547.000000 205.000000 1.629204 1.611641 3.826369 -6.186263 2.222367 47.657532 -3.086369 0.118980
Car -1 -1 -10 -3.000000 186.000000 128.000000 263.000000 1.529886 1.660536 3.837404 -8.396309 1.642688 12.100694 -1.669239 0.115313
Car -1 -1 -10 438.000000 180.000000 526.000000 214.000000 1.453605 1.567208 3.893597 -6.009582 2.009341 35.253957 1.962952 0.113859
Car -1 -1 -10 639.000000 177.000000 679.000000 211.000000 1.522499 1.567742 3.632605 2.430746 1.826955 37.642617 -1.634253 0.097555
