Car -1 -1 -10 775.000000 175.000000 923.000000 235.000000 1.458820 1.566907 3.747278 6.132677 1.541688 19.032614 -2.087395 0.997109
Car -1 -1 -10 629.000000 175.000000 681.000000 211.000000 1.446282 1.572009 3.614051 1.851293 1.597444 31.258587 -1.705239 0.994923
Car -1 -1 -10 349.000000 175.000000 481.000000 216.000000 1.459144 1.583338 3.864822 -7.127680 1.610482 26.935233 -3.115707 0.993972
Car -1 -1 -10 0.000000 173.000000 259.000000 300.000000 1.570797 1.630631 3.743210 -7.072101 1.657433 10.295393 -3.143528 0.931460
Car -1 -1 -10 131.000000 178.000000 337.000000 276.000000 1.525631 1.616957 3.906433 -6.965990 1.631074 12.291641 -3.155907 0.801452
Car -1 -1 -10 301.000000 175.000000 439.000000 229.000000 1.486807 1.628040 3.909321 -7.358800 1.681336 22.415664 -3.050870 0.374546
Car -1 -1 -10 430.000000 174.000000 519.000000 201.000000 1.624391 1.630285 3.946774 -8.007133 1.797808 39.631237 -3.149289 0.258158
Car -1 -1 -10 165.000000 163.000000 419.000000 256.000000 1.819256 1.737317 4.192160 -6.426268 1.497044 14.593600 -3.139930 0.192079
Car -1 -1 -10 612.000000 173.000000 654.000000 201.000000 1.516731 1.583255 3.983867 1.021905 1.501875 40.873685 -1.640990 0.134300
Car -1 -1 -10 398.000000 173.000000 495.000000 207.000000 1.520596 1.585580 3.821462 -7.404306 1.622365 34.524345 -3.060926 0.068824
Car -1 -1 -10 320.000000 192.000000 404.000000 222.000000 1.510695 1.524946 3.443131 -7.714862 1.785088 22.217151 0.684612 0.053634
