Pedestrian -1 -1 -10 797.000000 152.000000 825.000000 244.000000 1.671195 0.619779 0.706191 5.403824 1.203231 19.616537 -1.845563 0.595400
Pedestrian -1 -1 -10 778.000000 153.000000 800.000000 240.000000 1.664331 0.684002 0.743880 4.985832 1.227027 19.995259 -0.772958 0.146981
Pedestrian -1 -1 -10 779.000000 164.000000 838.000000 239.000000 1.713975 0.703810 0.877087 5.384579 1.294042 19.653147 -1.698903 0.014410
Car -1 -1 -10 90.000000 194.000000 328.000000 320.000000 1.525903 1.575711 3.765360 -5.888522 1.915691 11.041973 1.555051 0.999241
Car -1 -1 -10 738.000000 184.000000 955.000000 311.000000 1.499614 1.549749 3.476345 3.050646 1.632442 10.242977 -1.678942 0.997564
Car -1 -1 -10 283.000000 192.000000 407.000000 267.000000 1.491202 1.538668 3.650623 -5.913960 1.943832 16.133536 1.520800 0.997087
Car -1 -1 -10 713.000000 183.000000 809.000000 254.000000 1.437044 1.571712 3.681982 3.235587 1.687072 15.922468 -1.580299 0.993453
Car -1 -1 -10 845.000000 190.000000 1220.000000 373.000000 1.497967 1.613109 3.834705 2.981352 1.618909 5.035170 -1.612553 0.970531
Car -1 -1 -10 354.000000 178.000000 442.000000 221.000000 1.666319 1.694009 4.056494 -11.805869 2.019837 40.576907 -3.139907 0.215580
Car -1 -1 -10 801.000000 186.000000 1048.000000 359.000000 1.542069 1.653585 3.899927 3.076162 1.689954 4.775315 -1.572440 0.011005
Cyclist -1 -1 -10 714.000000 184.000000 815.000000 251.000000 1.761790 0.620907 1.774901 2.946335 1.771086 14.709072 -1.832789 0.071748
Cyclist -1 -1 -10 793.000000 168.000000 831.000000 236.000000 1.655070 0.635005 1.626657 5.327590 1.101105 19.643318 -2.846619 0.070471
Cyclist -1 -1 -10 773.000000 175.000000 847.000000 229.000000 1.716407 0.719574 1.729364 5.249073 1.387570 19.605994 -2.436716 0.045472
Cyclist -1 -1 -10 789.000000 184.000000 817.000000 237.000000 1.705344 0.543528 1.693709 5.136397 1.506928 19.772015 -1.883184 0.012963
Cyclist -1 -1 -10 809.000000 184.000000 843.000000 224.000000 1.667070 0.561537 1.634924 5.694253 1.543637 19.605944 -0.650997 0.011818
