Pedestrian -1 -1 -10 1003.000000 136.000000 1100.000000 292.000000 1.827181 0.635411 1.067326 5.489063 1.292115 8.844562 0.221908 0.998566
Pedestrian -1 -1 -10 635.000000 144.000000 711.000000 317.000000 1.829751 0.625767 1.182222 0.598267 1.446082 7.887618 0.094842 0.995016
Pedestrian -1 -1 -10 178.000000 172.000000 224.000000 281.000000 1.720987 0.628253 0.809120 -6.840796 1.587458 11.794940 -0.016428 0.973512
Pedestrian -1 -1 -10 627.000000 155.000000 676.000000 308.000000 1.813737 0.694187 1.002473 0.501745 1.435444 8.165957 -0.408281 0.683823
Pedestrian -1 -1 -10 1000.000000 147.000000 1026.000000 208.000000 1.764593 0.562282 0.857652 10.403759 0.987562 18.252701 3.059319 0.187555
Pedestrian -1 -1 -10 1005.000000 150.000000 1077.000000 211.000000 1.746151 0.528499 0.579486 7.935400 1.687103 13.096090 3.517221 0.104563
Pedestrian -1 -1 -10 851.000000 155.000000 877.000000 201.000000 1.810685 0.613995 1.056467 14.042854 0.277142 38.613487 -0.731210 0.075360
Pedestrian -1 -1 -10 1045.000000 152.000000 1072.000000 199.000000 1.731430 0.499071 0.624089 17.792697 0.557193 27.924190 3.037042 0.043785
Pedestrian -1 -1 -10 1018.000000 158.000000 1060.000000 203.000000 1.732811 0.458612 0.678471 7.995760 1.467279 13.098365 0.671531 0.036774
Pedestrian -1 -1 -10 985.000000 151.000000 1044.000000 202.000000 1.751124 0.536209 0.643311 5.859740 1.272723 10.569000 0.645553 0.024787
Pedestrian -1 -1 -10 1024.000000 151.000000 1091.000000 194.000000 1.877311 0.593362 1.069743 17.968130 0.622472 27.598706 0.260387 0.012613
Pedestrian -1 -1 -10 1029.000000 144.000000 1080.000000 258.000000 1.701261 0.556546 0.685483 5.687945 0.938245 8.870463 -1.574186 0.011981
Car -1 -1 -10 448.000000 173.000000 481.000000 198.000000 1.608483 1.668420 3.917409 -8.659747 1.091569 43.899559 1.500713 0.996878
Car -1 -1 -10 -3.000000 202.000000 300.000000 365.000000 1.534275 1.583330 3.902870 -3.289692 1.725577 3.462294 -1.562170 0.985177
Car -1 -1 -10 980.000000 154.000000 1091.000000 199.000000 1.533273 1.576411 3.522851 17.457094 0.123809 29.063224 2.625054 0.144314
Car -1 -1 -10 1041.000000 156.000000 1092.000000 190.000000 1.542606 1.627836 3.898909 18.200657 0.613035 29.292491 -1.537757 0.014719
Car -1 -1 -10 998.000000 152.000000 1053.000000 207.000000 1.478732 1.554175 3.497817 13.230134 1.652982 22.300893 2.985988 0.012812
Cyclist -1 -1 -10 817.000000 152.000000 942.000000 268.000000 1.701026 0.558937 1.749841 4.372848 1.316815 11.483793 0.170018 0.999945
Cyclist -1 -1 -10 996.000000 150.000000 1043.000000 210.000000 1.695890 0.495989 1.715637 10.582446 0.960785 18.526874 -1.244727 0.527680
Cyclist -1 -1 -10 1003.000000 154.000000 1087.000000 203.000000 1.669306 0.510809 1.585967 11.263604 1.476913 17.998862 -1.038850 0.378416
Cyclist -1 -1 -10 846.000000 157.000000 884.000000 200.000000 1.740212 0.736480 1.736099 13.389821 0.467927 35.975705 1.235742 0.215406
Cyclist -1 -1 -10 1004.000000 141.000000 1097.000000 279.000000 1.762170 0.649779 1.863563 5.767767 1.211362 9.052938 0.577177 0.132019
Cyclist -1 -1 -10 171.000000 173.000000 227.000000 287.000000 1.747779 0.574978 1.755223 -6.802332 1.635517 11.939073 1.616462 0.032335
Cyclist -1 -1 -10 1012.000000 145.000000 1059.000000 220.000000 1.657183 0.516583 1.596780 10.516423 1.737246 16.977650 -1.029851 0.031903
Cyclist -1 -1 -10 837.000000 158.000000 901.000000 214.000000 1.730659 0.457299 1.466472 5.271928 1.065694 13.468870 -0.493226 0.029701
Cyclist -1 -1 -10 630.000000 154.000000 687.000000 306.000000 1.792697 0.503170 1.790210 0.672759 1.420729 8.111918 0.055205 0.028216
Cyclist -1 -1 -10 -5.000000 201.000000 285.000000 361.000000 1.649085 0.780221 1.830353 -2.475506 1.649684 3.461782 1.644749 0.021088
Cyclist -1 -1 -10 1024.000000 154.000000 1053.000000 206.000000 1.667898 0.518342 1.587330 11.370380 1.660101 18.369202 -1.045706 0.020718
Cyclist -1 -1 -10 1046.000000 150.000000 1073.000000 197.000000 1.787326 0.693301 1.648708 17.894893 0.564053 28.284974 -0.218576 0.015509
