Pedestrian -1 -1 -10 69.000000 180.000000 91.000000 231.000000 1.806666 0.609013 0.711929 -19.986878 2.104582 27.271029 1.937746 0.758474
Pedestrian -1 -1 -10 104.000000 183.000000 120.000000 228.000000 1.696033 0.548440 0.662503 -18.851192 1.867845 27.527680 -2.691306 0.554324
Pedestrian -1 -1 -10 101.000000 185.000000 134.000000 223.000000 1.788582 0.719027 0.554746 -18.663545 2.134831 27.487770 1.164307 0.081647
Pedestrian -1 -1 -10 76.000000 185.000000 126.000000 227.000000 1.719905 0.599706 0.641276 -19.602942 1.934999 27.421870 -2.737080 0.016623
Pedestrian -1 -1 -10 51.000000 186.000000 114.000000 234.000000 1.723406 0.601587 0.621802 -16.257282 1.948778 23.059252 -1.670142 0.011105
Pedestrian -1 -1 -10 36.000000 194.000000 151.000000 249.000000 1.777619 0.601398 0.870630 -15.528490 2.671733 21.547688 -2.744522 0.010351
Car -1 -1 -10 598.000000 173.000000 631.000000 202.000000 1.569442 1.702439 4.044872 0.250653 1.675678 44.335825 -1.593628 0.999140
Car -1 -1 -10 29.000000 198.000000 161.000000 250.000000 1.483543 1.592729 3.735912 -16.088157 2.282595 22.891964 1.540706 0.996096
Car -1 -1 -10 54.000000 191.000000 138.000000 234.000000 1.467719 1.562667 3.770953 -16.750572 2.205709 23.486745 0.998808 0.011384
Car -1 -1 -10 61.000000 189.000000 101.000000 228.000000 1.544208 1.605300 3.812614 -20.482818 1.890812 29.080519 -1.607406 0.010513
Cyclist -1 -1 -10 33.000000 197.000000 160.000000 250.000000 1.718193 0.754662 1.846363 -15.694205 2.640218 22.170198 -1.167646 0.025062
Cyclist -1 -1 -10 99.000000 184.000000 125.000000 225.000000 1.693644 0.552140 1.599494 -22.113880 1.816729 31.712681 -2.130899 0.024141
Cyclist -1 -1 -10 65.000000 185.000000 96.000000 228.000000 1.762505 0.707121 1.681193 -19.934818 1.927464 27.328034 -0.143112 0.023912
