Pedestrian -1 -1 -10 154.000000 169.000000 220.000000 322.000000 1.729619 0.662798 0.823771 -4.979281 1.666744 8.643889 -2.136996 0.997489
Pedestrian -1 -1 -10 337.000000 162.000000 434.000000 371.000000 1.729184 0.636253 0.935741 -1.775381 1.584195 5.471074 -2.878251 0.994404
Pedestrian -1 -1 -10 229.000000 165.000000 308.000000 359.000000 1.716986 0.549401 0.888334 -3.210971 1.624216 6.762553 -2.543472 0.988856
Pedestrian -1 -1 -10 419.000000 160.000000 470.000000 305.000000 1.792180 0.568409 0.866995 -2.015381 1.530399 9.182717 -2.817178 0.978946
Pedestrian -1 -1 -10 312.000000 168.000000 355.000000 290.000000 1.765152 0.677418 0.810311 -3.904461 1.554874 10.537603 -1.976927 0.957745
Pedestrian -1 -1 -10 532.000000 171.000000 548.000000 215.000000 1.766756 0.611490 0.807087 -2.402421 1.303089 28.092470 -1.681946 0.857515
Pedestrian -1 -1 -10 261.000000 176.000000 312.000000 322.000000 1.781107 0.655523 0.688763 -3.597497 1.653699 8.301537 -2.078330 0.777864
Pedestrian -1 -1 -10 392.000000 167.000000 446.000000 313.000000 1.704767 0.583804 0.639758 -2.129267 1.429289 9.187619 0.292863 0.645932
Pedestrian -1 -1 -10 230.000000 162.000000 265.000000 269.000000 1.724487 0.656094 0.798121 -6.336629 1.248249 12.696777 -0.324296 0.558158
Pedestrian -1 -1 -10 547.000000 174.000000 562.000000 217.000000 1.811038 0.648646 1.070500 -1.874968 1.362508 28.296825 -1.755578 0.286382
Pedestrian -1 -1 -10 285.000000 170.000000 339.000000 288.000000 1.866819 0.618033 0.912815 -4.148010 1.605196 10.720592 1.229115 0.239750
Cyclist -1 -1 -10 480.000000 165.000000 509.000000 221.000000 1.692609 0.578484 1.709922 -3.491008 1.212071 22.929105 1.352082 0.962134
Cyclist -1 -1 -10 232.000000 169.000000 312.000000 338.000000 1.733763 0.536111 1.661658 -3.508355 1.599483 7.260748 -1.981398 0.058702
Cyclist -1 -1 -10 225.000000 171.000000 290.000000 261.000000 1.662355 0.462275 1.711970 -6.251005 1.253433 12.896113 -2.140891 0.033093
Cyclist -1 -1 -10 361.000000 171.000000 442.000000 356.000000 1.744357 0.505217 1.817935 -1.752049 1.518332 5.766701 -1.776910 0.012489
