Pedestrian -1 -1 -10 342.000000 168.000000 391.000000 295.000000 1.681071 0.608224 0.869816 -3.197246 1.494027 9.653882 -2.214265 0.995454
Pedestrian -1 -1 -10 623.000000 152.000000 688.000000 368.000000 1.773208 0.610124 0.966930 0.410310 1.491400 6.166650 -2.584591 0.994436
Pedestrian -1 -1 -10 446.000000 164.000000 512.000000 319.000000 1.756320 0.641927 1.099780 -1.440665 1.501969 8.041112 -2.279699 0.994174
Pedestrian -1 -1 -10 518.000000 167.000000 566.000000 288.000000 1.718463 0.634400 0.833783 -0.867217 1.484361 10.239666 0.983974 0.993918
Pedestrian -1 -1 -10 572.000000 161.000000 613.000000 286.000000 1.744950 0.600292 0.821299 -0.189186 1.437746 10.377907 -2.995924 0.953391
Pedestrian -1 -1 -10 400.000000 169.000000 434.000000 261.000000 1.707173 0.617457 0.825018 -3.493242 1.549061 13.266559 1.087999 0.895629
Pedestrian -1 -1 -10 604.000000 161.000000 661.000000 328.000000 1.775443 0.646080 0.752802 0.310223 1.508858 7.541872 -0.586453 0.859320
Pedestrian -1 -1 -10 428.000000 161.000000 477.000000 280.000000 1.790695 0.607160 0.833687 -2.442776 1.454797 11.581770 -2.762571 0.841987
Pedestrian -1 -1 -10 469.000000 169.000000 515.000000 275.000000 1.767843 0.594529 0.742025 -1.825217 1.482987 13.148758 -2.718781 0.626383
Pedestrian -1 -1 -10 398.000000 164.000000 420.000000 242.000000 1.719906 0.599706 0.641275 -4.366754 2.095611 16.020843 -2.384323 0.474035
Pedestrian -1 -1 -10 370.000000 165.000000 403.000000 257.000000 1.757147 0.638933 0.781701 -4.068281 1.489055 13.683947 2.375296 0.457440
Pedestrian -1 -1 -10 665.000000 159.000000 683.000000 216.000000 1.798010 0.578587 0.637043 2.762718 1.020781 26.596917 0.658403 0.344961
Pedestrian -1 -1 -10 586.000000 161.000000 641.000000 297.000000 1.693228 0.647765 0.638747 0.103482 1.450834 10.298256 -1.922912 0.305252
Pedestrian -1 -1 -10 385.000000 165.000000 414.000000 246.000000 1.735694 0.642403 0.717640 -4.050079 1.354793 14.215926 -2.370594 0.252702
Cyclist -1 -1 -10 278.000000 158.000000 344.000000 260.000000 1.712610 0.563076 1.784771 -5.858438 1.368681 14.155558 0.940415 0.991411
Cyclist -1 -1 -10 425.000000 163.000000 476.000000 274.000000 1.742253 0.540425 1.679760 -2.738132 1.627429 11.847846 -1.991699 0.072000
Cyclist -1 -1 -10 470.000000 164.000000 519.000000 285.000000 1.811532 0.557396 1.783760 -1.882013 1.399468 13.057279 -1.790552 0.056720
Cyclist -1 -1 -10 398.000000 169.000000 437.000000 258.000000 1.740434 0.558092 1.721786 -3.446281 1.553982 13.450108 1.416034 0.052693
Cyclist -1 -1 -10 337.000000 166.000000 393.000000 289.000000 1.698843 0.507257 1.588086 -3.353945 1.464700 9.728253 -1.935837 0.047875
Cyclist -1 -1 -10 415.000000 173.000000 456.000000 236.000000 1.695366 0.583017 1.725126 -3.926763 1.367264 16.734120 -1.327822 0.035126
Cyclist -1 -1 -10 366.000000 170.000000 398.000000 248.000000 1.700513 0.575255 1.654156 -4.282056 1.239382 13.884386 1.737433 0.034298
Cyclist -1 -1 -10 387.000000 166.000000 410.000000 244.000000 1.722233 0.481042 1.694155 -4.336069 1.271160 14.229600 -1.825443 0.033463
Cyclist -1 -1 -10 349.000000 172.000000 386.000000 235.000000 1.698628 0.602341 1.679562 -6.916274 0.896698 21.179213 -1.879366 0.022722
Cyclist -1 -1 -10 595.000000 155.000000 685.000000 336.000000 1.749286 0.527061 1.669613 0.394999 1.496609 6.706840 -1.588479 0.021364
Cyclist -1 -1 -10 443.000000 167.000000 500.000000 292.000000 1.709982 0.587807 1.751650 -1.494737 1.497846 9.382135 1.983394 0.016070
Cyclist -1 -1 -10 398.000000 165.000000 424.000000 227.000000 1.781604 0.617814 1.632263 -5.669998 0.771316 21.186646 2.209940 0.010740
