Pedestrian -1 -1 -10 717.000000 179.000000 728.000000 210.000000 1.767534 0.668954 0.667065 4.685682 2.061820 30.403690 -1.913172 0.542232
Pedestrian -1 -1 -10 701.000000 171.000000 709.000000 213.000000 1.714651 0.549287 0.688750 5.298777 1.338349 39.553569 -0.902172 0.114665
Pedestrian -1 -1 -10 714.000000 179.000000 735.000000 216.000000 1.768725 0.633093 0.800403 5.044795 1.834421 31.028004 0.789082 0.057775
Pedestrian -1 -1 -10 713.000000 177.000000 722.000000 213.000000 1.673236 0.531297 0.564779 4.779131 1.721188 30.256370 2.652447 0.019226
Car -1 -1 -10 529.000000 177.000000 575.000000 213.000000 1.525034 1.658783 4.095453 -2.644904 1.703588 31.997046 1.586085 0.999369
Car -1 -1 -10 690.000000 184.000000 802.000000 266.000000 1.442764 1.608764 3.757006 2.658835 1.699841 14.820459 -1.554385 0.999118
Car -1 -1 -10 654.000000 179.000000 706.000000 220.000000 1.510858 1.625972 3.810457 2.629626 1.744454 27.616447 1.570969 0.997129
Car -1 -1 -10 -3.000000 194.000000 442.000000 373.000000 1.541994 1.671183 4.093966 -2.650535 1.731164 5.371842 1.550023 0.989725
Car -1 -1 -10 641.000000 174.000000 670.000000 202.000000 1.561836 1.646990 3.833858 3.058477 1.651770 47.513540 -1.477191 0.286980
Cyclist -1 -1 -10 716.000000 178.000000 731.000000 215.000000 1.798086 0.632183 1.398109 4.910197 1.740547 32.124807 3.123956 0.018397
