Car -1 -1 -10 555.000000 176.000000 622.000000 238.000000 1.511392 1.667341 3.483850 -0.608129 1.348008 20.112083 -1.606740 0.999268
Car -1 -1 -10 29.000000 209.000000 419.000000 372.000000 1.422144 1.637974 4.159956 -3.270606 1.622788 7.175158 -1.583593 0.998969
Car -1 -1 -10 357.000000 183.000000 495.000000 273.000000 1.508328 1.683368 4.134952 -3.384130 1.487158 13.888851 -1.563531 0.998380
Car -1 -1 -10 510.000000 177.000000 549.000000 213.000000 1.547814 1.578163 3.852542 -3.481053 1.247095 31.756198 -1.660115 0.895947
Car -1 -1 -10 458.000000 187.000000 526.000000 238.000000 1.537252 1.633839 3.958253 -3.477424 1.409375 21.121036 -1.574826 0.859965
Car -1 -1 -10 231.000000 180.000000 320.000000 242.000000 1.483808 1.601306 3.870670 -8.004233 1.329513 18.302481 -1.597078 0.161282
Car -1 -1 -10 0.000000 165.000000 122.000000 321.000000 1.504493 1.580732 3.828390 -3.308640 1.526435 6.694337 -1.580700 0.149151
Car -1 -1 -10 332.000000 181.000000 370.000000 209.000000 1.487440 1.590526 3.761744 -13.023882 1.191653 36.825038 -1.787449 0.088985
Car -1 -1 -10 236.000000 177.000000 300.000000 208.000000 1.493152 1.589191 3.717485 -16.875908 1.342993 33.608394 1.665225 0.058338
Car -1 -1 -10 319.000000 195.000000 351.000000 226.000000 1.533367 1.622908 3.820485 -13.616654 1.328156 36.595824 1.250810 0.049939
Car -1 -1 -10 383.000000 179.000000 441.000000 220.000000 1.590243 1.644776 3.719586 -8.311029 0.889794 30.182414 1.604788 0.030581
Car -1 -1 -10 228.000000 176.000000 370.000000 276.000000 1.441699 1.647985 3.822515 -7.917686 1.293160 18.288519 -1.571355 0.024757
Car -1 -1 -10 378.000000 181.000000 469.000000 240.000000 1.533273 1.576411 3.522851 -4.107874 1.927860 19.784646 1.826411 0.017398
Car -1 -1 -10 386.000000 178.000000 426.000000 203.000000 1.634272 1.657807 3.909410 -8.519379 0.866418 30.353064 1.359639 0.015384
Car -1 -1 -10 293.000000 187.000000 352.000000 230.000000 1.557289 1.607906 3.640879 -8.085036 1.382050 18.341519 -1.540050 0.014942
Car -1 -1 -10 260.000000 189.000000 350.000000 248.000000 1.433130 1.638190 3.842415 -7.888525 1.330846 18.263923 -1.607285 0.014782
