Pedestrian -1 -1 -10 686.000000 169.000000 705.000000 217.000000 1.759492 0.618015 1.047434 3.293718 1.710155 27.953674 -0.445844 0.924435
Pedestrian -1 -1 -10 1169.000000 177.000000 1196.000000 222.000000 1.719906 0.599706 0.641275 16.533171 1.631519 20.844265 -1.451851 0.021748
Car -1 -1 -10 454.000000 182.000000 504.000000 219.000000 1.466408 1.563908 3.743688 -5.339366 1.776482 28.980357 1.279039 0.999313
Car -1 -1 -10 336.000000 183.000000 419.000000 211.000000 1.511762 1.616170 3.894384 -11.771369 2.070967 36.789187 0.548543 0.996594
Car -1 -1 -10 53.000000 180.000000 185.000000 239.000000 1.558941 1.632673 3.892238 -15.290847 1.827568 22.549218 1.311626 0.990327
Car -1 -1 -10 995.000000 200.000000 1239.000000 368.000000 1.511607 1.623277 3.940980 2.981928 1.534631 1.852864 -1.605045 0.844942
Car -1 -1 -10 2.000000 183.000000 107.000000 239.000000 1.503008 1.619732 3.806895 -17.808397 1.937595 23.267798 -1.646712 0.630485
Car -1 -1 -10 0.000000 197.000000 102.000000 372.000000 1.498095 1.615264 3.817623 -6.361659 1.793438 5.815002 1.554983 0.403710
Car -1 -1 -10 108.000000 183.000000 189.000000 226.000000 1.502369 1.534001 3.842664 -15.518918 1.712176 23.395126 0.946313 0.024806
Car -1 -1 -10 489.000000 172.000000 526.000000 197.000000 1.682964 1.662233 3.804054 -8.248135 1.792687 58.294868 0.051046 0.012337
Cyclist -1 -1 -10 1006.000000 187.000000 1245.000000 373.000000 1.670963 0.589861 1.718570 2.496863 1.696426 2.546661 -1.628018 0.018734
Cyclist -1 -1 -10 1166.000000 174.000000 1197.000000 223.000000 1.725043 0.560246 1.479544 15.620837 1.666086 19.554652 2.881944 0.015910
