Pedestrian -1 -1 -10 1180.000000 183.000000 1239.000000 362.000000 1.742736 0.627272 0.714644 7.768132 1.973338 9.351251 -0.755920 0.029061
Car -1 -1 -10 3.000000 179.000000 339.000000 298.000000 1.509504 1.643282 4.053204 -6.366541 1.578596 10.410090 -3.145179 0.997253
Car -1 -1 -10 238.000000 163.000000 449.000000 254.000000 1.636897 1.697267 3.980935 -5.983416 1.537978 15.569131 -3.166195 0.981466
Car -1 -1 -10 450.000000 176.000000 522.000000 209.000000 1.563734 1.595374 3.951161 -6.378815 1.746260 33.664123 0.300176 0.955288
Car -1 -1 -10 410.000000 172.000000 485.000000 212.000000 1.566516 1.621681 3.921251 -6.919906 1.693508 32.390592 -3.293133 0.916685
Car -1 -1 -10 674.000000 173.000000 775.000000 237.000000 1.450268 1.597108 3.659761 2.936184 1.692024 21.379883 1.538058 0.157916
Car -1 -1 -10 687.000000 138.000000 831.000000 250.000000 1.994532 1.721314 4.166106 2.936878 1.519227 15.370566 -1.496497 0.026060
Car -1 -1 -10 635.000000 173.000000 686.000000 207.000000 1.548378 1.556743 3.623473 2.579666 1.273579 32.842929 -2.037337 0.022300
Car -1 -1 -10 651.000000 161.000000 709.000000 214.000000 2.016312 1.771268 4.096269 3.099331 1.522651 30.416985 -1.653080 0.018516
Car -1 -1 -10 656.000000 158.000000 752.000000 221.000000 1.895918 1.738924 4.139281 3.045589 1.497546 29.918713 0.112404 0.016913
Car -1 -1 -10 478.000000 176.000000 539.000000 203.000000 1.510363 1.501061 3.235350 -5.354900 2.037959 40.569455 0.841375 0.012629
Car -1 -1 -10 64.000000 175.000000 190.000000 222.000000 1.500601 1.581850 3.559053 -17.349909 1.291870 26.853897 -1.591226 0.011170
