Pedestrian -1 -1 -10 1023.000000 131.000000 1150.000000 337.000000 1.777948 0.467386 1.119545 4.173107 1.309741 6.220962 -2.409669 0.998672
Pedestrian -1 -1 -10 779.000000 150.000000 828.000000 298.000000 1.759386 0.589165 0.855930 2.408444 1.363113 8.655333 2.876568 0.993050
Pedestrian -1 -1 -10 225.000000 157.000000 274.000000 294.000000 1.765164 0.671278 0.741407 -4.818410 1.481221 9.692676 1.192817 0.992831
Pedestrian -1 -1 -10 27.000000 152.000000 167.000000 373.000000 1.721071 0.615501 1.025816 -3.849585 1.522714 5.203181 -3.033500 0.991878
Pedestrian -1 -1 -10 512.000000 161.000000 531.000000 218.000000 1.786793 0.638080 0.725080 -2.471232 1.101958 22.158979 1.095557 0.984907
Pedestrian -1 -1 -10 179.000000 159.000000 214.000000 274.000000 1.780445 0.565325 0.734486 -6.536668 1.590193 11.567846 2.575441 0.854156
Pedestrian -1 -1 -10 596.000000 157.000000 619.000000 219.000000 1.716491 0.598599 0.697062 0.141479 1.067348 22.622066 -1.992795 0.724409
Pedestrian -1 -1 -10 1154.000000 122.000000 1211.000000 253.000000 1.735597 0.580477 0.820109 7.801610 1.027917 9.714588 -1.847117 0.618698
Pedestrian -1 -1 -10 621.000000 159.000000 640.000000 220.000000 1.820593 0.648050 0.866306 0.825901 1.093598 21.748434 2.672072 0.308860
Pedestrian -1 -1 -10 124.000000 158.000000 154.000000 249.000000 1.758535 0.638084 0.756033 -9.674497 1.242218 15.005011 0.983993 0.207104
Pedestrian -1 -1 -10 63.000000 180.000000 140.000000 333.000000 1.810892 0.668617 0.986882 -5.277484 1.705170 7.632583 -3.705518 0.128135
Pedestrian -1 -1 -10 743.000000 175.000000 773.000000 248.000000 1.657372 0.610553 0.662258 2.951486 1.499400 13.777826 3.277977 0.122626
Pedestrian -1 -1 -10 355.000000 159.000000 375.000000 225.000000 1.677117 0.522768 0.590175 -6.298457 1.112516 19.078298 -1.785024 0.071579
Pedestrian -1 -1 -10 81.000000 175.000000 127.000000 290.000000 1.687498 0.578979 0.785485 -9.803113 1.104493 14.008074 -1.686615 0.070398
Pedestrian -1 -1 -10 718.000000 174.000000 737.000000 222.000000 1.729137 0.630017 0.713217 3.911583 1.064281 21.697391 -1.913295 0.058068
Car -1 -1 -10 356.000000 149.000000 483.000000 243.000000 1.889324 1.742190 4.077608 -4.298133 1.201321 17.430019 1.525967 0.979638
Car -1 -1 -10 430.000000 155.000000 514.000000 217.000000 1.810472 1.681000 4.242915 -4.102638 0.990732 24.663608 1.561044 0.400671
Cyclist -1 -1 -10 596.000000 158.000000 618.000000 219.000000 1.727163 0.469875 1.641704 0.056472 1.122582 22.746820 0.977149 0.053754
Cyclist -1 -1 -10 176.000000 157.000000 215.000000 275.000000 1.759918 0.644524 1.727564 -6.644438 1.537847 11.666644 2.508079 0.017275
