Pedestrian -1 -1 -10 334.000000 180.000000 347.000000 213.000000 1.773148 0.638134 0.859419 -15.612622 1.916371 41.642335 -2.472278 0.062333
Pedestrian -1 -1 -10 435.000000 173.000000 462.000000 223.000000 1.675200 0.652221 0.823737 -5.535769 1.413725 24.372789 -1.335968 0.031300
Pedestrian -1 -1 -10 536.000000 166.000000 549.000000 202.000000 1.782011 0.633877 0.618765 -3.511468 0.921097 38.467984 -2.118532 0.029376
Pedestrian -1 -1 -10 477.000000 169.000000 486.000000 202.000000 1.754137 0.459448 0.680188 -2.489364 1.403524 14.247717 -0.068809 0.021689
Car -1 -1 -10 501.000000 175.000000 546.000000 209.000000 1.474263 1.631807 3.685321 -3.764559 1.254749 32.522792 -1.581547 0.999394
Car -1 -1 -10 1050.000000 134.000000 1224.000000 198.000000 1.605586 1.620839 4.003435 14.726713 0.385148 18.680202 -1.569322 0.966041
Car -1 -1 -10 919.000000 150.000000 985.000000 175.000000 1.489653 1.639309 3.641619 3.781922 0.786682 7.375226 0.344636 0.023767
Car -1 -1 -10 494.000000 176.000000 527.000000 203.000000 1.431404 1.524477 3.717610 -6.045608 1.819218 44.115689 1.418031 0.014334
Cyclist -1 -1 -10 625.000000 163.000000 660.000000 197.000000 1.710694 0.680575 1.766195 1.963805 0.820158 40.402653 -0.049324 0.995113
Cyclist -1 -1 -10 685.000000 161.000000 720.000000 194.000000 1.735297 0.683608 1.809708 5.018409 0.780800 37.192538 0.236944 0.989948
Cyclist -1 -1 -10 360.000000 176.000000 386.000000 219.000000 1.739484 0.438327 1.758945 -10.415322 1.740513 31.349467 -1.538457 0.949438
Cyclist -1 -1 -10 435.000000 173.000000 461.000000 223.000000 1.737687 0.543528 1.734005 -5.656875 1.321435 24.552335 -1.915192 0.169429
