Pedestrian -1 -1 -10 751.000000 162.000000 791.000000 270.000000 1.706799 0.605925 0.777990 2.489143 1.393225 10.836857 1.217583 0.982723
Pedestrian -1 -1 -10 456.000000 166.000000 474.000000 241.000000 1.801778 0.690947 0.813410 -4.658764 1.283322 24.367726 1.543509 0.662960
Pedestrian -1 -1 -10 472.000000 171.000000 490.000000 234.000000 1.745351 0.638019 0.707286 -5.468814 1.546396 32.166633 -1.276408 0.557044
Pedestrian -1 -1 -10 459.000000 169.000000 498.000000 237.000000 1.826780 0.786026 0.704734 -5.269275 2.015339 31.562207 -1.454863 0.150319
Pedestrian -1 -1 -10 509.000000 170.000000 525.000000 212.000000 1.736456 0.606393 0.793446 -3.747560 1.268426 31.775228 1.812054 0.118267
Pedestrian -1 -1 -10 442.000000 171.000000 484.000000 239.000000 1.806807 0.682963 0.654166 -4.628821 1.430029 24.262831 1.886758 0.051762
Pedestrian -1 -1 -10 389.000000 168.000000 408.000000 249.000000 1.780541 0.498482 0.624758 -7.082160 1.162652 24.940478 2.731655 0.033280
Pedestrian -1 -1 -10 568.000000 170.000000 580.000000 202.000000 1.816533 0.675150 0.534043 -1.688213 1.074933 41.691730 -1.600639 0.031320
Pedestrian -1 -1 -10 585.000000 169.000000 594.000000 202.000000 1.850811 0.666372 0.685994 -0.690226 1.068665 41.982845 -1.579689 0.025140
Pedestrian -1 -1 -10 408.000000 175.000000 424.000000 240.000000 1.765647 0.603236 0.519052 -5.809540 1.500612 22.464671 2.374878 0.014749
Car -1 -1 -10 247.000000 184.000000 527.000000 374.000000 1.506961 1.636741 4.081374 -1.878032 1.552665 7.493876 1.589510 0.997594
Car -1 -1 -10 1179.000000 223.000000 1234.000000 371.000000 1.498092 1.563653 3.727305 3.720553 1.497660 2.346195 -1.479123 0.042324
Car -1 -1 -10 353.000000 186.000000 438.000000 236.000000 1.493754 1.505987 3.690919 -7.599277 1.735208 25.561511 1.865285 0.014913
Cyclist -1 -1 -10 450.000000 173.000000 503.000000 233.000000 1.672240 0.597343 1.626937 -5.416280 1.765230 31.719783 1.242778 0.382038
Cyclist -1 -1 -10 470.000000 173.000000 495.000000 232.000000 1.668672 0.621650 1.627107 -5.595115 1.659073 31.905722 -1.092191 0.148488
Cyclist -1 -1 -10 437.000000 169.000000 476.000000 241.000000 1.758469 0.681637 1.639872 -4.646902 1.043947 24.823301 0.862737 0.084117
Cyclist -1 -1 -10 462.000000 168.000000 478.000000 246.000000 1.713592 0.704421 1.664418 -4.930274 0.972618 24.693935 -3.297356 0.053473
Cyclist -1 -1 -10 787.000000 177.000000 823.000000 238.000000 1.605034 0.521044 1.660873 4.252355 1.365091 14.761292 1.382478 0.044798
Cyclist -1 -1 -10 748.000000 160.000000 792.000000 271.000000 1.695816 0.589892 1.653715 2.513559 1.391540 10.880905 0.749964 0.034561
Cyclist -1 -1 -10 479.000000 180.000000 504.000000 232.000000 1.718141 0.668523 1.783469 -5.725265 1.461203 34.779200 2.941161 0.023008
Cyclist -1 -1 -10 376.000000 173.000000 430.000000 241.000000 1.702295 0.630709 1.840697 -6.841201 1.118353 24.584863 2.403354 0.022168
Cyclist -1 -1 -10 408.000000 175.000000 424.000000 240.000000 1.717220 0.729264 1.738017 -5.945015 1.241671 22.765484 2.811474 0.015059
