Car -1 -1 -10 579.000000 177.000000 616.000000 211.000000 1.555248 1.660440 4.037074 -0.491659 1.107317 36.293230 -1.597440 0.999782
Car -1 -1 -10 405.000000 186.000000 511.000000 255.000000 1.449800 1.630139 4.008276 -3.372338 1.483248 16.480192 -1.575375 0.999501
Car -1 -1 -10 272.000000 186.000000 383.000000 244.000000 1.431858 1.583531 3.883408 -7.538557 1.459201 19.621140 -1.575550 0.998339
Car -1 -1 -10 2.000000 195.000000 280.000000 373.000000 1.522525 1.633549 3.870548 -3.591019 1.630153 4.393831 -1.574232 0.983827
Car -1 -1 -10 382.000000 178.000000 433.000000 219.000000 1.513241 1.643542 3.820017 -7.789379 1.287994 29.061010 -1.609026 0.979329
Car -1 -1 -10 240.000000 183.000000 316.000000 223.000000 1.457655 1.610279 3.987907 -12.636230 1.452886 27.711709 -1.451457 0.959857
Car -1 -1 -10 473.000000 182.000000 523.000000 215.000000 1.453224 1.587771 3.879520 -4.792045 1.261607 31.753135 -1.596305 0.953128
Car -1 -1 -10 -6.000000 185.000000 180.000000 263.000000 1.540974 1.663259 4.061139 -12.329541 1.562255 17.032523 -1.567030 0.870051
Car -1 -1 -10 310.000000 178.000000 368.000000 204.000000 1.499985 1.531176 3.635294 -15.877586 0.884895 42.483727 1.690651 0.756381
Cyclist -1 -1 -10 -3.000000 186.000000 173.000000 261.000000 1.755466 0.638501 1.843695 -11.668542 1.611735 16.760910 1.512105 0.015012
