Pedestrian -1 -1 -10 654.000000 171.000000 675.000000 236.000000 1.740861 0.630152 0.780907 1.754631 1.455477 20.173560 -1.630085 0.987102
Pedestrian -1 -1 -10 675.000000 170.000000 700.000000 235.000000 1.792858 0.663552 0.897620 2.381936 1.485350 20.373253 -1.533864 0.957244
Pedestrian -1 -1 -10 484.000000 168.000000 507.000000 233.000000 1.744376 0.718907 0.948343 -2.923623 1.349990 19.497882 -1.642567 0.933484
Pedestrian -1 -1 -10 865.000000 190.000000 902.000000 306.000000 1.716654 0.635444 0.646278 4.046869 1.718792 10.737295 0.960467 0.278519
Pedestrian -1 -1 -10 936.000000 186.000000 998.000000 321.000000 1.755962 0.637442 0.723411 3.431319 1.636500 6.696282 3.080198 0.236645
Pedestrian -1 -1 -10 886.000000 204.000000 925.000000 323.000000 1.716923 0.616110 0.634678 4.195418 1.809338 9.877051 -0.650186 0.223655
Pedestrian -1 -1 -10 441.000000 171.000000 452.000000 205.000000 1.771026 0.616088 0.543437 -6.374618 1.198502 29.776732 -1.914022 0.088847
Pedestrian -1 -1 -10 561.000000 173.000000 573.000000 208.000000 1.780691 0.627667 0.907601 -1.743205 1.299076 36.157767 -2.132322 0.086139
Pedestrian -1 -1 -10 580.000000 172.000000 592.000000 204.000000 1.787085 0.639186 0.857355 -0.862710 1.239159 42.166966 -0.057690 0.057905
Pedestrian -1 -1 -10 843.000000 190.000000 937.000000 308.000000 1.719162 0.618652 0.683485 3.280046 1.727750 8.700224 -1.760061 0.057195
Pedestrian -1 -1 -10 886.000000 201.000000 1004.000000 365.000000 1.724727 0.683484 0.746147 2.441043 1.854312 5.286039 0.237577 0.042015
Pedestrian -1 -1 -10 1187.000000 212.000000 1237.000000 363.000000 1.735465 0.539756 0.598430 9.259989 1.718011 11.143190 3.261355 0.025330
Cyclist -1 -1 -10 863.000000 195.000000 917.000000 311.000000 1.694230 0.721567 1.706195 4.106908 1.501733 10.708832 0.315370 0.209550
Cyclist -1 -1 -10 854.000000 189.000000 896.000000 301.000000 1.673296 0.741713 1.727906 3.987505 1.504569 10.697385 1.348281 0.034817
Cyclist -1 -1 -10 484.000000 168.000000 507.000000 234.000000 1.796989 0.606158 1.708561 -2.944607 1.357639 19.702798 -1.755520 0.028903
Cyclist -1 -1 -10 886.000000 204.000000 925.000000 323.000000 1.681728 0.528780 1.597074 4.166304 1.570632 10.050770 -1.120991 0.027630
Cyclist -1 -1 -10 930.000000 182.000000 1001.000000 342.000000 1.627646 0.687324 1.676459 2.720696 1.497018 5.413885 3.082285 0.018826
Cyclist -1 -1 -10 860.000000 192.000000 986.000000 325.000000 1.702827 0.760864 1.657484 2.475207 1.725710 5.166278 0.354760 0.013016
Cyclist -1 -1 -10 1203.000000 186.000000 1237.000000 360.000000 1.709192 0.675956 1.774719 5.439202 1.705755 6.176008 -0.889306 0.013005
