Pedestrian -1 -1 -10 776.000000 166.000000 821.000000 296.000000 1.769604 0.616416 1.019703 2.751582 1.602922 10.219347 -2.342502 0.999232
Pedestrian -1 -1 -10 1004.000000 152.000000 1098.000000 322.000000 1.773455 0.524004 1.030816 4.989629 1.518515 8.042566 -2.563089 0.996624
Pedestrian -1 -1 -10 499.000000 179.000000 516.000000 231.000000 1.807533 0.674437 0.709377 -3.395368 1.735603 25.838160 1.349336 0.948538
Pedestrian -1 -1 -10 254.000000 172.000000 302.000000 344.000000 1.691082 0.567791 0.757928 -3.247292 1.523579 7.179932 -0.083088 0.896147
Pedestrian -1 -1 -10 329.000000 183.000000 357.000000 265.000000 1.685056 0.596320 0.584817 -5.795874 1.754087 15.994153 -2.613971 0.756546
Pedestrian -1 -1 -10 990.000000 158.000000 1036.000000 265.000000 1.771883 0.646663 0.722763 7.233082 1.364564 12.850255 -1.622288 0.537032
Pedestrian -1 -1 -10 580.000000 180.000000 601.000000 237.000000 1.721826 0.616458 0.802042 -0.403381 1.733700 23.755836 -1.977330 0.528493
Pedestrian -1 -1 -10 606.000000 178.000000 625.000000 234.000000 1.808722 0.671812 0.931906 0.407002 1.698867 23.899791 1.555838 0.356459
Pedestrian -1 -1 -10 269.000000 181.000000 317.000000 319.000000 1.724752 0.634799 0.768158 -3.509862 1.346543 7.536882 -1.478060 0.296491
Pedestrian -1 -1 -10 300.000000 181.000000 333.000000 266.000000 1.806856 0.588912 0.953328 -5.657824 1.784021 14.262894 -3.048801 0.279354
Pedestrian -1 -1 -10 701.000000 195.000000 727.000000 255.000000 1.695845 0.554376 0.710513 2.515298 1.629836 16.423939 -0.775254 0.185204
Pedestrian -1 -1 -10 290.000000 179.000000 317.000000 271.000000 1.751950 0.671137 0.800963 -5.835011 1.636385 13.720799 1.644807 0.088862
Pedestrian -1 -1 -10 734.000000 196.000000 759.000000 250.000000 1.797712 0.654646 0.779421 3.876198 1.989267 19.732241 2.772862 0.036491
Pedestrian -1 -1 -10 791.000000 175.000000 814.000000 243.000000 1.734098 0.540760 0.593521 3.207369 1.737805 11.979801 2.828569 0.027368
Pedestrian -1 -1 -10 217.000000 165.000000 335.000000 358.000000 1.755997 0.667025 0.751065 -3.124034 1.648052 7.162323 -2.490499 0.023010
Car -1 -1 -10 362.000000 171.000000 469.000000 251.000000 1.862694 1.773636 4.156917 -5.017569 1.597974 19.632791 1.532000 0.983025
Car -1 -1 -10 -6.000000 160.000000 318.000000 367.000000 1.553517 1.634116 3.913934 -2.652101 1.442223 2.531894 1.569105 0.753925
Car -1 -1 -10 421.000000 175.000000 497.000000 235.000000 1.825230 1.648025 4.084421 -4.973143 1.734038 26.379575 1.496724 0.597571
Car -1 -1 -10 232.000000 176.000000 328.000000 353.000000 1.638616 1.612696 3.568952 -4.443523 1.608297 7.656246 -1.944249 0.034612
Cyclist -1 -1 -10 249.000000 172.000000 318.000000 354.000000 1.748964 0.595033 1.758059 -3.472808 1.598232 7.119220 0.147145 0.213636
Cyclist -1 -1 -10 299.000000 180.000000 331.000000 270.000000 1.747182 0.475559 1.702086 -5.690238 1.638600 14.162480 -1.615402 0.017441
Cyclist -1 -1 -10 276.000000 178.000000 320.000000 281.000000 1.773723 0.573744 1.744215 -5.798127 1.571087 13.725360 -1.964645 0.012577
Cyclist -1 -1 -10 498.000000 180.000000 517.000000 231.000000 1.769590 0.530498 1.762277 -3.547842 1.748260 25.840757 1.295979 0.012225
