Pedestrian -1 -1 -10 742.000000 159.000000 836.000000 372.000000 1.747603 0.597008 0.950668 1.478688 1.514650 6.005090 -2.371772 0.998063
Pedestrian -1 -1 -10 421.000000 164.000000 471.000000 295.000000 1.754853 0.578937 0.914633 -2.187922 1.536343 9.688499 -2.160226 0.997627
Pedestrian -1 -1 -10 537.000000 163.000000 599.000000 318.000000 1.774119 0.603304 0.955483 -0.509661 1.541517 8.053909 -2.605671 0.994002
Pedestrian -1 -1 -10 639.000000 160.000000 681.000000 283.000000 1.705061 0.566783 0.867126 0.746394 1.379652 10.424131 -2.491397 0.993852
Pedestrian -1 -1 -10 505.000000 160.000000 546.000000 270.000000 1.760191 0.595228 0.948616 -1.306093 1.390844 11.810328 -2.248385 0.986579
Pedestrian -1 -1 -10 704.000000 157.000000 759.000000 332.000000 1.780541 0.607449 0.911940 1.299809 1.550959 7.508616 -2.384726 0.984458
Pedestrian -1 -1 -10 592.000000 166.000000 637.000000 289.000000 1.659365 0.496718 0.776152 0.128797 1.435331 10.329626 -1.670232 0.960352
Pedestrian -1 -1 -10 313.000000 157.000000 365.000000 268.000000 1.763661 0.645338 0.616460 -5.190489 1.191250 14.081379 -2.076531 0.634687
Pedestrian -1 -1 -10 441.000000 170.000000 478.000000 271.000000 1.734124 0.575190 0.572221 -2.545002 1.474001 13.298940 -2.247349 0.190011
Pedestrian -1 -1 -10 725.000000 161.000000 792.000000 355.000000 1.834193 0.681660 1.088190 1.423581 1.533350 6.055737 -2.386705 0.180594
Pedestrian -1 -1 -10 424.000000 170.000000 506.000000 260.000000 1.774297 0.599785 0.650200 -2.622643 1.424759 13.416440 2.413330 0.055159
Pedestrian -1 -1 -10 525.000000 158.000000 565.000000 282.000000 1.701456 0.600572 0.670280 -1.100036 1.527466 11.787602 -1.692490 0.052014
Pedestrian -1 -1 -10 554.000000 164.000000 591.000000 236.000000 1.719906 0.599706 0.641275 -0.566581 0.724805 13.198011 -2.162945 0.050662
Pedestrian -1 -1 -10 682.000000 159.000000 700.000000 207.000000 1.753723 0.530143 0.597122 3.596499 0.881119 28.629232 2.200177 0.049570
Pedestrian -1 -1 -10 440.000000 165.000000 460.000000 216.000000 1.750470 0.654399 0.680285 -4.716740 0.892423 22.469967 -1.149308 0.047173
Car -1 -1 -10 447.000000 171.000000 520.000000 238.000000 1.540864 1.589028 3.916604 -2.963653 1.333843 18.590063 1.553345 0.625902
Car -1 -1 -10 416.000000 174.000000 486.000000 266.000000 1.495943 1.574268 3.819082 -2.397853 1.059755 14.871617 2.446663 0.070041
Cyclist -1 -1 -10 424.000000 166.000000 478.000000 289.000000 1.748511 0.670046 1.762304 -2.281203 1.418448 9.904951 -2.721400 0.076226
Cyclist -1 -1 -10 448.000000 171.000000 520.000000 239.000000 1.686916 0.654464 1.756803 -2.854620 1.392694 17.483172 1.321932 0.027853
Cyclist -1 -1 -10 553.000000 163.000000 593.000000 294.000000 1.692597 0.527372 1.600457 -0.416046 0.731030 9.342722 -1.576548 0.020579
Cyclist -1 -1 -10 436.000000 174.000000 479.000000 246.000000 1.712978 0.531420 1.608745 -3.021911 1.702419 16.635290 -1.765831 0.016155
Cyclist -1 -1 -10 440.000000 170.000000 465.000000 225.000000 1.708281 0.591834 1.673785 -4.887135 0.961478 22.636272 -1.708890 0.013978
