Pedestrian -1 -1 -10 16.000000 162.000000 57.000000 262.000000 1.779873 0.715933 0.796767 -12.161273 1.512211 15.206607 1.876576 0.281875
Car -1 -1 -10 665.000000 175.000000 749.000000 243.000000 1.717559 1.696081 4.119495 2.644973 1.890655 20.831168 -1.614188 0.997210
Car -1 -1 -10 295.000000 183.000000 456.000000 245.000000 1.472374 1.564121 4.102002 -5.949973 1.852632 19.294104 0.093416 0.987994
Car -1 -1 -10 337.000000 175.000000 483.000000 230.000000 1.460007 1.605574 3.914212 -6.242477 1.590067 22.883895 1.378720 0.982744
Car -1 -1 -10 183.000000 184.000000 414.000000 264.000000 1.462672 1.596647 3.759058 -6.643565 1.809270 15.404570 -3.147649 0.966995
Car -1 -1 -10 652.000000 182.000000 696.000000 221.000000 1.450676 1.579996 3.808598 2.549301 1.814471 31.870383 -1.609448 0.794934
Car -1 -1 -10 634.000000 181.000000 665.000000 206.000000 1.532140 1.586279 3.863983 2.341739 1.976238 43.739970 1.490327 0.649676
Car -1 -1 -10 395.000000 176.000000 512.000000 217.000000 1.704825 1.645288 4.079221 -6.322253 1.783127 29.466878 -3.117660 0.223484
Car -1 -1 -10 459.000000 178.000000 537.000000 207.000000 1.492453 1.627545 3.733552 -5.978796 2.035664 42.945961 1.472480 0.136745
Car -1 -1 -10 905.000000 258.000000 1170.000000 373.000000 1.476282 1.589138 3.802800 3.484049 1.764706 6.228954 -2.060582 0.012857
Cyclist -1 -1 -10 990.000000 277.000000 1174.000000 371.000000 1.667325 0.686543 1.632428 3.185386 2.126767 4.810832 0.602812 0.123793
Cyclist -1 -1 -10 11.000000 164.000000 60.000000 264.000000 1.737944 0.629659 1.653165 -11.994722 1.415699 15.172347 1.977644 0.064149
Cyclist -1 -1 -10 876.000000 229.000000 1157.000000 368.000000 1.742024 0.648975 1.710701 2.868777 1.872377 5.597922 1.086263 0.044418
