Pedestrian -1 -1 -10 730.000000 165.000000 777.000000 277.000000 1.698994 0.686928 0.979981 2.214882 1.501088 10.837899 1.801841 0.982015
Pedestrian -1 -1 -10 432.000000 172.000000 451.000000 230.000000 1.794602 0.668168 0.845491 -5.097380 1.555422 22.694996 1.522600 0.650445
Pedestrian -1 -1 -10 287.000000 177.000000 326.000000 258.000000 1.677267 0.718206 0.868573 -6.314820 1.472156 15.421733 1.180595 0.585971
Pedestrian -1 -1 -10 1148.000000 137.000000 1235.000000 378.000000 1.741682 0.533543 0.791782 3.377181 1.757622 3.810786 3.189599 0.576447
Pedestrian -1 -1 -10 395.000000 176.000000 418.000000 263.000000 1.741328 0.561127 0.458087 -6.204269 1.557943 22.502963 2.370107 0.501045
Pedestrian -1 -1 -10 337.000000 157.000000 360.000000 266.000000 1.706619 0.602156 0.804438 -4.608956 1.102916 12.884806 -2.987108 0.446570
Pedestrian -1 -1 -10 361.000000 174.000000 393.000000 271.000000 1.753285 0.692626 0.710376 -4.940614 1.549179 15.148684 -1.859110 0.263731
Pedestrian -1 -1 -10 319.000000 180.000000 428.000000 284.000000 1.755198 0.677233 0.722849 -4.692484 1.710171 14.660533 -1.983387 0.094083
Pedestrian -1 -1 -10 365.000000 167.000000 386.000000 243.000000 1.726550 0.551070 0.991999 -4.902462 1.141504 15.230694 1.669385 0.080190
Pedestrian -1 -1 -10 365.000000 184.000000 422.000000 270.000000 1.838100 0.577115 0.766938 -6.884726 1.454170 23.041230 -1.413389 0.058736
Pedestrian -1 -1 -10 559.000000 174.000000 571.000000 206.000000 1.849521 0.714210 0.735390 -2.150953 1.343359 42.087886 -1.791487 0.040337
Pedestrian -1 -1 -10 279.000000 179.000000 363.000000 275.000000 1.723890 0.665146 0.771054 -6.316983 1.538978 15.581789 -1.636047 0.033233
Pedestrian -1 -1 -10 356.000000 168.000000 374.000000 272.000000 1.719448 0.629273 0.796688 -4.496285 1.145193 13.252488 -1.413254 0.028116
Pedestrian -1 -1 -10 574.000000 174.000000 585.000000 205.000000 1.834088 0.722748 0.727461 -1.201568 1.336852 42.121543 -1.560072 0.018415
Car -1 -1 -10 -9.000000 197.000000 476.000000 374.000000 1.590165 1.549183 3.675812 -2.556583 1.750823 4.977820 1.624854 0.957346
Car -1 -1 -10 277.000000 188.000000 454.000000 323.000000 1.517635 1.545255 3.584609 -2.645906 1.669366 6.545616 1.886710 0.023175
Car -1 -1 -10 4.000000 209.000000 227.000000 319.000000 1.520076 1.472777 3.153110 -5.160783 1.602559 8.280462 0.471984 0.012557
Cyclist -1 -1 -10 345.000000 186.000000 432.000000 266.000000 1.679720 0.646260 1.681452 -7.327666 1.507214 24.501866 -0.237208 0.802346
Cyclist -1 -1 -10 275.000000 180.000000 339.000000 267.000000 1.717704 0.644976 1.741839 -6.496608 1.511200 15.680346 -2.972624 0.779658
Cyclist -1 -1 -10 390.000000 178.000000 422.000000 263.000000 1.743617 0.635365 1.746838 -6.396250 1.566871 22.759592 1.854310 0.564803
Cyclist -1 -1 -10 297.000000 181.000000 404.000000 284.000000 1.710050 0.440836 1.463190 -5.751836 1.206680 17.052045 -1.191209 0.355882
Cyclist -1 -1 -10 503.000000 174.000000 522.000000 216.000000 1.732042 0.620183 1.676863 -4.070552 1.432087 31.946075 -1.641502 0.237854
Cyclist -1 -1 -10 358.000000 179.000000 396.000000 277.000000 1.740956 0.774768 1.728682 -4.873787 1.459368 16.140886 -1.185053 0.200764
Cyclist -1 -1 -10 1145.000000 133.000000 1234.000000 373.000000 1.764667 0.781958 1.794260 3.711629 1.682022 4.003786 3.759052 0.129116
Cyclist -1 -1 -10 290.000000 170.000000 320.000000 263.000000 1.714628 0.789918 1.727322 -6.440498 1.261042 15.648644 2.718466 0.089661
Cyclist -1 -1 -10 319.000000 181.000000 351.000000 275.000000 1.721028 0.380258 1.127081 -8.214681 1.778064 21.954250 -1.944351 0.089316
Cyclist -1 -1 -10 334.000000 160.000000 362.000000 279.000000 1.697207 0.526259 1.724640 -4.638888 1.055881 13.050648 -1.845292 0.075234
Cyclist -1 -1 -10 407.000000 175.000000 442.000000 261.000000 1.731640 0.692497 1.806877 -5.324296 1.165107 22.509241 -0.174920 0.073944
Cyclist -1 -1 -10 430.000000 172.000000 452.000000 236.000000 1.800870 0.668310 1.766376 -5.271758 1.546355 22.993993 1.314817 0.035997
Cyclist -1 -1 -10 356.000000 168.000000 374.000000 272.000000 1.694801 0.505503 1.594238 -4.530984 1.078006 13.642695 -1.907380 0.028641
Cyclist -1 -1 -10 92.000000 201.000000 466.000000 371.000000 1.679405 0.671404 1.749076 -1.650906 1.664819 4.230261 1.745766 0.016820
Cyclist -1 -1 -10 463.000000 177.000000 487.000000 214.000000 1.742311 0.705649 1.719803 -6.157040 1.441820 34.314945 -1.817648 0.012741
Cyclist -1 -1 -10 277.000000 188.000000 454.000000 323.000000 1.735273 0.537583 1.709536 -1.869897 1.046994 4.764129 -1.312818 0.010637
