Pedestrian -1 -1 -10 144.000000 185.000000 187.000000 288.000000 1.768564 0.621201 0.744234 -6.354025 1.867279 10.229666 -1.681115 0.922973
Car -1 -1 -10 783.000000 179.000000 1185.000000 376.000000 1.509859 1.589156 3.699517 2.950879 1.599078 6.501042 -1.582303 0.999229
Car -1 -1 -10 129.000000 177.000000 398.000000 349.000000 1.651711 1.606246 3.856859 -4.315244 1.825252 9.488369 1.595168 0.997438
Car -1 -1 -10 717.000000 170.000000 889.000000 274.000000 1.534098 1.637128 3.913364 3.128316 1.496648 12.690810 -1.621401 0.996362
Car -1 -1 -10 493.000000 179.000000 529.000000 204.000000 1.474549 1.584488 3.704803 -6.062640 1.862703 44.533100 -1.755000 0.863721
Car -1 -1 -10 -1.000000 186.000000 165.000000 374.000000 1.549143 1.603801 3.627389 -4.510816 1.650609 4.400902 1.567613 0.575166
Car -1 -1 -10 630.000000 173.000000 670.000000 201.000000 1.602808 1.632727 3.946024 2.051108 1.536912 42.291618 1.496890 0.227946
Car -1 -1 -10 654.000000 172.000000 706.000000 212.000000 1.546368 1.577027 3.695407 2.683697 1.463881 27.381454 -1.620155 0.220734
Car -1 -1 -10 -1.000000 186.000000 132.000000 292.000000 1.534206 1.645897 3.907452 -8.191958 1.265149 8.834148 1.790909 0.014140
Cyclist -1 -1 -10 142.000000 183.000000 190.000000 289.000000 1.704387 0.537001 1.696617 -6.269189 1.666879 10.441217 -2.547001 0.019419
Cyclist -1 -1 -10 -5.000000 187.000000 177.000000 369.000000 1.709797 0.497023 1.741179 -4.011590 1.652555 5.171116 -1.736896 0.015861
