Pedestrian -1 -1 -10 661.000000 168.000000 671.000000 200.000000 1.723222 0.604020 0.622755 3.498573 1.356473 51.560642 1.662393 0.045368
Car -1 -1 -10 563.000000 171.000000 646.000000 241.000000 1.561459 1.665132 3.770638 -0.041492 1.576246 18.503740 -1.490544 0.999006
Car -1 -1 -10 781.000000 169.000000 897.000000 244.000000 1.550339 1.648767 3.976844 5.094545 1.448142 16.696009 -1.522697 0.998857
Car -1 -1 -10 1.000000 195.000000 211.000000 325.000000 1.492815 1.573221 3.586195 -7.336129 1.793625 9.510392 -2.881355 0.997600
Car -1 -1 -10 923.000000 169.000000 1237.000000 377.000000 1.543312 1.641724 3.898881 3.293524 1.591861 4.145596 -1.436513 0.959533
Car -1 -1 -10 747.000000 164.000000 793.000000 206.000000 1.863989 1.725254 4.038161 7.289839 1.542771 33.291857 -1.477374 0.947771
Car -1 -1 -10 762.000000 169.000000 837.000000 226.000000 1.471056 1.572218 3.843580 5.743946 1.491415 22.731031 -1.437555 0.934719
Car -1 -1 -10 628.000000 175.000000 666.000000 210.000000 1.501479 1.585359 3.666261 1.645174 1.574851 31.895080 -1.437318 0.884778
Car -1 -1 -10 734.000000 165.000000 771.000000 198.000000 1.687603 1.689875 3.912264 9.048604 1.270217 43.697489 -1.368612 0.394131
Car -1 -1 -10 590.000000 167.000000 644.000000 220.000000 1.499998 1.604125 3.906648 0.085625 1.497840 23.508307 -1.581803 0.149942
