Pedestrian -1 -1 -10 153.000000 169.000000 196.000000 223.000000 1.829363 0.715249 0.726513 -10.798257 1.526128 17.946634 -1.848936 0.011736
Car -1 -1 -10 56.000000 175.000000 379.000000 273.000000 1.562389 1.697994 4.231376 -6.596445 1.581235 12.343463 -3.172001 0.998043
Car -1 -1 -10 404.000000 172.000000 491.000000 210.000000 1.538412 1.660829 4.000461 -7.405065 1.564599 33.210245 -2.867225 0.859759
Car -1 -1 -10 277.000000 169.000000 465.000000 244.000000 1.669557 1.725652 4.064597 -6.071760 1.563424 17.449899 -3.301936 0.849767
Car -1 -1 -10 454.000000 175.000000 524.000000 206.000000 1.576523 1.615987 3.987664 -6.422564 1.770134 35.715814 -0.087764 0.799187
Car -1 -1 -10 672.000000 126.000000 829.000000 250.000000 2.239144 1.832191 4.486263 2.945374 1.607617 15.839088 -1.597764 0.491233
Car -1 -1 -10 1030.000000 165.000000 1239.000000 374.000000 1.567003 1.667147 4.150903 6.498277 1.659031 6.420426 3.104592 0.434664
Car -1 -1 -10 669.000000 169.000000 759.000000 234.000000 1.466670 1.565909 3.701257 2.775748 1.706507 23.236577 -1.579642 0.319247
Car -1 -1 -10 338.000000 173.000000 468.000000 218.000000 1.588157 1.595748 3.846954 -5.743723 1.504649 19.001991 -0.954106 0.041052
Car -1 -1 -10 637.000000 171.000000 684.000000 206.000000 1.647620 1.551152 3.503656 2.405585 1.496313 35.579992 1.507862 0.023388
