Car -1 -1 -10 694.000000 187.000000 796.000000 256.000000 1.457819 1.580444 3.532944 3.009192 1.798428 16.947801 -1.610861 0.997361
Car -1 -1 -10 -6.000000 183.000000 356.000000 293.000000 1.491287 1.541931 3.740925 -6.084885 1.620606 11.597643 -3.136205 0.995716
Car -1 -1 -10 229.000000 175.000000 429.000000 260.000000 1.528853 1.558173 3.828285 -5.828910 1.702130 16.264346 0.052050 0.989891
Car -1 -1 -10 311.000000 175.000000 470.000000 233.000000 1.562428 1.616384 3.892440 -6.511939 1.669765 21.584179 -3.242926 0.980388
Car -1 -1 -10 913.000000 182.000000 1238.000000 373.000000 1.546016 1.619157 3.796330 3.130347 1.623572 3.511145 -1.576269 0.966418
Car -1 -1 -10 4.000000 186.000000 205.000000 343.000000 1.601512 1.656674 3.975207 -6.852218 1.647858 7.508770 -3.139161 0.965692
Car -1 -1 -10 754.000000 185.000000 871.000000 228.000000 1.486408 1.641383 3.910120 6.926615 1.906866 24.436506 0.042157 0.953871
Car -1 -1 -10 383.000000 174.000000 504.000000 221.000000 1.577668 1.568909 3.747826 -5.030050 2.056824 26.204500 0.863743 0.805201
Car -1 -1 -10 466.000000 177.000000 534.000000 204.000000 1.522155 1.634653 3.833170 -6.164405 1.454354 46.061754 -3.179002 0.770952
Car -1 -1 -10 691.000000 180.000000 822.000000 227.000000 1.553725 1.623968 3.911765 5.919399 1.819000 26.174749 3.294908 0.248213
