Pedestrian -1 -1 -10 817.000000 148.000000 826.000000 182.000000 1.731605 0.662516 0.977019 11.273645 0.795563 38.635226 -1.810126 0.010701
Car -1 -1 -10 759.000000 168.000000 1087.000000 366.000000 1.607893 1.632028 3.575509 2.900768 1.556512 7.459583 -1.736250 0.999564
Car -1 -1 -10 606.000000 163.000000 683.000000 215.000000 1.492491 1.574628 3.546445 0.934525 1.204618 22.178600 -1.752754 0.998843
Car -1 -1 -10 548.000000 156.000000 621.000000 188.000000 1.525224 1.599253 3.950706 -1.172120 0.677136 37.618522 2.473646 0.991722
Car -1 -1 -10 667.000000 157.000000 757.000000 190.000000 1.608328 1.688842 4.149153 4.956057 0.927510 34.744410 -2.399618 0.989491
Car -1 -1 -10 729.000000 157.000000 812.000000 186.000000 1.526676 1.645381 3.795329 8.273141 0.624505 36.724645 -0.712900 0.965159
Car -1 -1 -10 790.000000 157.000000 858.000000 185.000000 1.481730 1.598875 3.658750 11.917831 0.740591 39.789907 -0.714185 0.621561
Car -1 -1 -10 901.000000 160.000000 1016.000000 210.000000 1.664107 1.683440 4.221377 19.185991 0.620450 39.388217 -2.172775 0.076719
Car -1 -1 -10 652.000000 158.000000 698.000000 185.000000 1.533273 1.576411 3.522851 3.167742 1.157794 34.007072 2.166918 0.031819
Car -1 -1 -10 848.000000 160.000000 1065.000000 288.000000 1.453082 1.565010 3.448866 11.843045 1.806274 24.718924 2.911171 0.023356
Car -1 -1 -10 817.000000 154.000000 873.000000 194.000000 1.529624 1.620046 4.200990 13.605366 0.680009 41.806911 2.096131 0.020360
Car -1 -1 -10 903.000000 156.000000 972.000000 197.000000 1.481585 1.568298 3.530747 19.152917 1.335276 43.371923 0.402873 0.016946
Car -1 -1 -10 2.000000 173.000000 67.000000 376.000000 1.481065 1.567747 3.777974 -4.114877 1.502499 3.891081 -2.298248 0.012943
Car -1 -1 -10 844.000000 165.000000 986.000000 215.000000 1.523441 1.588324 4.010860 16.273570 1.285172 34.477483 -2.220596 0.011400
Cyclist -1 -1 -10 861.000000 161.000000 1036.000000 227.000000 1.690503 0.488217 1.547866 10.060032 1.641909 21.389080 -1.171924 0.109208
Cyclist -1 -1 -10 1.000000 181.000000 67.000000 376.000000 1.657940 0.544271 1.625534 -2.687592 1.609867 3.388368 -2.120140 0.101488
Cyclist -1 -1 -10 816.000000 156.000000 896.000000 204.000000 1.705654 0.703790 1.653240 13.835148 1.175042 41.060352 2.998891 0.080074
Cyclist -1 -1 -10 844.000000 164.000000 928.000000 213.000000 1.879451 0.769775 1.810716 11.949724 1.408773 30.085346 0.420034 0.026238
