Pedestrian -1 -1 -10 362.000000 155.000000 423.000000 315.000000 1.774196 0.675551 0.874674 -2.524040 1.510581 8.657193 1.780204 0.997407
Pedestrian -1 -1 -10 600.000000 167.000000 642.000000 289.000000 1.720850 0.540021 0.847247 0.233768 1.530367 10.245761 -0.668688 0.994732
Pedestrian -1 -1 -10 830.000000 128.000000 909.000000 362.000000 1.767925 0.705818 0.838067 1.973150 1.504081 5.763133 2.998639 0.993145
Pedestrian -1 -1 -10 947.000000 138.000000 1025.000000 330.000000 1.747023 0.624875 0.972650 3.542574 1.318412 6.733354 -1.560696 0.986703
Pedestrian -1 -1 -10 550.000000 168.000000 571.000000 226.000000 1.761908 0.635774 0.938648 -1.297309 1.285830 22.183775 -1.647456 0.970640
Pedestrian -1 -1 -10 516.000000 169.000000 539.000000 222.000000 1.695606 0.655720 0.659710 -2.452906 1.258947 23.867877 -3.209764 0.891981
Pedestrian -1 -1 -10 576.000000 170.000000 593.000000 221.000000 1.777553 0.648390 0.743523 -0.595974 1.291752 23.130633 -0.523208 0.481967
Pedestrian -1 -1 -10 584.000000 171.000000 601.000000 224.000000 1.792315 0.652959 0.721318 -0.280388 1.407462 22.347728 2.638969 0.442385
Pedestrian -1 -1 -10 596.000000 168.000000 618.000000 225.000000 1.800090 0.614764 0.708161 0.080118 1.306204 23.663469 -1.678497 0.158270
Pedestrian -1 -1 -10 781.000000 147.000000 959.000000 363.000000 1.719382 0.670829 1.071447 1.914284 1.521057 5.769977 2.941604 0.132174
Pedestrian -1 -1 -10 487.000000 166.000000 509.000000 219.000000 1.857459 0.685996 0.878283 -3.639164 1.300305 25.182980 1.366857 0.119308
Pedestrian -1 -1 -10 880.000000 149.000000 909.000000 230.000000 1.826719 0.730543 0.907735 5.350933 1.094490 13.119936 2.534389 0.085722
Pedestrian -1 -1 -10 464.000000 172.000000 494.000000 209.000000 1.757291 0.615335 0.567405 -4.306043 1.103110 25.314835 2.472107 0.046516
Pedestrian -1 -1 -10 473.000000 170.000000 504.000000 223.000000 1.675533 0.568943 0.558173 -3.964899 1.187914 25.108635 2.232940 0.039957
Pedestrian -1 -1 -10 455.000000 170.000000 475.000000 214.000000 1.789833 0.578122 0.496309 -7.693727 1.371926 40.610495 -1.739229 0.026431
Pedestrian -1 -1 -10 316.000000 190.000000 356.000000 271.000000 1.721421 0.512033 0.625712 -3.361976 2.036162 8.534513 -0.276735 0.026107
Pedestrian -1 -1 -10 267.000000 195.000000 310.000000 277.000000 1.740731 0.621691 0.720788 -5.570548 1.783462 13.218838 -1.306484 0.018984
Pedestrian -1 -1 -10 454.000000 173.000000 498.000000 230.000000 1.718055 0.679583 0.732697 -4.401782 1.327212 25.238329 -1.600746 0.017888
Pedestrian -1 -1 -10 624.000000 166.000000 642.000000 218.000000 1.802584 0.595657 0.615651 1.380113 1.217216 30.460391 2.703897 0.014526
Pedestrian -1 -1 -10 244.000000 198.000000 279.000000 270.000000 1.795378 0.629776 0.714835 -6.495935 1.833288 13.375301 -2.598295 0.011074
Cyclist -1 -1 -10 445.000000 170.000000 508.000000 294.000000 1.703892 0.591562 1.717360 -1.867796 1.541010 10.436758 1.606433 0.999309
Cyclist -1 -1 -10 473.000000 170.000000 504.000000 223.000000 1.694185 0.595388 1.717856 -3.969969 1.301323 25.430588 -2.745159 0.379399
Cyclist -1 -1 -10 3.000000 158.000000 166.000000 372.000000 1.709480 0.603771 1.749694 -3.262683 1.812917 4.756785 -2.767237 0.245628
Cyclist -1 -1 -10 487.000000 166.000000 509.000000 219.000000 1.799679 0.591034 1.770650 -3.702579 1.313863 25.377653 0.991632 0.241585
Cyclist -1 -1 -10 806.000000 140.000000 951.000000 369.000000 1.750193 0.576669 1.827446 1.902106 1.469652 5.791015 1.428369 0.133835
Cyclist -1 -1 -10 455.000000 170.000000 475.000000 214.000000 1.698546 0.544635 1.648550 -7.923147 1.156857 40.794423 -1.666925 0.133747
Cyclist -1 -1 -10 454.000000 173.000000 498.000000 230.000000 1.669156 0.555580 1.631535 -4.408535 0.973668 25.274322 -1.703312 0.112390
Cyclist -1 -1 -10 516.000000 169.000000 540.000000 223.000000 1.703262 0.620704 1.690519 -2.617935 1.240978 24.085402 -1.722543 0.105762
Cyclist -1 -1 -10 464.000000 172.000000 494.000000 209.000000 1.689915 0.537277 1.355735 -5.867543 1.135249 36.312546 -1.702562 0.105414
Cyclist -1 -1 -10 874.000000 158.000000 907.000000 223.000000 1.671154 0.520111 1.621421 5.546044 1.065634 13.762142 1.434886 0.011522
