Car -1 -1 -10 26.000000 183.000000 296.000000 292.000000 1.506935 1.602476 3.769287 -7.111323 1.694630 11.655423 -3.125085 0.999062
Car -1 -1 -10 648.000000 182.000000 697.000000 221.000000 1.452180 1.610634 4.012740 2.458109 1.932744 30.071465 -1.606512 0.998723
Car -1 -1 -10 151.000000 183.000000 407.000000 267.000000 1.556600 1.602677 4.112541 -6.603841 1.681115 15.351790 -3.164122 0.994246
Car -1 -1 -10 344.000000 184.000000 482.000000 232.000000 1.493006 1.553565 3.742335 -6.627375 1.826994 26.592092 0.541790 0.952091
Car -1 -1 -10 1017.000000 218.000000 1240.000000 374.000000 1.498702 1.607519 3.829641 3.039397 1.571561 1.946663 1.545508 0.859261
Car -1 -1 -10 274.000000 186.000000 437.000000 244.000000 1.567215 1.592544 3.869180 -6.064462 1.844185 18.179066 -3.038424 0.849671
Car -1 -1 -10 415.000000 182.000000 520.000000 218.000000 1.582473 1.624909 3.992103 -6.106503 1.888063 31.978814 0.124822 0.448681
Car -1 -1 -10 685.000000 105.000000 929.000000 290.000000 2.081062 1.819842 4.514070 2.927848 1.520178 11.968655 -1.564984 0.384488
Car -1 -1 -10 456.000000 181.000000 542.000000 209.000000 1.553096 1.623924 3.720320 -5.814790 2.069419 44.777951 -1.725396 0.134176
Car -1 -1 -10 696.000000 177.000000 790.000000 233.000000 1.533273 1.576411 3.522851 3.485052 2.124198 29.367395 2.259419 0.039140
Car -1 -1 -10 694.000000 147.000000 853.000000 272.000000 1.916081 1.716054 4.112188 2.882012 1.617672 13.629256 -1.536460 0.025032
Car -1 -1 -10 671.000000 178.000000 720.000000 213.000000 1.499870 1.622922 3.915807 2.647460 1.948991 29.896433 -1.936310 0.021367
Car -1 -1 -10 486.000000 178.000000 550.000000 203.000000 1.548178 1.547086 3.589966 -5.391168 2.002829 47.975770 -2.340188 0.014653
