Pedestrian -1 -1 -10 805.000000 168.000000 840.000000 252.000000 1.757749 0.777528 1.006935 4.288160 1.604531 14.876758 1.335411 0.987628
Pedestrian -1 -1 -10 802.000000 174.000000 825.000000 225.000000 1.698514 0.536849 0.575816 4.112600 1.479018 15.365032 -0.733331 0.058252
Pedestrian -1 -1 -10 53.000000 206.000000 87.000000 278.000000 1.718866 0.644806 0.753339 -11.964541 2.388852 15.847806 -0.128633 0.042742
Car -1 -1 -10 342.000000 190.000000 431.000000 254.000000 1.435002 1.624290 3.969801 -5.649154 1.819983 17.858227 1.147848 0.999719
Car -1 -1 -10 0.000000 203.000000 327.000000 372.000000 1.451683 1.576465 3.809947 -3.720640 1.800199 6.094871 1.500982 0.992853
Car -1 -1 -10 485.000000 178.000000 579.000000 211.000000 1.556148 1.710737 4.004908 -3.801334 1.814173 35.284132 -0.675029 0.987979
Car -1 -1 -10 621.000000 177.000000 711.000000 206.000000 1.537526 1.652113 4.247114 3.010271 1.809442 38.751278 2.746513 0.978643
Car -1 -1 -10 163.000000 185.000000 291.000000 227.000000 1.578402 1.661740 4.071172 -14.735229 2.033858 27.959520 -0.019074 0.941421
Car -1 -1 -10 221.000000 190.000000 294.000000 218.000000 1.429404 1.578533 3.375055 -10.704496 1.808022 21.419365 2.080815 0.022292
Cyclist -1 -1 -10 47.000000 204.000000 91.000000 278.000000 1.657321 0.704683 1.767545 -11.658592 2.040079 15.564170 0.949324 0.455449
Cyclist -1 -1 -10 806.000000 168.000000 839.000000 252.000000 1.829517 0.619458 1.774491 4.392937 1.679593 14.945972 1.770619 0.193888
Cyclist -1 -1 -10 802.000000 174.000000 825.000000 225.000000 1.735190 0.530876 1.548363 4.297351 1.679296 16.107973 -1.360542 0.038975
Cyclist -1 -1 -10 158.000000 182.000000 291.000000 225.000000 1.686942 0.791474 1.852816 -14.699265 2.009187 27.551506 -0.046199 0.019667
