Pedestrian -1 -1 -10 284.000000 168.000000 322.000000 272.000000 1.773727 0.718245 0.611259 -4.645646 1.659619 10.820528 -1.535655 0.957206
Pedestrian -1 -1 -10 333.000000 169.000000 364.000000 291.000000 1.734105 0.524782 0.751568 -5.302792 1.499125 14.245615 0.110515 0.849079
Pedestrian -1 -1 -10 307.000000 171.000000 380.000000 289.000000 1.745748 0.674614 0.791044 -5.212485 1.577829 13.850748 2.268321 0.357873
Pedestrian -1 -1 -10 279.000000 169.000000 453.000000 288.000000 1.769868 0.678403 0.834611 -2.233593 1.944380 5.923989 -2.322272 0.078446
Pedestrian -1 -1 -10 335.000000 175.000000 414.000000 284.000000 1.732470 0.567569 0.547659 -2.968068 1.781422 8.827519 -2.535575 0.052074
Pedestrian -1 -1 -10 256.000000 174.000000 331.000000 297.000000 1.773551 0.810656 0.637416 -4.749076 1.657001 10.775255 -1.621104 0.051576
Pedestrian -1 -1 -10 105.000000 186.000000 474.000000 373.000000 1.731520 0.710012 0.771466 -1.956567 1.981279 5.431626 -1.500423 0.022632
Pedestrian -1 -1 -10 312.000000 181.000000 348.000000 291.000000 1.727123 0.612488 0.581687 -4.512792 1.546693 10.874005 -1.334800 0.012860
Car -1 -1 -10 662.000000 179.000000 734.000000 234.000000 1.446119 1.621100 3.961536 2.421785 1.615071 20.903454 -1.597614 0.999023
Car -1 -1 -10 118.000000 194.000000 457.000000 372.000000 1.514900 1.615121 3.922429 -2.786200 1.765412 7.245606 -1.523404 0.996662
Car -1 -1 -10 527.000000 179.000000 566.000000 215.000000 1.566632 1.637901 4.059382 -3.080984 1.838193 34.716585 -1.647007 0.995811
Car -1 -1 -10 783.000000 187.000000 1238.000000 377.000000 1.474126 1.581735 3.746648 2.421372 1.608563 5.109071 -1.584587 0.980912
Car -1 -1 -10 639.000000 179.000000 687.000000 214.000000 1.479150 1.600008 3.793007 2.421283 1.770040 33.407228 -1.672001 0.974771
Car -1 -1 -10 1.000000 200.000000 281.000000 375.000000 1.526476 1.647539 3.875009 -2.790252 1.642798 2.791560 -1.605262 0.956563
Car -1 -1 -10 308.000000 186.000000 474.000000 282.000000 1.472140 1.601701 3.836712 -3.370081 1.754022 11.422789 -1.625758 0.954209
Car -1 -1 -10 631.000000 178.000000 665.000000 207.000000 1.537794 1.568199 3.681348 1.935317 1.764573 39.387486 -1.543476 0.473103
Car -1 -1 -10 206.000000 178.000000 402.000000 325.000000 1.491109 1.553412 3.635282 -3.262166 1.579732 6.603446 -2.964552 0.024029
Cyclist -1 -1 -10 332.000000 180.000000 451.000000 283.000000 1.749760 0.512257 1.277249 -3.122233 1.700636 9.709364 -1.893525 0.285705
Cyclist -1 -1 -10 327.000000 173.000000 376.000000 287.000000 1.705214 0.550623 1.715695 -5.104077 1.399806 13.964934 -2.412152 0.088088
Cyclist -1 -1 -10 246.000000 189.000000 433.000000 275.000000 1.688008 0.582132 1.678439 -4.623374 1.474207 12.957554 -1.897140 0.054391
Cyclist -1 -1 -10 256.000000 174.000000 331.000000 297.000000 1.736703 0.587309 1.676089 -5.007649 1.411800 11.499498 -2.570923 0.030911
Cyclist -1 -1 -10 117.000000 191.000000 464.000000 375.000000 1.736052 0.587112 1.745027 -2.295269 1.918036 6.227090 1.683120 0.013105
