Pedestrian -1 -1 -10 806.000000 129.000000 864.000000 326.000000 1.848826 0.642764 0.864238 2.354200 1.399589 7.249778 1.378933 0.998821
Pedestrian -1 -1 -10 644.000000 142.000000 687.000000 261.000000 1.792303 0.659812 0.852128 0.867829 1.197314 10.707192 1.627359 0.998343
Pedestrian -1 -1 -10 710.000000 136.000000 782.000000 334.000000 1.788812 0.754129 0.910468 1.297154 1.434646 7.024190 1.631406 0.998066
Pedestrian -1 -1 -10 605.000000 139.000000 656.000000 258.000000 1.748473 0.636871 0.861521 0.435958 1.151693 10.833796 1.580680 0.997038
Pedestrian -1 -1 -10 568.000000 141.000000 607.000000 247.000000 1.801495 0.691903 0.761149 -0.456521 1.133819 12.639068 0.276926 0.994303
Pedestrian -1 -1 -10 477.000000 139.000000 516.000000 262.000000 1.798585 0.694423 0.999481 -1.731965 1.154383 10.892701 0.931281 0.993895
Pedestrian -1 -1 -10 774.000000 143.000000 811.000000 255.000000 1.724636 0.578500 0.709143 2.954831 1.163756 11.401442 1.291592 0.992440
Pedestrian -1 -1 -10 532.000000 138.000000 568.000000 252.000000 1.797907 0.756776 0.806302 -0.987791 1.120272 11.824994 1.447323 0.990836
Pedestrian -1 -1 -10 681.000000 147.000000 700.000000 201.000000 1.790228 0.680232 0.689486 2.626498 0.661827 22.396928 -2.041143 0.965528
Pedestrian -1 -1 -10 504.000000 146.000000 535.000000 255.000000 1.732539 0.523712 0.714867 -1.424326 1.144679 11.515091 0.917229 0.960859
Pedestrian -1 -1 -10 456.000000 141.000000 482.000000 221.000000 1.805775 0.697030 0.858652 -3.193324 0.866141 16.571189 1.220681 0.740515
Pedestrian -1 -1 -10 607.000000 139.000000 637.000000 224.000000 1.839314 0.630149 0.822671 0.264466 0.816776 17.291851 0.428828 0.627640
Pedestrian -1 -1 -10 513.000000 146.000000 549.000000 233.000000 1.776585 0.645748 0.735442 -1.689747 0.849736 17.034625 1.426534 0.462058
Pedestrian -1 -1 -10 722.000000 146.000000 747.000000 199.000000 1.729922 0.542246 0.559993 2.788194 1.546238 15.964055 3.162730 0.319226
Pedestrian -1 -1 -10 524.000000 140.000000 544.000000 218.000000 1.796318 0.682539 0.775435 -1.708389 0.907576 16.943489 1.419245 0.285657
Pedestrian -1 -1 -10 560.000000 139.000000 580.000000 210.000000 1.665676 0.543286 0.680844 -0.903849 0.599064 17.130319 -1.562469 0.260699
Pedestrian -1 -1 -10 1102.000000 185.000000 1148.000000 274.000000 1.755281 0.569966 0.951704 12.868388 1.927894 17.506740 3.310394 0.251374
Pedestrian -1 -1 -10 266.000000 137.000000 307.000000 224.000000 1.774737 0.671822 0.559178 -7.873321 0.537807 17.306077 -1.927195 0.101090
Pedestrian -1 -1 -10 491.000000 142.000000 512.000000 200.000000 1.847505 0.623267 0.824191 -5.400404 -0.158947 36.336614 2.286011 0.100895
Pedestrian -1 -1 -10 280.000000 142.000000 326.000000 221.000000 1.842695 0.714044 0.778836 -6.871829 1.362516 16.321770 -1.519640 0.052802
Pedestrian -1 -1 -10 661.000000 150.000000 684.000000 215.000000 1.757650 0.642446 0.617936 1.993613 1.821141 19.213924 -0.837652 0.037340
Pedestrian -1 -1 -10 669.000000 147.000000 690.000000 205.000000 1.806555 0.645559 0.931832 2.527213 0.643089 22.494982 2.685115 0.031273
Pedestrian -1 -1 -10 511.000000 149.000000 535.000000 212.000000 1.753514 0.598218 0.664848 -1.732610 0.847846 17.038209 0.559399 0.031166
Pedestrian -1 -1 -10 573.000000 141.000000 601.000000 201.000000 1.749848 0.503903 0.638761 -0.857346 0.449868 21.022769 2.568298 0.028999
Cyclist -1 -1 -10 259.000000 140.000000 338.000000 238.000000 1.776723 0.559074 1.785963 -5.289876 1.050956 12.117231 -0.313322 0.921353
Cyclist -1 -1 -10 268.000000 139.000000 310.000000 220.000000 1.686084 0.673948 1.668532 -7.880747 0.300718 17.319078 1.667400 0.387112
Cyclist -1 -1 -10 294.000000 151.000000 364.000000 211.000000 1.722164 0.514159 1.561993 -6.604486 1.369541 16.127510 0.205671 0.301554
Cyclist -1 -1 -10 375.000000 144.000000 419.000000 193.000000 1.697192 0.686122 1.672303 -7.254160 0.896623 24.804491 0.150118 0.257693
Cyclist -1 -1 -10 335.000000 151.000000 398.000000 198.000000 1.725767 0.449354 1.480935 -4.337422 0.946482 13.533686 -1.191782 0.257085
Cyclist -1 -1 -10 283.000000 144.000000 329.000000 218.000000 1.843729 0.670293 1.364853 -7.948261 1.217448 19.450705 1.799161 0.213564
Cyclist -1 -1 -10 520.000000 144.000000 541.000000 216.000000 1.785789 0.587362 1.692698 -1.660197 0.745680 17.075312 1.460566 0.053276
Cyclist -1 -1 -10 454.000000 141.000000 482.000000 225.000000 1.790022 0.619987 1.765338 -3.125823 0.894564 16.527655 1.267812 0.036822
Cyclist -1 -1 -10 567.000000 140.000000 604.000000 230.000000 1.737862 0.658321 1.921921 -0.381846 0.998624 12.672022 -1.606367 0.029914
Cyclist -1 -1 -10 608.000000 139.000000 637.000000 218.000000 1.817416 0.633308 1.745872 0.426593 0.726054 17.407768 -1.073654 0.023812
Cyclist -1 -1 -10 500.000000 147.000000 536.000000 240.000000 1.718153 0.684510 1.766773 -1.157656 1.078998 11.710963 -0.096284 0.019435
Cyclist -1 -1 -10 488.000000 139.000000 509.000000 191.000000 1.847475 0.593823 1.360660 -5.952463 -0.240301 39.107154 2.029933 0.012401
