Pedestrian -1 -1 -10 703.000000 163.000000 716.000000 210.000000 1.815984 0.587494 0.916350 4.318849 1.545330 31.432458 -1.591681 0.186304
Pedestrian -1 -1 -10 529.000000 171.000000 543.000000 209.000000 1.777064 0.608200 0.685761 -3.599118 1.773356 34.819000 1.035207 0.066983
Pedestrian -1 -1 -10 477.000000 173.000000 497.000000 225.000000 1.687181 0.764034 0.670922 -3.502004 1.722879 20.396420 1.556442 0.014149
Car -1 -1 -10 94.000000 186.000000 355.000000 335.000000 1.565789 1.602345 3.781241 -4.983191 1.809401 9.875122 1.563756 0.999705
Car -1 -1 -10 773.000000 167.000000 1151.000000 376.000000 1.564670 1.609121 3.682010 2.651738 1.656667 6.386507 -1.570410 0.995305
Car -1 -1 -10 426.000000 183.000000 494.000000 230.000000 1.520972 1.652182 3.999228 -5.450001 1.915956 25.694302 1.395418 0.967344
Car -1 -1 -10 825.000000 175.000000 935.000000 254.000000 1.458994 1.550658 3.766611 6.065518 0.897614 14.959179 1.447961 0.303158
Car -1 -1 -10 510.000000 176.000000 547.000000 206.000000 1.540026 1.588302 3.879827 -5.005023 2.056679 44.518696 1.717550 0.031824
Car -1 -1 -10 814.000000 176.000000 1033.000000 272.000000 1.451353 1.567057 3.826665 5.928224 1.197380 14.139465 1.057077 0.023809
Car -1 -1 -10 527.000000 173.000000 544.000000 206.000000 1.547909 1.613246 3.801831 -4.449471 2.170254 44.363897 -1.719740 0.015561
Cyclist -1 -1 -10 498.000000 171.000000 528.000000 238.000000 1.722214 0.606765 1.805950 -2.823205 1.781020 20.967278 1.658803 0.999402
Cyclist -1 -1 -10 471.000000 172.000000 502.000000 241.000000 1.735736 0.605868 1.783135 -3.540256 1.833275 20.479857 1.631197 0.997772
Cyclist -1 -1 -10 432.000000 180.000000 496.000000 232.000000 1.729506 0.751860 1.733030 -5.261144 2.140976 24.057254 2.410440 0.582548
Cyclist -1 -1 -10 530.000000 171.000000 543.000000 209.000000 1.759558 0.642677 1.822172 -3.584459 1.769957 34.833726 1.527754 0.103125
Cyclist -1 -1 -10 505.000000 176.000000 542.000000 208.000000 1.672037 0.528897 1.605408 -5.002613 2.240952 42.778001 -1.642061 0.063658
Cyclist -1 -1 -10 822.000000 177.000000 938.000000 257.000000 1.754996 0.674003 1.749824 5.320015 1.335106 14.671408 -1.827156 0.012928
