Car -1 -1 -10 199.000000 175.000000 422.000000 248.000000 1.590995 1.692131 4.150224 -6.589807 1.623782 16.198141 -3.128445 0.997523
Car -1 -1 -10 882.000000 161.000000 1248.000000 303.000000 1.678412 1.677246 4.091881 6.278857 1.601019 10.205438 3.140858 0.983781
Car -1 -1 -10 -2.000000 183.000000 228.000000 323.000000 1.457583 1.574279 3.720394 -6.781377 1.666875 9.211845 -3.180326 0.942973
Car -1 -1 -10 298.000000 169.000000 485.000000 230.000000 1.749470 1.735119 4.153629 -6.196522 1.600045 21.462265 -3.291772 0.902592
Car -1 -1 -10 665.000000 134.000000 778.000000 240.000000 2.294287 1.831639 4.456764 2.882145 1.631210 19.769512 -1.592580 0.751291
Car -1 -1 -10 422.000000 172.000000 512.000000 205.000000 1.516589 1.639066 3.886345 -7.249904 1.665894 37.123339 -2.803654 0.386985
Car -1 -1 -10 461.000000 172.000000 529.000000 202.000000 1.484322 1.605562 3.853274 -6.629887 1.596524 39.550453 -3.126821 0.379431
Car -1 -1 -10 658.000000 174.000000 711.000000 220.000000 1.493561 1.564943 3.583186 2.524492 1.751126 26.823222 -1.554748 0.074879
Car -1 -1 -10 642.000000 167.000000 690.000000 204.000000 1.664125 1.619951 3.474353 2.597697 1.370611 35.735922 -1.638944 0.045221
Car -1 -1 -10 1073.000000 155.000000 1244.000000 254.000000 1.516210 1.540821 3.496128 8.801414 0.991239 11.074934 1.648989 0.027048
Car -1 -1 -10 643.000000 158.000000 718.000000 210.000000 1.759105 1.683585 3.699046 2.749347 1.172869 35.953583 -1.627300 0.020682
