Pedestrian -1 -1 -10 543.000000 176.000000 552.000000 208.000000 1.784451 0.599220 0.919023 -3.447181 1.925272 40.196272 1.939579 0.268666
Pedestrian -1 -1 -10 555.000000 172.000000 565.000000 207.000000 1.799133 0.622727 0.863884 -2.877421 1.866373 40.669343 1.079710 0.144441
Pedestrian -1 -1 -10 548.000000 173.000000 563.000000 205.000000 1.858814 0.610840 0.922832 -3.124304 1.854877 40.262487 0.540836 0.016899
Car -1 -1 -10 671.000000 172.000000 752.000000 242.000000 1.572845 1.576455 3.674911 2.489962 1.611024 18.779841 -1.594494 0.998618
Car -1 -1 -10 400.000000 182.000000 482.000000 240.000000 1.544506 1.595696 3.777134 -5.073205 1.881615 22.203179 1.569728 0.998352
Car -1 -1 -10 486.000000 182.000000 526.000000 212.000000 1.528967 1.679506 3.999323 -5.597490 1.985251 38.116244 1.577458 0.997916
Car -1 -1 -10 -4.000000 180.000000 348.000000 374.000000 1.651830 1.658467 3.927674 -4.578435 1.861905 8.273001 -1.550206 0.989769
Car -1 -1 -10 901.000000 183.000000 1229.000000 376.000000 1.543492 1.592727 3.772825 2.703898 1.643623 2.823166 -1.561046 0.951244
Car -1 -1 -10 2.000000 196.000000 49.000000 374.000000 1.481856 1.592281 3.750013 -3.884617 1.623604 7.118423 -0.058605 0.026878
Car -1 -1 -10 -6.000000 190.000000 133.000000 368.000000 1.539345 1.638497 3.871099 -4.619905 1.656753 8.110201 -1.629638 0.023745
Car -1 -1 -10 429.000000 182.000000 475.000000 214.000000 1.566498 1.599785 3.980908 -8.769678 1.282698 34.062751 1.520790 0.011263
Cyclist -1 -1 -10 556.000000 172.000000 567.000000 207.000000 1.778198 0.711520 1.789276 -2.831088 1.774347 40.839905 1.442388 0.241478
Cyclist -1 -1 -10 543.000000 175.000000 552.000000 208.000000 1.753124 0.554295 1.813921 -3.482774 1.873334 40.272729 1.941058 0.075893
Cyclist -1 -1 -10 539.000000 177.000000 557.000000 204.000000 1.734299 0.569490 1.723647 -3.443083 1.744146 40.307096 -1.135125 0.013281
