Pedestrian -1 -1 -10 501.000000 172.000000 518.000000 210.000000 1.796732 0.682133 0.781504 -4.748239 1.801271 33.910529 1.491428 0.020558
Car -1 -1 -10 642.000000 173.000000 706.000000 219.000000 1.510689 1.523044 3.350940 2.052705 1.533415 24.823125 -1.715121 0.998363
Car -1 -1 -10 430.000000 179.000000 477.000000 222.000000 1.484812 1.637252 3.781727 -6.091192 1.808699 27.547204 -1.797243 0.993026
Car -1 -1 -10 692.000000 172.000000 799.000000 247.000000 1.494843 1.575650 3.711084 2.869564 1.483486 15.899726 1.513815 0.966158
Car -1 -1 -10 729.000000 150.000000 912.000000 290.000000 1.771476 1.676946 4.082513 2.871652 1.466021 10.762241 -1.591451 0.905606
Car -1 -1 -10 0.000000 194.000000 95.000000 265.000000 1.472779 1.612332 3.847263 -14.984828 2.122959 18.999223 -1.995553 0.853133
Car -1 -1 -10 569.000000 174.000000 605.000000 202.000000 1.474771 1.595194 3.720587 -1.480540 1.639069 44.009654 -1.759841 0.698948
Car -1 -1 -10 608.000000 176.000000 668.000000 209.000000 1.493134 1.564422 3.530951 1.045379 1.467380 31.764016 -1.714897 0.185484
Car -1 -1 -10 445.000000 178.000000 477.000000 205.000000 1.533273 1.576411 3.522850 -9.148563 2.183880 48.242353 1.873518 0.054060
Cyclist -1 -1 -10 480.000000 173.000000 500.000000 212.000000 1.683938 0.556748 1.703120 -5.435331 1.634854 32.234865 1.448258 0.730471
Cyclist -1 -1 -10 500.000000 172.000000 518.000000 210.000000 1.729631 0.561982 1.826654 -4.769355 1.760881 34.049426 -1.704995 0.457326
