Pedestrian -1 -1 -10 1026.000000 150.000000 1116.000000 343.000000 1.676278 0.618785 0.904457 4.214151 1.414802 6.534573 -1.517161 0.995903
Pedestrian -1 -1 -10 514.000000 170.000000 535.000000 230.000000 1.708905 0.575159 0.726637 -2.213725 1.395686 20.178316 -1.257333 0.976609
Pedestrian -1 -1 -10 342.000000 162.000000 386.000000 267.000000 1.764569 0.642676 0.608369 -3.476635 1.419822 10.499332 1.712477 0.966090
Pedestrian -1 -1 -10 661.000000 166.000000 686.000000 220.000000 1.731697 0.676316 1.040518 2.284484 1.467824 23.172145 2.149400 0.964700
Pedestrian -1 -1 -10 571.000000 167.000000 589.000000 217.000000 1.719270 0.633912 0.873830 -0.755757 1.265133 26.232470 -0.977119 0.941065
Pedestrian -1 -1 -10 400.000000 159.000000 428.000000 241.000000 1.833168 0.645514 0.874432 -4.525605 1.403220 17.125083 -2.879330 0.898278
Pedestrian -1 -1 -10 627.000000 165.000000 643.000000 210.000000 1.717002 0.558626 0.855010 1.310632 1.129731 28.164390 -1.002525 0.677170
Pedestrian -1 -1 -10 656.000000 163.000000 675.000000 210.000000 1.793627 0.533351 0.688375 3.335941 1.046119 38.510934 0.106811 0.076567
Car -1 -1 -10 141.000000 253.000000 297.000000 361.000000 1.493797 1.565726 3.873666 -3.383875 1.536591 6.730357 -3.544660 0.130328
Cyclist -1 -1 -10 569.000000 167.000000 589.000000 216.000000 1.745076 0.545243 1.676142 -0.911018 1.240822 26.399356 2.967189 0.072516
Cyclist -1 -1 -10 513.000000 171.000000 536.000000 228.000000 1.708658 0.562826 1.732036 -2.285622 1.354991 20.352641 -1.716309 0.053532
