Pedestrian -1 -1 -10 468.000000 183.000000 486.000000 228.000000 1.744806 0.744338 0.666847 -5.224911 2.162733 28.266392 1.390390 0.014040
Car -1 -1 -10 645.000000 184.000000 716.000000 236.000000 1.467727 1.589588 3.602664 2.008131 1.821768 22.264622 -1.690082 0.997513
Car -1 -1 -10 705.000000 182.000000 837.000000 280.000000 1.492154 1.583549 3.762032 2.839691 1.701786 13.112683 1.508164 0.992373
Car -1 -1 -10 405.000000 192.000000 461.000000 239.000000 1.514679 1.633567 3.883909 -6.194303 2.131210 25.110563 -1.804350 0.986789
Car -1 -1 -10 757.000000 152.000000 1040.000000 357.000000 1.783985 1.689079 4.086592 2.885082 1.650029 8.044341 -1.574527 0.963037
Car -1 -1 -10 563.000000 185.000000 602.000000 215.000000 1.511627 1.611313 3.713743 -1.570327 2.278527 41.180757 -1.751377 0.596008
Car -1 -1 -10 607.000000 187.000000 675.000000 223.000000 1.471819 1.599016 3.778589 0.978821 1.903925 29.334442 -1.730731 0.351177
Car -1 -1 -10 1017.000000 151.000000 1240.000000 367.000000 1.536516 1.607499 3.707099 2.678202 1.203943 1.826381 -1.524442 0.096704
Car -1 -1 -10 732.000000 173.000000 929.000000 301.000000 1.507660 1.627732 4.025018 3.301087 1.655004 12.737151 -1.604721 0.042105
Car -1 -1 -10 710.000000 187.000000 786.000000 248.000000 1.541198 1.567375 3.553330 2.723150 1.506140 14.803570 1.250796 0.022994
Car -1 -1 -10 423.000000 190.000000 465.000000 224.000000 1.507990 1.628737 3.837233 -7.457840 2.429429 30.926185 -1.820923 0.016219
Cyclist -1 -1 -10 487.000000 182.000000 508.000000 226.000000 1.716660 0.543806 1.783023 -4.738475 2.085969 30.280506 1.473557 0.517243
Cyclist -1 -1 -10 467.000000 183.000000 487.000000 228.000000 1.763678 0.615643 1.847435 -5.274226 2.149859 28.351012 1.467625 0.133314
