Car -1 -1 -10 436.000000 188.000000 489.000000 225.000000 1.441432 1.581692 3.671847 -6.296724 2.136934 30.914013 1.607345 0.996559
Car -1 -1 -10 4.000000 209.000000 242.000000 373.000000 1.521559 1.563736 3.782473 -6.028021 2.032784 8.193433 1.594051 0.990837
Car -1 -1 -10 926.000000 191.000000 1227.000000 373.000000 1.540025 1.622676 3.790969 2.980155 1.599045 3.619420 -1.480607 0.973091
Car -1 -1 -10 648.000000 176.000000 693.000000 208.000000 1.512440 1.605155 3.821616 2.775529 1.692709 34.582924 -1.613654 0.951600
Car -1 -1 -10 463.000000 187.000000 510.000000 217.000000 1.426522 1.562690 3.733941 -6.165627 2.168598 36.372815 1.591867 0.917150
Car -1 -1 -10 227.000000 197.000000 292.000000 227.000000 1.576900 1.634140 3.836459 -18.635953 2.800325 37.860242 -1.492365 0.647563
Car -1 -1 -10 120.000000 202.000000 198.000000 232.000000 1.498979 1.625452 3.837036 -23.723325 2.942854 38.491308 -1.569563 0.354359
Car -1 -1 -10 78.000000 204.000000 155.000000 233.000000 1.530772 1.589831 3.927051 -26.140891 3.147609 38.101708 -1.614182 0.320974
Car -1 -1 -10 -1.000000 204.000000 81.000000 242.000000 1.527024 1.626910 3.873615 -30.667438 3.474120 38.855867 -1.533085 0.302890
Car -1 -1 -10 167.000000 197.000000 243.000000 228.000000 1.536723 1.665001 3.841519 -20.898302 2.889489 37.640562 -1.568820 0.197994
Car -1 -1 -10 490.000000 180.000000 527.000000 207.000000 1.475254 1.596104 3.793758 -6.073268 2.108505 44.662820 1.514094 0.078604
