Car -1 -1 -10 573.000000 175.000000 615.000000 213.000000 1.517581 1.647876 3.757606 -0.637819 1.123798 32.685027 -1.588906 0.999564
Car -1 -1 -10 -1.000000 198.000000 342.000000 374.000000 1.438835 1.566503 3.770890 -4.372183 1.630022 7.738563 -1.558697 0.998974
Car -1 -1 -10 290.000000 181.000000 429.000000 259.000000 1.470891 1.602746 3.859925 -5.206142 1.430532 15.629024 -1.555748 0.998890
Car -1 -1 -10 110.000000 186.000000 262.000000 265.000000 1.503066 1.558701 3.824905 -8.870752 1.585307 15.591758 -1.539793 0.910574
Car -1 -1 -10 315.000000 172.000000 390.000000 216.000000 1.472804 1.607858 3.943057 -8.591486 0.945742 23.659972 1.606171 0.292505
Car -1 -1 -10 219.000000 181.000000 312.000000 226.000000 1.499380 1.636392 3.762315 -12.052001 1.415689 25.121185 -1.580656 0.116231
Car -1 -1 -10 495.000000 174.000000 539.000000 207.000000 1.546096 1.630749 3.873275 -5.071837 1.038242 42.905240 -1.654828 0.061824
Car -1 -1 -10 531.000000 164.000000 559.000000 195.000000 1.512547 1.589030 3.022922 -5.725396 -0.039450 65.109768 -1.633061 0.029290
Car -1 -1 -10 184.000000 185.000000 290.000000 234.000000 1.559275 1.614503 3.751869 -11.947209 1.508139 25.235707 -1.609603 0.026930
Car -1 -1 -10 366.000000 183.000000 429.000000 216.000000 1.504350 1.617658 3.748367 -9.095754 1.455632 31.163175 -1.618829 0.021781
Car -1 -1 -10 43.000000 196.000000 280.000000 292.000000 1.483057 1.590844 3.769593 -8.912569 1.517029 15.537259 -1.583696 0.016128
