Car -1 -1 -10 763.000000 183.000000 970.000000 321.000000 1.522326 1.579900 3.601267 3.273444 1.712773 9.811686 -1.544384 0.999352
Car -1 -1 -10 127.000000 183.000000 393.000000 265.000000 1.446316 1.643561 4.105484 -6.388466 1.663686 13.436092 -3.163162 0.998456
Car -1 -1 -10 679.000000 181.000000 731.000000 221.000000 1.479976 1.527603 3.405273 3.592519 1.879078 28.212698 -1.596182 0.997112
Car -1 -1 -10 369.000000 179.000000 490.000000 233.000000 1.562119 1.598760 3.925500 -5.831456 1.718141 23.322409 -3.146675 0.994305
Car -1 -1 -10 720.000000 176.000000 845.000000 267.000000 1.505029 1.629667 3.888019 3.390329 1.635131 14.985462 -1.558031 0.988955
Car -1 -1 -10 275.000000 183.000000 446.000000 243.000000 1.556310 1.654692 3.920579 -6.463691 1.781109 18.908550 -3.127120 0.974338
Car -1 -1 -10 422.000000 177.000000 511.000000 223.000000 1.606451 1.683095 4.293190 -5.437029 1.755301 27.224339 -3.159884 0.956172
Car -1 -1 -10 2.000000 181.000000 242.000000 373.000000 1.571304 1.613763 4.060206 -5.829316 1.620552 6.488599 0.056879 0.941211
Car -1 -1 -10 456.000000 176.000000 535.000000 213.000000 1.552904 1.672877 3.818495 -5.064738 1.630084 33.907668 -3.256602 0.404284
Car -1 -1 -10 701.000000 177.000000 768.000000 223.000000 1.499236 1.534095 3.489823 3.943432 1.812525 23.487597 1.181373 0.230361
