Pedestrian -1 -1 -10 661.000000 170.000000 680.000000 218.000000 1.796110 0.705941 0.835654 1.742410 1.526507 22.607265 2.109630 0.232120
Pedestrian -1 -1 -10 675.000000 167.000000 704.000000 227.000000 1.765809 0.625141 0.862832 2.153761 1.525709 20.886616 1.730055 0.059185
Pedestrian -1 -1 -10 668.000000 169.000000 693.000000 215.000000 1.616933 0.581170 0.748587 1.952905 1.257875 20.925648 -1.887569 0.015209
Pedestrian -1 -1 -10 659.000000 171.000000 675.000000 203.000000 1.723371 0.522691 0.641322 1.048019 1.481595 16.508195 0.173123 0.010862
Pedestrian -1 -1 -10 692.000000 161.000000 714.000000 192.000000 1.719906 0.599706 0.641275 3.363202 1.747876 28.519406 -1.995320 0.010547
Car -1 -1 -10 376.000000 177.000000 515.000000 280.000000 1.568375 1.665825 3.952375 -2.919500 1.644020 13.296476 -1.587012 0.999578
Car -1 -1 -10 587.000000 173.000000 614.000000 200.000000 1.510310 1.641402 3.761933 -0.746281 1.389581 46.553726 -1.628117 0.996117
Car -1 -1 -10 135.000000 191.000000 256.000000 249.000000 1.529651 1.586354 3.872704 -12.502576 2.176567 22.109057 1.561525 0.995880
Cyclist -1 -1 -10 671.000000 160.000000 742.000000 229.000000 1.823770 0.689441 1.882062 2.458974 1.452679 19.712142 3.210014 0.999662
Cyclist -1 -1 -10 668.000000 166.000000 708.000000 224.000000 1.743828 0.540112 1.769314 1.982983 1.437545 21.122808 2.156622 0.940614
Cyclist -1 -1 -10 662.000000 170.000000 690.000000 216.000000 1.772897 0.535590 1.636855 1.961162 1.434252 21.552766 2.132779 0.610584
Cyclist -1 -1 -10 801.000000 181.000000 819.000000 211.000000 1.675729 0.501101 1.638857 7.112608 1.663078 25.841522 -1.871672 0.115487
Cyclist -1 -1 -10 672.000000 171.000000 684.000000 215.000000 1.712978 0.531420 1.608745 2.143288 1.487943 22.812654 -1.475010 0.058217
Cyclist -1 -1 -10 664.000000 169.000000 677.000000 220.000000 1.699927 0.620274 1.819870 1.820782 1.524700 22.735688 1.497638 0.032449
Cyclist -1 -1 -10 684.000000 166.000000 710.000000 208.000000 1.696095 0.490130 1.625172 2.543372 1.257730 21.820042 -1.091904 0.022265
Cyclist -1 -1 -10 689.000000 165.000000 722.000000 192.000000 1.734062 0.475818 1.453380 1.970568 1.170191 12.355320 -0.721068 0.021769
Cyclist -1 -1 -10 688.000000 159.000000 717.000000 225.000000 1.768312 0.570460 1.734816 2.533429 1.412448 19.769746 -2.122332 0.018156
