Pedestrian -1 -1 -10 1148.000000 177.000000 1241.000000 379.000000 1.695148 0.580805 0.818848 4.742018 2.186101 5.875736 -0.364828 0.031714
Car -1 -1 -10 752.000000 179.000000 933.000000 247.000000 1.492771 1.634467 3.880072 5.510835 1.710048 17.634240 -0.058788 0.999406
Car -1 -1 -10 637.000000 180.000000 679.000000 214.000000 1.395845 1.586192 3.807193 2.080287 1.771023 32.054466 -1.610267 0.998741
Car -1 -1 -10 3.000000 180.000000 316.000000 316.000000 1.504497 1.590110 4.037069 -6.321423 1.729186 9.923826 0.014323 0.998051
Car -1 -1 -10 987.000000 177.000000 1242.000000 354.000000 1.516021 1.605469 3.771460 6.320126 1.689730 7.954208 -0.052922 0.994089
Car -1 -1 -10 345.000000 179.000000 488.000000 224.000000 1.596359 1.639512 4.080713 -6.664543 1.802809 25.631270 -0.072431 0.980842
Car -1 -1 -10 78.000000 177.000000 393.000000 272.000000 1.554719 1.638044 3.758792 -5.912647 1.593171 12.675452 -3.205450 0.954840
Car -1 -1 -10 256.000000 181.000000 428.000000 245.000000 1.492198 1.587352 3.888924 -6.509635 1.773323 17.404194 -3.148171 0.942257
Car -1 -1 -10 1142.000000 184.000000 1241.000000 368.000000 1.576829 1.683078 4.116942 6.257827 1.597330 6.774393 2.092492 0.389302
Car -1 -1 -10 445.000000 177.000000 527.000000 207.000000 1.622475 1.655367 4.034382 -6.545741 1.945429 38.524401 -3.181782 0.251021
Car -1 -1 -10 396.000000 176.000000 502.000000 214.000000 1.692533 1.676388 4.102883 -6.929535 1.726526 33.236501 -0.082587 0.184586
