Pedestrian -1 -1 -10 673.000000 167.000000 682.000000 202.000000 1.806442 0.635445 0.794305 3.712357 1.570903 39.943724 1.299277 0.850132
Car -1 -1 -10 788.000000 183.000000 1176.000000 371.000000 1.522376 1.653695 3.925330 3.244874 1.664455 7.296400 -1.614589 0.999793
Car -1 -1 -10 172.000000 188.000000 362.000000 292.000000 1.526744 1.570221 3.676189 -5.396088 1.753286 11.957089 1.558725 0.998927
Car -1 -1 -10 311.000000 181.000000 432.000000 255.000000 1.514068 1.603367 3.869894 -5.409494 1.731112 16.375911 1.593242 0.998348
Car -1 -1 -10 738.000000 179.000000 895.000000 274.000000 1.507362 1.604782 3.666975 3.434185 1.600634 12.798390 -1.609550 0.996556
Car -1 -1 -10 1131.000000 232.000000 1242.000000 371.000000 1.497161 1.591870 3.836091 3.385723 1.606818 1.691439 -1.570698 0.220462
Car -1 -1 -10 292.000000 175.000000 337.000000 210.000000 1.512724 1.555978 3.445365 -14.164592 1.657526 34.006004 0.691381 0.141817
Car -1 -1 -10 833.000000 187.000000 953.000000 236.000000 1.526206 1.517145 3.623715 9.511083 1.995340 24.988756 1.370109 0.038515
Car -1 -1 -10 802.000000 185.000000 1020.000000 258.000000 1.542224 1.598334 3.947445 4.712312 1.821701 12.086033 1.008775 0.016349
Car -1 -1 -10 785.000000 182.000000 842.000000 219.000000 1.531149 1.495494 3.139485 10.240609 1.586315 36.792363 2.374868 0.014372
Cyclist -1 -1 -10 985.000000 181.000000 1081.000000 229.000000 1.646941 0.525992 1.827148 9.293369 1.488522 15.821608 -1.921122 0.011184
