Car -1 -1 -10 709.000000 184.000000 936.000000 332.000000 1.556008 1.612242 3.607337 2.596914 1.734765 9.840067 -1.730154 0.999584
Car -1 -1 -10 587.000000 184.000000 657.000000 232.000000 1.495147 1.568750 3.487776 0.329407 1.927345 24.348501 -1.775144 0.998532
Car -1 -1 -10 533.000000 179.000000 602.000000 208.000000 1.526823 1.566467 3.848196 -2.244500 1.895467 39.788936 2.434012 0.972006
Car -1 -1 -10 647.000000 179.000000 725.000000 210.000000 1.550778 1.611948 3.903560 3.731353 1.648158 36.908178 -0.543868 0.960140
Car -1 -1 -10 696.000000 177.000000 783.000000 207.000000 1.511231 1.611446 3.930954 7.276270 1.817426 39.248212 -0.747331 0.815531
Car -1 -1 -10 762.000000 178.000000 837.000000 210.000000 1.658490 1.647089 4.262157 11.072606 1.911692 42.527174 2.444764 0.391949
Car -1 -1 -10 773.000000 178.000000 875.000000 221.000000 1.598164 1.631263 3.881825 13.464868 1.520899 45.315222 -2.184217 0.055422
Car -1 -1 -10 629.000000 181.000000 689.000000 206.000000 1.429804 1.616573 3.897537 3.598129 1.737675 36.308442 -0.817208 0.044874
Car -1 -1 -10 801.000000 184.000000 889.000000 246.000000 1.527878 1.581449 3.319389 5.170488 1.715831 14.967907 0.216932 0.040300
Car -1 -1 -10 776.000000 173.000000 824.000000 227.000000 1.470656 1.612892 3.920875 11.033328 1.854175 42.455796 -0.724063 0.024581
Car -1 -1 -10 795.000000 174.000000 847.000000 204.000000 1.507840 1.583965 3.737308 13.447977 1.502848 44.412492 -0.688883 0.011872
Cyclist -1 -1 -10 208.000000 177.000000 343.000000 373.000000 1.741095 0.618888 1.773070 -3.163594 1.791617 6.990473 1.500032 0.999580
Cyclist -1 -1 -10 784.000000 183.000000 895.000000 231.000000 1.689048 0.519938 1.562745 6.364165 1.688875 19.860430 -1.293469 0.112791
Cyclist -1 -1 -10 759.000000 175.000000 849.000000 220.000000 1.666804 0.775769 1.879863 10.395603 1.977124 41.199524 3.252616 0.051842
