Pedestrian -1 -1 -10 548.000000 160.000000 576.000000 222.000000 1.741521 0.608519 0.753144 -1.447108 1.201526 22.194725 2.013128 0.983252
Pedestrian -1 -1 -10 410.000000 165.000000 431.000000 213.000000 1.709106 0.679858 0.695894 -5.298326 1.032382 19.925361 -2.336791 0.715581
Pedestrian -1 -1 -10 230.000000 178.000000 250.000000 232.000000 1.775190 0.606641 0.743351 -12.483321 1.841371 24.170890 0.091723 0.616916
Pedestrian -1 -1 -10 222.000000 178.000000 242.000000 234.000000 1.749513 0.567866 0.686472 -12.548701 1.770075 23.782104 0.001606 0.430226
Pedestrian -1 -1 -10 285.000000 170.000000 308.000000 225.000000 1.735290 0.628572 0.947785 -9.025282 1.435032 20.766517 2.153171 0.155493
Pedestrian -1 -1 -10 841.000000 157.000000 860.000000 198.000000 1.812901 0.681539 1.030644 10.377691 0.731483 30.120074 0.296910 0.075713
Pedestrian -1 -1 -10 286.000000 172.000000 338.000000 228.000000 1.758279 0.602020 1.036236 -7.859757 1.507353 19.020146 -0.430060 0.044164
Car -1 -1 -10 385.000000 179.000000 500.000000 257.000000 1.481347 1.622197 3.823752 -3.347197 1.445984 15.096648 -1.573990 0.999408
Car -1 -1 -10 995.000000 158.000000 1107.000000 189.000000 1.513274 1.585769 3.918030 20.961535 1.450693 32.240599 1.607853 0.330855
Car -1 -1 -10 1080.000000 144.000000 1222.000000 186.000000 1.712485 1.619221 3.797726 24.393253 0.268904 32.387533 -1.510141 0.264146
Car -1 -1 -10 401.000000 172.000000 449.000000 216.000000 1.463561 1.527514 3.786767 -5.841333 1.037591 23.223087 1.326854 0.030603
Car -1 -1 -10 976.000000 149.000000 1059.000000 202.000000 1.716885 1.620147 3.702825 17.623364 0.535560 30.425473 -0.919104 0.027828
Cyclist -1 -1 -10 729.000000 157.000000 774.000000 198.000000 1.729414 0.698859 1.796372 6.909188 0.599531 32.692021 -0.301581 0.999470
Cyclist -1 -1 -10 893.000000 143.000000 960.000000 203.000000 1.734908 0.500913 1.724190 10.649053 0.749588 23.444333 0.936698 0.993767
Cyclist -1 -1 -10 970.000000 141.000000 1055.000000 208.000000 1.803632 0.641881 1.867369 10.390209 0.805309 18.058616 -1.824862 0.983035
Cyclist -1 -1 -10 285.000000 169.000000 358.000000 234.000000 1.756378 0.585411 1.727737 -7.745984 1.488876 19.154353 -0.780181 0.982831
Cyclist -1 -1 -10 840.000000 156.000000 861.000000 199.000000 1.827083 0.695113 1.794811 10.404867 0.711302 30.148521 -1.162929 0.946366
Cyclist -1 -1 -10 282.000000 171.000000 318.000000 226.000000 1.746836 0.591202 1.503585 -8.906328 1.508257 20.635709 -2.553756 0.358330
Cyclist -1 -1 -10 405.000000 170.000000 436.000000 212.000000 1.696001 0.663654 1.657026 -5.396168 0.903223 20.251313 -1.837607 0.237619
Cyclist -1 -1 -10 1001.000000 151.000000 1100.000000 191.000000 1.721744 0.663500 1.709990 19.282765 0.520425 30.148291 3.617543 0.035032
