Car -1 -1 -10 779.000000 179.000000 1010.000000 340.000000 1.499943 1.579526 3.636659 2.949926 1.616516 8.241621 -1.483776 0.999775
Car -1 -1 -10 154.000000 198.000000 351.000000 311.000000 1.527333 1.577103 3.757347 -6.093292 2.060563 12.606690 1.559974 0.999102
Car -1 -1 -10 460.000000 187.000000 505.000000 218.000000 1.473554 1.583730 3.683298 -6.347441 2.179654 35.313488 1.621741 0.989323
Car -1 -1 -10 643.000000 175.000000 682.000000 205.000000 1.532121 1.625921 3.842327 2.822911 1.732621 38.941055 -1.599275 0.932317
Car -1 -1 -10 217.000000 196.000000 279.000000 224.000000 1.597492 1.661748 4.018185 -20.994045 2.949153 42.218206 -1.649665 0.819624
Car -1 -1 -10 1008.000000 173.000000 1242.000000 369.000000 1.497694 1.528859 3.702569 3.906633 1.564098 4.966970 2.813183 0.723105
Car -1 -1 -10 479.000000 186.000000 520.000000 213.000000 1.498068 1.641406 4.020849 -6.308867 2.138810 41.006949 1.586884 0.679615
Car -1 -1 -10 263.000000 196.000000 326.000000 222.000000 1.514268 1.616271 3.839873 -18.011510 2.912072 42.094208 -1.430873 0.166637
Car -1 -1 -10 178.000000 199.000000 244.000000 225.000000 1.460124 1.591158 3.693355 -23.446326 3.053534 42.718413 1.656318 0.064519
Car -1 -1 -10 501.000000 179.000000 533.000000 205.000000 1.561123 1.629462 3.812720 -6.664634 2.215167 48.936603 1.470735 0.050744
Cyclist -1 -1 -10 828.000000 181.000000 935.000000 226.000000 1.720704 0.591738 1.665121 8.036727 1.492101 21.091799 -1.252837 0.067474
