Pedestrian -1 -1 -10 -1.000000 167.000000 207.000000 374.000000 1.701763 0.750717 0.767869 -2.136478 1.563189 2.651033 1.438360 0.670057
Pedestrian -1 -1 -10 598.000000 161.000000 609.000000 195.000000 1.742108 0.594640 0.621391 0.075723 0.500991 38.422196 -1.016432 0.559249
Pedestrian -1 -1 -10 662.000000 160.000000 671.000000 187.000000 1.825920 0.687735 0.733464 4.311359 0.368930 47.017104 -1.494481 0.516607
Pedestrian -1 -1 -10 584.000000 160.000000 600.000000 195.000000 1.752359 0.655959 0.721414 -0.506664 0.466498 38.428212 -1.146318 0.231964
Pedestrian -1 -1 -10 645.000000 155.000000 655.000000 184.000000 1.807360 0.473101 0.678015 0.507576 1.083385 4.981958 0.097849 0.140853
Pedestrian -1 -1 -10 667.000000 158.000000 676.000000 186.000000 1.813125 0.615103 0.680441 4.317827 0.349930 46.768762 1.616526 0.117054
Pedestrian -1 -1 -10 675.000000 157.000000 683.000000 188.000000 1.819152 0.676825 0.770452 5.220284 0.369818 48.174615 2.143145 0.104416
Pedestrian -1 -1 -10 968.000000 149.000000 1016.000000 279.000000 1.762202 0.668965 0.764264 4.585909 1.172440 8.500525 0.552239 0.055001
Pedestrian -1 -1 -10 1100.000000 124.000000 1140.000000 247.000000 1.742502 0.579400 0.448294 5.925187 1.109710 8.391044 -1.538913 0.048764
Pedestrian -1 -1 -10 633.000000 159.000000 653.000000 188.000000 1.750736 0.680292 0.603368 1.765582 0.570086 33.176488 -1.510467 0.032619
Pedestrian -1 -1 -10 614.000000 167.000000 653.000000 199.000000 1.788037 0.710024 0.602227 1.406670 1.725766 30.929504 -1.515763 0.029169
Pedestrian -1 -1 -10 0.000000 162.000000 83.000000 358.000000 1.711938 0.701937 0.657209 -7.018028 1.349262 8.700757 -2.751639 0.014497
Car -1 -1 -10 614.000000 166.000000 655.000000 200.000000 1.507411 1.616299 3.640743 1.478929 0.868861 32.521440 1.650497 0.998062
Car -1 -1 -10 0.000000 168.000000 213.000000 377.000000 1.533325 1.617042 3.975847 -2.914495 1.273936 3.035194 -2.158585 0.024550
Cyclist -1 -1 -10 -1.000000 156.000000 211.000000 374.000000 1.675795 0.800790 1.795189 -2.352684 1.461457 2.690293 1.505335 0.082583
Cyclist -1 -1 -10 969.000000 152.000000 1012.000000 243.000000 1.712978 0.531420 1.608745 5.564484 1.462875 10.155320 -1.071382 0.039938
Cyclist -1 -1 -10 614.000000 167.000000 653.000000 199.000000 1.778366 0.643804 1.686372 1.511508 1.304110 31.250945 -0.534347 0.012980
