Pedestrian -1 -1 -10 909.000000 157.000000 918.000000 197.000000 1.739435 0.469500 0.678689 4.574468 1.147415 10.883722 0.509815 0.019496
Car -1 -1 -10 890.000000 173.000000 1062.000000 289.000000 1.496951 1.595547 3.824812 5.416779 1.516032 10.561146 -0.865811 0.975733
Car -1 -1 -10 922.000000 168.000000 1237.000000 379.000000 1.575573 1.637448 3.880106 3.067188 1.531858 3.684020 -1.489296 0.956732
Car -1 -1 -10 873.000000 166.000000 962.000000 213.000000 1.472473 1.611814 3.962233 10.874159 1.318204 25.078998 -0.688187 0.773378
Car -1 -1 -10 1011.000000 156.000000 1134.000000 216.000000 1.554717 1.642022 3.762739 12.933500 1.190366 19.972463 -0.823223 0.724348
Car -1 -1 -10 899.000000 164.000000 1014.000000 217.000000 1.520974 1.628322 3.941429 12.875117 1.060328 29.299193 -2.260498 0.138311
Car -1 -1 -10 923.000000 168.000000 993.000000 200.000000 1.468141 1.660324 3.954806 14.000025 1.005128 29.065054 2.392673 0.051317
Car -1 -1 -10 900.000000 177.000000 1031.000000 246.000000 1.479846 1.557215 3.463165 11.551005 1.852942 23.543438 2.918070 0.016765
Car -1 -1 -10 1071.000000 158.000000 1163.000000 216.000000 1.464703 1.574305 3.728828 16.660567 1.098406 24.099987 -0.846530 0.011125
Cyclist -1 -1 -10 891.000000 177.000000 1065.000000 277.000000 1.806797 0.755059 1.857874 4.730564 1.588827 9.631991 3.535334 0.015299
Cyclist -1 -1 -10 1071.000000 157.000000 1163.000000 218.000000 1.761945 0.624449 1.741599 13.668980 1.206321 20.108534 2.647570 0.013146
Cyclist -1 -1 -10 1007.000000 161.000000 1141.000000 216.000000 1.756885 0.771765 1.767288 11.871164 1.210479 18.629811 -2.533870 0.010042
