Pedestrian -1 -1 -10 78.000000 174.000000 135.000000 326.000000 1.755943 0.598970 0.974324 -5.516332 1.729416 8.022177 -0.120712 0.995866
Pedestrian -1 -1 -10 753.000000 167.000000 794.000000 281.000000 1.658739 0.585431 0.615684 2.235990 1.603830 10.075213 1.763477 0.979397
Pedestrian -1 -1 -10 42.000000 191.000000 160.000000 302.000000 1.697451 0.589898 0.752440 -8.976456 2.221944 12.232087 -0.130482 0.327671
Pedestrian -1 -1 -10 826.000000 142.000000 880.000000 294.000000 1.849586 0.653799 0.929994 3.021295 1.506440 9.198129 1.383013 0.203969
Pedestrian -1 -1 -10 789.000000 147.000000 912.000000 303.000000 1.724297 0.612795 0.830543 2.418765 1.380748 8.196087 1.404415 0.083052
Pedestrian -1 -1 -10 807.000000 158.000000 864.000000 280.000000 1.804648 0.604474 0.968498 2.954328 1.424837 9.118191 -2.294279 0.036350
Pedestrian -1 -1 -10 761.000000 164.000000 834.000000 284.000000 1.701933 0.603313 0.781201 2.380670 1.602345 9.994129 2.929888 0.027800
Car -1 -1 -10 601.000000 173.000000 629.000000 200.000000 1.585992 1.651841 3.828675 0.309913 1.432769 46.307248 1.668958 0.999035
Car -1 -1 -10 392.000000 185.000000 441.000000 215.000000 1.468171 1.627261 3.940420 -9.569581 2.076965 35.858873 1.568452 0.980491
Car -1 -1 -10 1.000000 204.000000 166.000000 304.000000 1.441626 1.566272 3.944980 -9.759268 2.051963 13.478584 1.570286 0.914528
Car -1 -1 -10 61.000000 188.000000 142.000000 312.000000 1.452738 1.574754 3.808529 -9.803043 2.141242 12.371755 1.477089 0.122704
Car -1 -1 -10 52.000000 200.000000 188.000000 273.000000 1.415086 1.605642 3.910406 -9.779021 2.048019 13.698260 1.604772 0.032266
Cyclist -1 -1 -10 807.000000 134.000000 1048.000000 338.000000 1.781057 0.605464 1.820742 2.844812 1.416281 6.603201 -2.577701 0.999458
Cyclist -1 -1 -10 795.000000 142.000000 904.000000 317.000000 1.795181 0.548877 1.772026 2.417057 1.488934 8.266436 2.397319 0.983484
Cyclist -1 -1 -10 51.000000 193.000000 147.000000 314.000000 1.790277 0.705392 1.681488 -5.592347 1.775891 8.404250 -0.567860 0.170066
Cyclist -1 -1 -10 752.000000 165.000000 796.000000 279.000000 1.671336 0.528257 1.709744 2.225968 1.576983 10.051987 1.698515 0.144877
Cyclist -1 -1 -10 826.000000 142.000000 880.000000 294.000000 1.786757 0.466635 1.642243 3.021404 1.399750 9.234621 -0.789857 0.109636
Cyclist -1 -1 -10 769.000000 163.000000 854.000000 287.000000 1.636278 0.678919 1.832196 2.769982 1.443924 9.730096 0.287765 0.097614
Cyclist -1 -1 -10 21.000000 202.000000 185.000000 282.000000 1.733428 0.624656 1.689885 -9.416333 2.254256 13.074113 1.473116 0.027420
