Car -1 -1 -10 653.000000 180.000000 707.000000 221.000000 1.402917 1.625295 3.960160 2.523284 1.698148 27.456409 -1.607160 0.998829
Car -1 -1 -10 289.000000 194.000000 453.000000 296.000000 1.498330 1.593739 3.803025 -3.934662 1.893083 12.428573 1.567137 0.998556
Car -1 -1 -10 808.000000 162.000000 996.000000 223.000000 1.540785 1.665037 4.150641 7.897519 1.414909 20.301459 3.147795 0.998456
Car -1 -1 -10 8.000000 204.000000 336.000000 376.000000 1.502780 1.653306 4.120300 -3.577560 1.797070 5.183526 1.536280 0.981602
Car -1 -1 -10 423.000000 183.000000 487.000000 226.000000 1.597319 1.660797 4.199123 -6.583246 2.078386 31.761031 -1.564910 0.964243
Car -1 -1 -10 481.000000 184.000000 517.000000 210.000000 1.506364 1.590855 3.837857 -6.613464 2.118517 42.783928 1.623243 0.963932
Car -1 -1 -10 747.000000 164.000000 858.000000 208.000000 1.628687 1.655602 4.039365 7.762381 1.361718 29.717734 3.074365 0.302330
Car -1 -1 -10 777.000000 159.000000 921.000000 215.000000 1.698216 1.650149 3.933505 7.682369 1.242178 23.459872 3.077397 0.169632
Car -1 -1 -10 931.000000 158.000000 1004.000000 186.000000 1.616230 1.651709 3.667726 20.901307 0.877803 42.340891 -1.737079 0.151015
Car -1 -1 -10 341.000000 194.000000 429.000000 240.000000 1.536010 1.605461 3.926169 -6.765296 1.663893 21.740432 1.629136 0.135030
Car -1 -1 -10 966.000000 154.000000 1053.000000 185.000000 1.536542 1.595753 3.847715 21.329341 0.632881 39.899125 1.677903 0.115963
Car -1 -1 -10 979.000000 151.000000 1114.000000 191.000000 1.587929 1.669891 3.960172 20.625312 0.517939 28.812683 1.467193 0.023044
