Pedestrian -1 -1 -10 15.000000 153.000000 134.000000 370.000000 1.806507 0.751824 0.889119 -4.699855 1.546763 6.325716 -1.213296 0.995920
Pedestrian -1 -1 -10 305.000000 206.000000 395.000000 369.000000 1.582284 0.678660 0.882321 -2.087837 1.740335 5.981301 -1.530945 0.958546
Pedestrian -1 -1 -10 238.000000 208.000000 325.000000 363.000000 1.581840 0.700521 0.739915 -2.744543 1.760139 5.956757 -1.503256 0.947421
Pedestrian -1 -1 -10 383.000000 194.000000 423.000000 290.000000 1.705253 0.610292 0.722256 -2.512987 1.666335 9.129437 -2.477879 0.645913
Pedestrian -1 -1 -10 356.000000 200.000000 401.000000 274.000000 1.679344 0.587097 0.525148 -2.814366 1.658098 8.644578 -2.564198 0.260157
Pedestrian -1 -1 -10 310.000000 210.000000 351.000000 316.000000 1.760696 0.584997 0.554985 -6.515775 1.983810 17.468071 -2.569793 0.167911
Pedestrian -1 -1 -10 337.000000 207.000000 397.000000 313.000000 1.701284 0.582760 0.547316 -3.472630 1.810459 10.594530 -2.543624 0.143579
Car -1 -1 -10 958.000000 123.000000 1234.000000 371.000000 1.581052 1.642141 3.918249 3.148140 1.318865 2.864516 -1.569948 0.905285
Cyclist -1 -1 -10 506.000000 170.000000 556.000000 215.000000 1.746879 0.624582 1.779353 -2.715843 1.286847 27.740601 0.014533 0.318611
Cyclist -1 -1 -10 305.000000 208.000000 344.000000 306.000000 1.712978 0.531420 1.608745 -5.384753 2.162948 13.201003 -1.935892 0.057347
Cyclist -1 -1 -10 306.000000 206.000000 393.000000 365.000000 1.663526 0.641626 1.621353 -2.066726 1.798466 5.950032 -1.804690 0.035687
Cyclist -1 -1 -10 231.000000 209.000000 335.000000 361.000000 1.614949 0.536671 1.608123 -2.647146 1.671587 5.890454 -1.967241 0.016474
Cyclist -1 -1 -10 354.000000 203.000000 393.000000 270.000000 1.740337 0.502469 1.320350 -3.531126 1.660663 10.650063 -1.850353 0.012441
