Pedestrian -1 -1 -10 436.000000 167.000000 455.000000 233.000000 1.777620 0.707573 0.610913 -4.043868 1.635274 17.595577 -1.738384 0.921500
Pedestrian -1 -1 -10 422.000000 170.000000 466.000000 235.000000 1.796412 0.894938 0.665684 -4.068660 1.685695 17.401818 -1.721918 0.025323
Car -1 -1 -10 329.000000 179.000000 517.000000 310.000000 1.540293 1.615420 3.999730 -2.459005 1.621698 10.380707 -1.589383 0.998705
Car -1 -1 -10 747.000000 172.000000 1034.000000 371.000000 1.637436 1.618300 3.808155 2.531071 1.658936 7.580637 -1.547874 0.998672
Car -1 -1 -10 673.000000 178.000000 721.000000 217.000000 1.398777 1.617685 3.878413 3.379991 1.627821 28.855938 -1.575277 0.997044
Car -1 -1 -10 567.000000 176.000000 600.000000 206.000000 1.568801 1.661545 3.863364 -1.608154 1.910781 42.632177 -1.559730 0.996714
Car -1 -1 -10 445.000000 181.000000 558.000000 261.000000 1.493906 1.636782 4.050447 -2.336528 1.725859 15.484832 -1.515187 0.996228
Car -1 -1 -10 711.000000 181.000000 838.000000 280.000000 1.447885 1.591330 3.834515 2.882730 1.631121 13.156830 -1.553282 0.987078
Car -1 -1 -10 659.000000 178.000000 699.000000 206.000000 1.569758 1.633058 3.925470 3.719255 1.838989 41.515196 -1.648090 0.561317
Car -1 -1 -10 415.000000 177.000000 494.000000 240.000000 1.477472 1.566329 3.843996 -5.396121 1.211069 20.368087 0.741278 0.015834
Car -1 -1 -10 740.000000 177.000000 902.000000 313.000000 1.622996 1.582918 3.828874 2.667829 1.706500 8.851308 -1.493740 0.014274
Cyclist -1 -1 -10 425.000000 168.000000 461.000000 234.000000 1.687490 0.656488 1.726166 -4.065913 1.272164 17.677562 -2.382090 0.029288
