Car -1 -1 -10 529.000000 203.000000 882.000000 376.000000 1.468600 1.579641 3.590964 0.556647 1.781257 6.726907 -2.105144 0.999735
Car -1 -1 -10 408.000000 215.000000 639.000000 335.000000 1.479723 1.628541 3.941486 -1.740797 2.084503 10.808551 -2.106660 0.997920
Car -1 -1 -10 292.000000 203.000000 396.000000 275.000000 1.487611 1.600374 3.621562 -7.371108 2.364604 18.996466 -2.095404 0.994587
Car -1 -1 -10 244.000000 212.000000 298.000000 254.000000 1.585507 1.423739 2.818062 -12.903729 2.875623 27.754748 -2.038311 0.991532
Car -1 -1 -10 352.000000 212.000000 487.000000 294.000000 1.436342 1.604239 3.846609 -4.182183 2.230842 14.767884 -2.124127 0.990790
Car -1 -1 -10 22.000000 211.000000 107.000000 277.000000 1.577055 1.619967 3.930589 -17.509596 2.824659 22.975036 -2.186352 0.899131
Car -1 -1 -10 269.000000 209.000000 339.000000 263.000000 1.545302 1.548550 3.749458 -9.310963 2.400899 18.295126 -1.303271 0.645799
Car -1 -1 -10 86.000000 217.000000 129.000000 246.000000 1.503305 1.572991 3.701485 -19.132458 2.294907 24.227052 1.533448 0.420128
Car -1 -1 -10 231.000000 214.000000 274.000000 245.000000 1.444485 1.581116 3.912657 -14.301115 3.133346 29.747630 -2.127368 0.284337
Car -1 -1 -10 -2.000000 231.000000 58.000000 330.000000 1.477372 1.581413 3.826150 -11.682726 2.674598 13.417695 1.003338 0.210553
