Pedestrian -1 -1 -10 1002.000000 162.000000 1070.000000 304.000000 1.655793 0.611101 0.647783 5.056921 1.437458 8.497883 -1.460259 0.996162
Pedestrian -1 -1 -10 811.000000 159.000000 915.000000 372.000000 1.710209 0.795597 0.694780 2.082260 1.542177 5.838397 -1.307188 0.994469
Pedestrian -1 -1 -10 752.000000 170.000000 838.000000 371.000000 1.722072 0.584406 0.909831 1.495048 1.588311 5.984434 1.740610 0.992727
Pedestrian -1 -1 -10 219.000000 160.000000 309.000000 363.000000 1.733786 0.719886 0.865259 -3.158865 1.554458 6.657154 -1.523836 0.990798
Pedestrian -1 -1 -10 902.000000 164.000000 926.000000 230.000000 1.725189 0.563500 0.615453 8.186545 1.319546 18.880871 2.484912 0.726091
Pedestrian -1 -1 -10 811.000000 166.000000 840.000000 259.000000 1.699799 0.604015 0.628853 4.920584 1.435010 15.877829 -1.799931 0.486378
Pedestrian -1 -1 -10 502.000000 177.000000 520.000000 224.000000 1.717309 0.570410 0.810949 -3.653353 1.663665 27.819047 -0.739010 0.140309
Pedestrian -1 -1 -10 955.000000 159.000000 971.000000 210.000000 1.706033 0.665303 0.588386 10.340664 1.068105 20.509081 -2.556031 0.115787
Pedestrian -1 -1 -10 813.000000 163.000000 861.000000 280.000000 1.719906 0.599706 0.641275 4.755573 1.174823 15.705959 -1.805649 0.096937
Pedestrian -1 -1 -10 857.000000 162.000000 876.000000 209.000000 1.696685 0.690080 0.711441 8.203755 0.984539 22.449974 -1.567859 0.067061
Pedestrian -1 -1 -10 798.000000 171.000000 829.000000 323.000000 1.687835 0.513358 0.615074 1.663060 1.424687 6.201313 2.870760 0.052420
Car -1 -1 -10 547.000000 169.000000 602.000000 217.000000 1.899826 1.791709 4.207376 -1.254899 1.519367 33.947020 1.603882 0.031862
Car -1 -1 -10 617.000000 172.000000 648.000000 200.000000 1.586901 1.652670 3.881792 2.500381 1.133860 55.498270 1.606606 0.010536
Cyclist -1 -1 -10 393.000000 173.000000 457.000000 260.000000 1.697313 0.603661 1.826835 -3.799111 1.583596 15.209880 2.453656 0.933951
Cyclist -1 -1 -10 813.000000 164.000000 850.000000 272.000000 1.666781 0.579815 1.651426 4.929791 1.303083 16.076333 2.673744 0.072846
Cyclist -1 -1 -10 221.000000 159.000000 313.000000 366.000000 1.805375 0.603469 1.721158 -3.362698 1.592988 6.756084 -1.970644 0.028934
Cyclist -1 -1 -10 756.000000 171.000000 836.000000 369.000000 1.778876 0.602275 1.731657 1.560510 1.594889 5.948255 1.886954 0.022500
Cyclist -1 -1 -10 803.000000 167.000000 836.000000 258.000000 1.672727 0.637367 1.718836 4.924654 1.397095 16.086874 -1.848521 0.011585
Cyclist -1 -1 -10 1001.000000 160.000000 1069.000000 309.000000 1.713713 0.502672 1.642778 5.177404 1.474154 8.620946 -0.996008 0.010885
