Car -1 -1 -10 577.000000 174.000000 636.000000 228.000000 1.510006 1.669731 3.708611 -0.101104 1.166266 23.602645 -1.569821 0.999638
Car -1 -1 -10 222.000000 189.000000 410.000000 292.000000 1.487315 1.607169 3.853749 -4.726955 1.538646 12.135503 -1.553062 0.999512
Car -1 -1 -10 1.000000 190.000000 193.000000 306.000000 1.531805 1.673551 4.198002 -8.447592 1.643733 11.140031 -1.586780 0.968749
Car -1 -1 -10 492.000000 174.000000 540.000000 211.000000 1.477133 1.566147 3.837185 -4.156731 1.015079 34.165276 -1.576426 0.959867
Car -1 -1 -10 383.000000 181.000000 441.000000 214.000000 1.503552 1.629022 3.718191 -8.862203 1.156963 31.876104 -1.739464 0.200666
Car -1 -1 -10 289.000000 184.000000 338.000000 211.000000 1.572966 1.659607 3.851249 -13.275494 1.659401 33.008353 -1.518008 0.110940
Car -1 -1 -10 318.000000 185.000000 374.000000 213.000000 1.496716 1.511755 3.450042 -11.496159 1.133594 32.047395 1.187763 0.030326
Car -1 -1 -10 280.000000 184.000000 365.000000 226.000000 1.573695 1.660970 3.853250 -13.269099 1.655613 33.012957 -1.513618 0.021796
Car -1 -1 -10 405.000000 190.000000 452.000000 217.000000 1.526808 1.605223 3.922454 -8.489796 1.323686 32.337107 -1.868771 0.016539
Car -1 -1 -10 517.000000 176.000000 547.000000 202.000000 1.528030 1.630843 3.766418 -5.460007 0.962059 46.635467 -2.311350 0.012801
