Car -1 -1 -10 664.000000 181.000000 815.000000 286.000000 1.563329 1.642036 3.921832 2.169477 1.561510 13.168649 -1.637513 0.999759
Car -1 -1 -10 297.000000 185.000000 419.000000 262.000000 1.426640 1.576096 3.676349 -5.482770 1.556047 15.846813 -1.661611 0.999424
Car -1 -1 -10 538.000000 181.000000 582.000000 223.000000 1.504973 1.659896 3.718181 -2.042582 1.420756 29.586196 -1.668719 0.998926
Car -1 -1 -10 387.000000 188.000000 461.000000 237.000000 1.516892 1.609508 3.853657 -5.723766 1.575935 22.354244 -1.652629 0.998318
Car -1 -1 -10 -2.000000 186.000000 272.000000 372.000000 1.480203 1.593443 3.774019 -4.839272 1.589899 7.063472 -1.657921 0.996852
Car -1 -1 -10 175.000000 164.000000 311.000000 244.000000 1.854138 1.692232 4.158270 -10.396705 1.555244 19.365306 -3.242550 0.888783
Car -1 -1 -10 422.000000 185.000000 473.000000 221.000000 1.572863 1.637020 3.899733 -6.708286 1.627829 29.843074 -1.630689 0.833219
Car -1 -1 -10 458.000000 184.000000 494.000000 210.000000 1.467646 1.603179 3.943392 -7.733443 1.261727 42.809849 -1.680355 0.728912
Car -1 -1 -10 529.000000 184.000000 555.000000 214.000000 1.523327 1.627925 3.624370 -3.098805 1.567298 38.672882 -1.650490 0.469808
Car -1 -1 -10 2.000000 182.000000 116.000000 371.000000 1.521764 1.636387 3.890460 -5.143978 1.613232 6.418794 -3.409796 0.135003
Car -1 -1 -10 2.000000 168.000000 93.000000 286.000000 1.597830 1.539570 3.547919 -13.614816 0.934700 16.688918 -2.808240 0.068230
