Pedestrian -1 -1 -10 375.000000 161.000000 400.000000 246.000000 1.763989 0.666032 0.674865 -4.552335 1.438271 14.286160 -1.478132 0.925452
Pedestrian -1 -1 -10 916.000000 116.000000 964.000000 291.000000 1.701165 0.485963 0.600516 5.238629 1.008803 11.606194 3.037364 0.699307
Pedestrian -1 -1 -10 397.000000 164.000000 428.000000 245.000000 1.763104 0.693025 0.831249 -4.850884 1.380407 16.996729 -1.351094 0.332218
Pedestrian -1 -1 -10 361.000000 160.000000 424.000000 251.000000 1.806885 0.759296 0.784504 -4.605137 1.343189 15.682219 -2.276505 0.097686
Pedestrian -1 -1 -10 392.000000 162.000000 413.000000 247.000000 1.730657 0.583286 0.679228 -5.102042 1.277152 17.441919 2.273579 0.075644
Pedestrian -1 -1 -10 357.000000 172.000000 504.000000 291.000000 1.736924 0.685745 0.897826 -2.168979 1.798924 9.863777 -2.938337 0.024921
Car -1 -1 -10 728.000000 177.000000 937.000000 328.000000 1.451549 1.610418 3.828019 2.558309 1.534732 9.213099 -1.595714 0.999087
Car -1 -1 -10 662.000000 173.000000 720.000000 218.000000 1.481787 1.625026 3.938370 2.714339 1.464283 24.994027 -1.587298 0.998903
Car -1 -1 -10 347.000000 177.000000 520.000000 293.000000 1.504396 1.622659 3.949648 -2.692317 1.634140 11.395013 -1.500781 0.998451
Car -1 -1 -10 544.000000 171.000000 578.000000 204.000000 1.561343 1.645381 3.921194 -2.714170 1.587409 38.666998 -1.661471 0.995598
Car -1 -1 -10 40.000000 179.000000 451.000000 376.000000 1.536701 1.665293 4.061454 -2.700283 1.636194 6.438911 -1.620304 0.989897
Car -1 -1 -10 822.000000 153.000000 1223.000000 374.000000 1.561446 1.626164 3.849193 2.309903 1.482089 3.551225 -1.563086 0.890373
Car -1 -1 -10 642.000000 172.000000 688.000000 204.000000 1.530235 1.607279 3.989754 2.773457 1.541183 37.547500 -1.670355 0.767981
Car -1 -1 -10 637.000000 172.000000 668.000000 199.000000 1.521707 1.587805 3.783941 2.751308 1.582973 42.212747 -0.849145 0.172963
Car -1 -1 -10 435.000000 179.000000 507.000000 227.000000 1.527705 1.531042 3.492239 -4.269091 1.472615 17.412907 1.906639 0.068479
Car -1 -1 -10 561.000000 172.000000 584.000000 197.000000 1.689750 1.723140 3.885375 -1.989787 1.756526 52.721490 -1.615614 0.028073
Car -1 -1 -10 286.000000 181.000000 385.000000 246.000000 1.469627 1.614611 4.073403 -5.966470 1.180782 12.945824 -1.324376 0.016730
Cyclist -1 -1 -10 371.000000 165.000000 427.000000 244.000000 1.680100 0.682029 1.714032 -5.136601 1.152008 17.291113 0.275650 0.013915
