Car -1 -1 -10 632.000000 178.000000 677.000000 214.000000 1.458364 1.628145 4.013785 1.954782 1.723777 32.924406 -1.630914 0.998574
Car -1 -1 -10 135.000000 163.000000 368.000000 266.000000 1.579231 1.642147 3.876609 -7.018295 1.648980 13.444772 -3.220008 0.991465
Car -1 -1 -10 889.000000 187.000000 1215.000000 317.000000 1.475997 1.598853 3.855068 5.941238 1.729990 9.571368 0.069543 0.987347
Car -1 -1 -10 366.000000 177.000000 494.000000 217.000000 1.488062 1.570996 3.877442 -6.691315 1.688425 27.190796 -0.006246 0.986798
Car -1 -1 -10 782.000000 183.000000 1008.000000 268.000000 1.586019 1.626390 4.020277 5.895703 1.755973 14.629665 3.028486 0.979129
Car -1 -1 -10 -3.000000 179.000000 254.000000 338.000000 1.478166 1.585512 3.784451 -6.357147 1.645727 8.410120 -3.197332 0.975719
Car -1 -1 -10 746.000000 174.000000 905.000000 250.000000 1.610041 1.581499 3.923038 5.410910 1.773708 17.910628 3.037059 0.973939
Car -1 -1 -10 1021.000000 191.000000 1242.000000 373.000000 1.573872 1.644088 3.960710 6.285607 1.685238 6.557915 0.020014 0.971192
Car -1 -1 -10 841.000000 186.000000 1102.000000 284.000000 1.519375 1.600067 3.778365 6.150965 1.771037 12.059385 -0.007148 0.772182
Cyclist -1 -1 -10 504.000000 173.000000 528.000000 225.000000 1.680288 0.552419 1.635472 -3.251498 1.775652 25.400081 1.508939 0.980770
Cyclist -1 -1 -10 492.000000 175.000000 533.000000 206.000000 1.757909 0.708046 1.748661 -5.613599 1.795008 39.970353 -0.106705 0.037819
