Car -1 -1 -10 763.000000 176.000000 896.000000 231.000000 1.453934 1.590469 3.763355 6.086773 1.621390 20.653542 -2.092472 0.998442
Car -1 -1 -10 626.000000 176.000000 674.000000 211.000000 1.512581 1.573959 3.675384 1.821288 1.740127 32.851747 -1.716025 0.998172
Car -1 -1 -10 368.000000 179.000000 477.000000 218.000000 1.551948 1.637494 4.101295 -7.343857 1.704883 28.702029 -3.110775 0.995831
Car -1 -1 -10 35.000000 175.000000 302.000000 283.000000 1.540657 1.614144 3.648700 -7.053983 1.666677 11.804157 -3.139853 0.974718
Car -1 -1 -10 145.000000 185.000000 360.000000 266.000000 1.516521 1.605104 3.898553 -7.016640 1.662137 13.588597 -3.105551 0.754590
Car -1 -1 -10 404.000000 178.000000 496.000000 208.000000 1.517552 1.503103 3.488149 -7.624494 1.766806 36.516057 -1.690424 0.456235
Car -1 -1 -10 438.000000 177.000000 520.000000 202.000000 1.538975 1.648277 4.039462 -6.648706 1.909556 46.805984 1.369050 0.198073
Car -1 -1 -10 608.000000 174.000000 649.000000 201.000000 1.487121 1.601730 3.924319 0.801803 1.601896 42.406344 -1.595116 0.091710
Car -1 -1 -10 343.000000 182.000000 437.000000 222.000000 1.577766 1.577592 3.774958 -6.629652 2.091805 26.733487 1.378877 0.038617
Car -1 -1 -10 182.000000 168.000000 416.000000 247.000000 1.665690 1.686634 4.210520 -6.560479 1.460950 16.111623 -3.018348 0.034941
Car -1 -1 -10 266.000000 172.000000 477.000000 229.000000 1.498044 1.637086 3.975069 -7.440715 1.751546 23.577473 -2.946254 0.032244
