Pedestrian -1 -1 -10 688.000000 167.000000 709.000000 231.000000 1.677392 0.539764 0.715684 2.081056 1.539498 17.045723 -1.519911 0.467602
Pedestrian -1 -1 -10 712.000000 160.000000 741.000000 238.000000 1.714505 0.541930 0.832270 2.363469 1.478710 15.409009 3.196077 0.115119
Pedestrian -1 -1 -10 727.000000 151.000000 754.000000 242.000000 1.734433 0.657872 1.033232 2.562935 1.417865 13.858942 -2.098807 0.084944
Pedestrian -1 -1 -10 734.000000 155.000000 760.000000 215.000000 1.700787 0.526677 0.613480 2.527750 1.310136 14.186558 2.749005 0.063579
Pedestrian -1 -1 -10 694.000000 159.000000 766.000000 239.000000 1.701826 0.646904 0.703096 2.412422 1.426243 15.411433 2.882428 0.052480
Pedestrian -1 -1 -10 690.000000 165.000000 732.000000 231.000000 1.732695 0.649740 0.821026 2.164178 1.565153 17.163179 2.719457 0.035921
Pedestrian -1 -1 -10 726.000000 151.000000 785.000000 237.000000 1.792248 0.652605 0.974665 2.747969 1.373371 13.968420 0.883242 0.021934
Pedestrian -1 -1 -10 743.000000 158.000000 776.000000 203.000000 1.701952 0.526598 0.610016 2.762331 1.305436 14.128172 2.764596 0.014512
Car -1 -1 -10 177.000000 173.000000 472.000000 372.000000 1.583369 1.652568 3.932725 -2.836405 1.587545 7.823655 -1.581935 0.999428
Car -1 -1 -10 592.000000 169.000000 620.000000 196.000000 1.600106 1.636268 3.952038 -0.317166 1.216143 46.617315 1.573339 0.998441
Car -1 -1 -10 322.000000 176.000000 428.000000 221.000000 1.537052 1.601440 3.927069 -7.713520 1.473613 26.154376 1.756970 0.017315
Cyclist -1 -1 -10 700.000000 150.000000 808.000000 250.000000 1.778906 0.683112 1.854844 2.597221 1.417825 13.905418 -2.914391 0.999788
Cyclist -1 -1 -10 705.000000 157.000000 749.000000 245.000000 1.767355 0.604094 1.752541 2.212298 1.390071 15.253963 2.392261 0.973269
Cyclist -1 -1 -10 721.000000 151.000000 766.000000 242.000000 1.745144 0.566873 1.799527 2.622729 1.389542 13.843831 -2.004738 0.831513
Cyclist -1 -1 -10 689.000000 164.000000 729.000000 233.000000 1.742686 0.466730 1.640811 2.096460 1.452796 16.522178 2.196580 0.781434
Cyclist -1 -1 -10 859.000000 174.000000 889.000000 216.000000 1.646065 0.535746 1.785295 7.621716 1.661204 20.243991 -1.799254 0.677579
Cyclist -1 -1 -10 694.000000 164.000000 775.000000 228.000000 1.742525 0.593452 1.746698 2.608882 1.336401 16.052603 3.200071 0.146995
Cyclist -1 -1 -10 735.000000 153.000000 757.000000 228.000000 1.734746 0.584020 1.710278 2.807678 1.178142 16.594159 -1.398660 0.088746
Cyclist -1 -1 -10 738.000000 158.000000 770.000000 206.000000 1.624211 0.515925 1.588478 4.116244 1.531848 20.058111 -1.366720 0.048654
Cyclist -1 -1 -10 688.000000 167.000000 709.000000 228.000000 1.684072 0.545245 1.648333 2.094708 1.529738 17.305119 -1.528066 0.028083
Cyclist -1 -1 -10 732.000000 154.000000 785.000000 225.000000 1.789198 0.595530 1.612923 2.839145 1.219676 14.592077 2.826745 0.010770
