Car -1 -1 -10 749.000000 177.000000 872.000000 228.000000 1.459858 1.586541 3.741618 6.052331 1.637382 22.166279 -2.066979 0.998273
Car -1 -1 -10 384.000000 180.000000 489.000000 215.000000 1.676682 1.656897 4.016767 -6.909528 1.772576 31.305061 -3.156610 0.995615
Car -1 -1 -10 625.000000 177.000000 670.000000 209.000000 1.496777 1.553194 3.673694 1.687947 1.740618 34.370403 -1.718153 0.993544
Car -1 -1 -10 102.000000 177.000000 340.000000 271.000000 1.519162 1.611055 3.756801 -7.088352 1.680520 13.282115 -3.131587 0.986862
Car -1 -1 -10 188.000000 184.000000 385.000000 256.000000 1.525779 1.599939 3.898942 -6.997123 1.741453 15.044495 -3.163716 0.800564
Car -1 -1 -10 0.000000 194.000000 95.000000 367.000000 1.476912 1.600026 3.749091 -6.477260 1.675049 6.132789 1.477051 0.449180
Car -1 -1 -10 422.000000 177.000000 498.000000 206.000000 1.511441 1.531548 3.637548 -7.694303 1.804846 37.313128 -3.118270 0.136420
Car -1 -1 -10 606.000000 176.000000 648.000000 201.000000 1.525178 1.602916 3.835052 1.069871 1.730032 43.953831 -1.606989 0.037444
Car -1 -1 -10 236.000000 162.000000 427.000000 244.000000 1.856814 1.734304 4.257310 -6.464994 1.585971 17.839432 -3.044575 0.026309
Car -1 -1 -10 283.000000 174.000000 465.000000 227.000000 1.535605 1.546620 3.252543 -6.575413 1.545701 19.516938 1.793676 0.021472
