Pedestrian -1 -1 -10 -1.000000 200.000000 169.000000 368.000000 1.805096 0.673644 0.806528 -2.571514 2.050399 3.214790 -0.248871 0.011022
Car -1 -1 -10 161.000000 187.000000 460.000000 356.000000 1.587720 1.675927 4.134438 -3.290942 1.664443 8.682239 -1.569150 0.999737
Car -1 -1 -10 560.000000 178.000000 622.000000 237.000000 1.509181 1.653188 3.461469 -0.587261 1.392185 21.755920 -1.598902 0.999427
Car -1 -1 -10 398.000000 177.000000 512.000000 259.000000 1.601625 1.641446 3.874556 -3.285353 1.479961 16.109034 -1.589944 0.997991
Car -1 -1 -10 496.000000 179.000000 547.000000 222.000000 1.647422 1.650848 3.930924 -3.470180 1.340954 27.981849 1.491920 0.997244
Car -1 -1 -10 154.000000 181.000000 314.000000 271.000000 1.503062 1.617309 3.853028 -7.813212 1.483540 15.241897 -1.568978 0.986254
Car -1 -1 -10 309.000000 183.000000 364.000000 214.000000 1.495244 1.635958 3.839235 -12.651274 1.422406 33.938937 -1.546170 0.722741
Car -1 -1 -10 -5.000000 206.000000 169.000000 367.000000 1.514185 1.601301 3.900118 -3.234969 1.824736 2.167055 -1.519169 0.368711
Car -1 -1 -10 361.000000 179.000000 414.000000 214.000000 1.516050 1.609258 3.923531 -7.945012 1.184593 27.040462 -1.765853 0.076647
Car -1 -1 -10 162.000000 179.000000 244.000000 215.000000 1.544233 1.637489 3.941619 -17.811938 0.944460 29.455076 -3.120828 0.037526
Car -1 -1 -10 349.000000 190.000000 402.000000 218.000000 1.494802 1.685309 4.222230 -13.125316 1.344465 32.449337 1.645741 0.034705
