Car -1 -1 -10 276.000000 192.000000 458.000000 324.000000 1.532208 1.527109 3.526282 -3.336331 1.856585 10.604856 1.572542 0.999059
Car -1 -1 -10 731.000000 171.000000 870.000000 280.000000 1.626088 1.619668 3.705975 3.172840 1.694105 13.253973 -1.537078 0.998184
Car -1 -1 -10 815.000000 193.000000 1136.000000 368.000000 1.449694 1.603407 3.853868 3.610739 1.729164 8.016921 -1.544078 0.997938
Car -1 -1 -10 667.000000 178.000000 729.000000 225.000000 1.487819 1.618286 3.976438 3.059678 1.754765 25.976791 -1.562109 0.983998
Car -1 -1 -10 694.000000 176.000000 795.000000 245.000000 1.536004 1.624902 3.834646 3.630319 1.690445 19.793389 1.290352 0.983404
Car -1 -1 -10 463.000000 169.000000 544.000000 236.000000 1.786574 1.698410 4.351139 -3.280230 1.828774 22.329178 -1.570390 0.973999
Car -1 -1 -10 0.000000 205.000000 309.000000 373.000000 1.488471 1.642623 3.990335 -3.208855 1.764471 4.154120 1.509745 0.965679
Car -1 -1 -10 1004.000000 203.000000 1245.000000 375.000000 1.507932 1.628701 3.942571 3.587365 1.932797 3.298352 -1.541157 0.963690
Car -1 -1 -10 537.000000 177.000000 570.000000 202.000000 1.522946 1.640770 3.846916 -3.341974 1.777476 43.577157 1.588307 0.895007
Car -1 -1 -10 661.000000 177.000000 704.000000 215.000000 1.502806 1.537063 3.631664 3.110981 1.667068 30.825295 1.486191 0.348308
