Pedestrian -1 -1 -10 256.000000 208.000000 330.000000 366.000000 1.707246 0.657230 0.644198 -2.560312 1.861316 5.971338 2.246888 0.963543
Pedestrian -1 -1 -10 38.000000 245.000000 169.000000 372.000000 1.788039 0.715808 0.703887 -2.138259 1.887542 2.947873 -1.723137 0.713731
Pedestrian -1 -1 -10 786.000000 191.000000 809.000000 254.000000 1.729481 0.493730 0.653520 4.090581 1.658157 15.680836 0.373907 0.131291
Pedestrian -1 -1 -10 103.000000 245.000000 185.000000 372.000000 1.749848 0.620439 0.757120 -2.172977 1.815225 3.050869 2.012651 0.078479
Pedestrian -1 -1 -10 197.000000 215.000000 289.000000 358.000000 1.747676 0.699524 0.746751 -2.247199 2.007756 4.594637 0.538902 0.059874
Pedestrian -1 -1 -10 739.000000 183.000000 764.000000 257.000000 1.772036 0.688620 0.719905 3.362677 1.684931 16.160138 1.680938 0.053657
Pedestrian -1 -1 -10 56.000000 259.000000 130.000000 350.000000 1.751067 0.661903 0.602069 -2.126917 1.803850 2.875919 -2.733317 0.024434
Pedestrian -1 -1 -10 2.000000 231.000000 105.000000 365.000000 1.765439 0.722340 0.611619 -2.204635 1.908542 2.862670 -1.789704 0.013226
Pedestrian -1 -1 -10 816.000000 195.000000 837.000000 254.000000 1.684342 0.605101 0.531642 4.008142 1.802336 12.896906 -1.954499 0.010492
Car -1 -1 -10 0.000000 240.000000 188.000000 371.000000 1.529085 1.586761 3.745949 -3.301311 1.728089 3.335711 -2.087538 0.014032
Cyclist -1 -1 -10 492.000000 173.000000 554.000000 226.000000 1.785558 0.704770 1.821164 -2.779777 1.253574 24.608999 -2.827382 0.470316
Cyclist -1 -1 -10 1.000000 242.000000 188.000000 371.000000 1.627731 0.606169 1.600310 -2.313235 1.612363 3.015858 -0.517498 0.094720
Cyclist -1 -1 -10 818.000000 196.000000 840.000000 246.000000 1.652683 0.503858 1.587517 6.681892 1.610862 20.806560 -1.291068 0.014973
