Pedestrian -1 -1 -10 577.000000 159.000000 600.000000 243.000000 1.676444 0.569967 0.767622 -0.299589 1.197384 15.184099 -0.905480 0.993453
Pedestrian -1 -1 -10 528.000000 159.000000 555.000000 231.000000 1.762941 0.697641 0.982576 -1.517464 1.218118 17.817094 1.546501 0.983392
Pedestrian -1 -1 -10 828.000000 151.000000 871.000000 263.000000 1.733895 0.682030 0.885776 3.775618 1.173227 11.131677 -1.682543 0.969527
Pedestrian -1 -1 -10 448.000000 156.000000 472.000000 242.000000 1.743821 0.631743 0.738155 -3.061648 1.296370 15.313634 1.834128 0.830170
Pedestrian -1 -1 -10 600.000000 160.000000 615.000000 208.000000 1.760812 0.620486 0.713460 0.182835 0.996205 27.504302 -1.458173 0.423311
Pedestrian -1 -1 -10 612.000000 160.000000 629.000000 210.000000 1.819604 0.696891 0.821941 0.648579 1.019064 26.474109 -1.574111 0.390510
Pedestrian -1 -1 -10 711.000000 148.000000 767.000000 254.000000 1.688547 0.706940 0.871735 2.321316 1.245510 12.215758 2.830067 0.358653
Pedestrian -1 -1 -10 281.000000 164.000000 391.000000 358.000000 1.707249 0.779918 0.702423 -2.490227 1.489958 6.622471 1.368063 0.213938
Pedestrian -1 -1 -10 1143.000000 143.000000 1229.000000 340.000000 1.651832 0.642712 0.726810 4.678886 1.286953 5.632142 -0.402054 0.139074
Pedestrian -1 -1 -10 565.000000 159.000000 581.000000 208.000000 1.857894 0.671576 0.770220 -1.134249 0.932685 28.046252 1.508376 0.134064
Pedestrian -1 -1 -10 668.000000 155.000000 698.000000 213.000000 1.715950 0.751300 0.592450 2.338219 1.409017 21.777620 -1.053764 0.043149
Pedestrian -1 -1 -10 570.000000 160.000000 592.000000 228.000000 1.731117 0.568636 0.751387 -0.457672 1.179518 15.289288 0.501452 0.028851
Pedestrian -1 -1 -10 817.000000 151.000000 833.000000 205.000000 1.748961 0.633415 0.716017 5.763848 0.786532 18.575029 -0.742586 0.025636
Pedestrian -1 -1 -10 593.000000 159.000000 609.000000 210.000000 1.735117 0.650803 0.877540 0.108898 0.943741 27.415702 -0.975057 0.022911
Pedestrian -1 -1 -10 587.000000 158.000000 603.000000 223.000000 1.749733 0.598446 0.573091 -0.338547 0.814183 26.340464 2.580664 0.022362
Pedestrian -1 -1 -10 802.000000 151.000000 816.000000 201.000000 1.726680 0.583409 0.737637 6.087250 0.714654 21.195996 2.874528 0.015204
Pedestrian -1 -1 -10 825.000000 156.000000 842.000000 213.000000 1.696290 0.502020 0.423304 4.889941 1.524253 15.484570 2.933158 0.011411
Pedestrian -1 -1 -10 6.000000 167.000000 55.000000 262.000000 1.705357 0.598605 0.686687 -6.369126 1.685723 7.930261 -2.861078 0.010690
Car -1 -1 -10 1117.000000 146.000000 1235.000000 348.000000 1.508559 1.475724 3.209306 4.196843 0.976708 5.983375 -1.560156 0.014343
Cyclist -1 -1 -10 274.000000 162.000000 398.000000 368.000000 1.722097 0.592949 1.727479 -2.547155 1.516227 6.612292 1.299002 0.998048
Cyclist -1 -1 -10 708.000000 149.000000 774.000000 258.000000 1.733130 0.560440 1.816620 2.253918 1.222981 12.193011 1.289065 0.981265
Cyclist -1 -1 -10 667.000000 156.000000 698.000000 211.000000 1.670069 0.592405 1.632955 2.424629 1.257924 21.801615 -1.544568 0.293047
Cyclist -1 -1 -10 71.000000 202.000000 150.000000 274.000000 1.677638 0.733779 1.707639 -6.805069 1.547690 9.865289 -0.554492 0.168786
Cyclist -1 -1 -10 55.000000 207.000000 186.000000 300.000000 1.661648 0.485951 1.579823 -7.025418 1.404819 10.135583 -1.566827 0.091876
Cyclist -1 -1 -10 944.000000 210.000000 1208.000000 370.000000 1.658367 0.775312 1.767246 2.133317 1.538519 2.961266 1.470856 0.030386
Cyclist -1 -1 -10 1122.000000 145.000000 1232.000000 347.000000 1.658324 0.527027 1.669898 4.646484 1.279422 5.715383 -0.965576 0.020465
Cyclist -1 -1 -10 94.000000 200.000000 126.000000 256.000000 1.647293 0.545586 1.571469 -8.445741 1.666560 12.569375 -2.139094 0.018772
Cyclist -1 -1 -10 659.000000 158.000000 686.000000 202.000000 1.712978 0.531420 1.608745 2.900439 0.469317 30.262075 -1.469516 0.017616
