Pedestrian -1 -1 -10 27.000000 165.000000 120.000000 367.000000 1.662595 0.591109 0.588330 -5.688149 1.663435 7.825954 1.617229 0.907036
Pedestrian -1 -1 -10 559.000000 175.000000 567.000000 204.000000 1.806093 0.606351 0.800063 -3.124056 1.948865 47.642397 2.994033 0.374293
Pedestrian -1 -1 -10 570.000000 172.000000 579.000000 201.000000 1.730589 0.632088 0.756873 -2.438271 1.908411 48.163396 1.480795 0.120831
Pedestrian -1 -1 -10 1.000000 197.000000 40.000000 329.000000 1.688089 0.597719 0.689328 -6.665041 1.656268 8.080692 -2.916942 0.033800
Pedestrian -1 -1 -10 0.000000 203.000000 176.000000 377.000000 1.757015 0.625151 0.874061 -3.564477 2.379645 4.755808 -0.029799 0.017432
Pedestrian -1 -1 -10 3.000000 189.000000 23.000000 357.000000 1.742007 0.534869 0.583853 -8.849413 1.755244 10.476141 2.258771 0.011352
Car -1 -1 -10 756.000000 188.000000 1011.000000 355.000000 1.473821 1.563079 3.603781 2.658330 1.634194 7.936350 -1.575744 0.999707
Car -1 -1 -10 445.000000 180.000000 507.000000 228.000000 1.514274 1.610907 3.824169 -4.988890 1.903038 26.918968 1.571756 0.999195
Car -1 -1 -10 663.000000 176.000000 725.000000 226.000000 1.560449 1.588674 3.580755 2.631312 1.688604 23.438791 -1.575847 0.999054
Car -1 -1 -10 258.000000 178.000000 438.000000 294.000000 1.661012 1.663770 3.967215 -4.555087 1.853842 13.051905 -1.569139 0.997153
Car -1 -1 -10 504.000000 182.000000 539.000000 208.000000 1.599589 1.691844 3.960543 -5.244062 2.021920 42.844077 1.563312 0.992437
Car -1 -1 -10 3.000000 180.000000 172.000000 376.000000 1.535812 1.670105 4.070685 -4.195656 1.994431 3.809009 -1.614218 0.711318
Cyclist -1 -1 -10 559.000000 175.000000 568.000000 204.000000 1.757996 0.616492 1.804782 -3.187101 1.876244 47.846418 1.490982 0.180543
Cyclist -1 -1 -10 17.000000 170.000000 150.000000 377.000000 1.728607 0.583997 1.647487 -5.577053 1.785219 7.879431 1.651117 0.161632
Cyclist -1 -1 -10 571.000000 172.000000 580.000000 201.000000 1.785577 0.618215 1.809453 -2.487932 1.988730 48.340638 2.004215 0.042532
