Car -1 -1 -10 421.000000 183.000000 493.000000 232.000000 1.428970 1.609060 3.819656 -4.661253 1.375428 22.630218 -1.591003 0.999095
Car -1 -1 -10 573.000000 175.000000 611.000000 209.000000 1.569193 1.625951 4.106993 -0.814179 1.122123 35.968897 -1.586270 0.999063
Car -1 -1 -10 257.000000 186.000000 421.000000 282.000000 1.495247 1.607730 4.007919 -4.714936 1.479804 13.375744 -1.574278 0.998968
Car -1 -1 -10 129.000000 177.000000 255.000000 235.000000 1.539282 1.663206 3.942417 -12.215369 1.413958 21.508327 -1.578149 0.996304
Car -1 -1 -10 240.000000 185.000000 348.000000 244.000000 1.448857 1.620027 3.884909 -8.507856 1.432956 20.275375 -1.447315 0.991486
Car -1 -1 -10 1.000000 177.000000 193.000000 299.000000 1.590713 1.600323 3.779549 -8.400913 1.544967 11.694443 -1.601350 0.668813
Car -1 -1 -10 -3.000000 219.000000 163.000000 374.000000 1.529819 1.610097 3.802449 -4.151892 1.705784 3.604161 -1.600971 0.453901
Car -1 -1 -10 450.000000 179.000000 503.000000 217.000000 1.528583 1.619307 3.954260 -5.558926 1.236263 30.768197 -1.618533 0.265899
Car -1 -1 -10 352.000000 178.000000 421.000000 216.000000 1.492848 1.583377 3.652549 -9.217250 1.275461 30.425714 -1.555915 0.165170
Car -1 -1 -10 428.000000 172.000000 463.000000 203.000000 1.537325 1.641316 3.844020 -8.764064 0.753857 41.213013 -1.713243 0.025368
Car -1 -1 -10 0.000000 251.000000 64.000000 374.000000 1.476887 1.629104 3.840739 -5.167591 1.518820 4.910789 -2.313723 0.012180
