Pedestrian -1 -1 -10 1115.000000 137.000000 1200.000000 313.000000 1.773178 0.761975 0.535904 7.197211 1.072129 9.292159 -0.488286 0.811520
Pedestrian -1 -1 -10 514.000000 161.000000 529.000000 211.000000 1.782812 0.597071 0.645908 -4.393609 0.811473 37.813396 -2.286925 0.463784
Pedestrian -1 -1 -10 601.000000 164.000000 612.000000 193.000000 1.805397 0.647911 0.817169 0.247440 0.689050 43.439380 -1.719256 0.289895
Pedestrian -1 -1 -10 564.000000 159.000000 577.000000 199.000000 1.767925 0.630534 0.644070 -1.950126 0.450435 43.879185 3.009461 0.106781
Pedestrian -1 -1 -10 770.000000 154.000000 808.000000 256.000000 1.831336 0.703781 0.973844 3.256332 1.222882 12.585521 1.431288 0.103088
Pedestrian -1 -1 -10 618.000000 164.000000 626.000000 192.000000 1.759079 0.658669 0.689681 1.313153 0.470289 43.833346 -1.059375 0.102753
Pedestrian -1 -1 -10 591.000000 163.000000 599.000000 189.000000 1.860111 0.710515 0.745938 -0.408215 0.388656 54.134964 -1.581569 0.093322
Pedestrian -1 -1 -10 537.000000 165.000000 546.000000 201.000000 1.719796 0.639074 0.663016 -1.366440 1.297548 15.627724 0.482585 0.064052
Pedestrian -1 -1 -10 569.000000 160.000000 584.000000 193.000000 1.783426 0.644596 0.613649 -1.785292 0.447286 43.681300 -1.888133 0.044162
Pedestrian -1 -1 -10 579.000000 162.000000 587.000000 192.000000 1.828953 0.735199 0.766765 -1.439449 0.639625 55.505866 -1.138695 0.041070
Pedestrian -1 -1 -10 549.000000 166.000000 574.000000 207.000000 1.769691 0.655761 0.706219 -2.161035 0.640780 43.712533 -1.200107 0.040494
Pedestrian -1 -1 -10 1054.000000 149.000000 1194.000000 257.000000 1.761446 0.600936 0.742326 6.994453 1.014860 9.786631 1.253648 0.029572
Pedestrian -1 -1 -10 610.000000 163.000000 619.000000 192.000000 1.772696 0.620607 0.736835 0.784100 0.658545 47.478889 -1.607599 0.015452
Pedestrian -1 -1 -10 437.000000 155.000000 454.000000 204.000000 1.818268 0.677874 0.921979 -5.969390 1.416428 27.464716 -1.166297 0.012891
Car -1 -1 -10 496.000000 174.000000 587.000000 250.000000 1.509465 1.649070 4.047251 -1.201781 1.336998 15.826780 1.602169 0.999397
Car -1 -1 -10 1018.000000 152.000000 1201.000000 245.000000 1.529555 1.636240 3.960639 6.247941 0.685811 11.047459 0.016286 0.118240
Car -1 -1 -10 1095.000000 147.000000 1205.000000 282.000000 1.650687 1.607208 3.655962 7.262270 0.971263 11.077891 -1.490617 0.082915
Car -1 -1 -10 545.000000 167.000000 578.000000 215.000000 1.597277 1.581238 3.293809 -2.646079 0.444952 46.233804 2.098923 0.013040
Car -1 -1 -10 529.000000 171.000000 585.000000 228.000000 1.502395 1.580428 3.930645 -1.408816 1.132404 16.644450 1.503064 0.010305
Cyclist -1 -1 -10 1114.000000 140.000000 1206.000000 303.000000 1.739717 0.477347 1.689241 7.549476 0.781525 9.925465 -0.270635 0.264042
Cyclist -1 -1 -10 550.000000 165.000000 577.000000 213.000000 1.778188 0.615876 1.700525 -2.104307 0.421310 43.794793 -2.527070 0.078820
Cyclist -1 -1 -10 561.000000 160.000000 579.000000 203.000000 1.802807 0.646982 1.435589 -1.938371 0.365868 45.338625 -1.732479 0.043961
Cyclist -1 -1 -10 508.000000 162.000000 531.000000 210.000000 1.732770 0.586881 1.494324 -4.469489 1.218419 36.806071 2.475511 0.039104
Cyclist -1 -1 -10 1054.000000 149.000000 1194.000000 257.000000 1.720744 0.554341 1.636384 7.103286 0.835174 9.839705 0.119794 0.010342
