Pedestrian -1 -1 -10 893.000000 147.000000 1030.000000 372.000000 1.725104 0.615276 0.952533 2.473352 1.448803 4.960813 -1.665773 0.997804
Pedestrian -1 -1 -10 540.000000 160.000000 585.000000 271.000000 1.783119 0.681358 0.898406 -0.659065 1.434271 11.386397 1.638810 0.993045
Pedestrian -1 -1 -10 1094.000000 189.000000 1163.000000 333.000000 1.726775 0.626309 0.658834 5.068849 1.591380 7.141532 3.106102 0.951960
Pedestrian -1 -1 -10 555.000000 163.000000 594.000000 248.000000 1.836207 0.676668 0.950718 -0.451533 1.355862 16.209941 2.684685 0.716764
Pedestrian -1 -1 -10 896.000000 178.000000 933.000000 268.000000 1.713801 0.570305 0.570095 6.424783 1.308790 14.615238 2.962825 0.322977
Pedestrian -1 -1 -10 983.000000 181.000000 1044.000000 315.000000 1.678015 0.556197 0.835758 4.446007 1.578234 7.558820 3.308902 0.300340
Pedestrian -1 -1 -10 573.000000 163.000000 598.000000 235.000000 1.812917 0.610988 0.877838 -0.367764 1.321621 16.074673 0.525052 0.070598
Pedestrian -1 -1 -10 760.000000 156.000000 773.000000 204.000000 1.745873 0.552286 0.828932 6.404125 0.763038 27.933742 -1.286085 0.050151
Pedestrian -1 -1 -10 906.000000 174.000000 954.000000 276.000000 1.703939 0.705322 0.694256 4.807915 1.583987 11.234797 -1.661943 0.048810
Pedestrian -1 -1 -10 895.000000 170.000000 983.000000 300.000000 1.707267 0.594909 0.621421 4.461928 1.803727 10.377757 3.007007 0.046293
Pedestrian -1 -1 -10 1091.000000 189.000000 1134.000000 296.000000 1.700450 0.557473 0.600519 6.152904 1.327713 8.379250 -0.397337 0.038684
Car -1 -1 -10 344.000000 144.000000 545.000000 286.000000 1.836143 1.777001 4.219341 -2.397323 1.303411 12.179425 1.734142 0.796315
Cyclist -1 -1 -10 562.000000 161.000000 595.000000 242.000000 1.782000 0.537669 1.628301 -0.439291 1.167283 16.132518 -1.164075 0.034320
Cyclist -1 -1 -10 891.000000 177.000000 946.000000 272.000000 1.672475 0.562444 1.658548 4.868493 1.455931 11.258458 1.581963 0.021608
Cyclist -1 -1 -10 890.000000 161.000000 1033.000000 350.000000 1.695146 0.561098 1.631151 2.435224 1.382666 5.092962 -1.930387 0.015198
