Pedestrian -1 -1 -10 519.000000 175.000000 544.000000 233.000000 1.761062 0.614353 0.866019 -1.952926 1.519560 20.158975 -0.712514 0.834451
Pedestrian -1 -1 -10 950.000000 208.000000 1040.000000 366.000000 1.750926 0.646186 0.646282 2.596953 2.112736 4.575659 1.064279 0.833459
Pedestrian -1 -1 -10 887.000000 221.000000 976.000000 340.000000 1.724120 0.612602 0.821494 2.698110 1.966239 6.078555 -1.692726 0.346178
Pedestrian -1 -1 -10 866.000000 212.000000 1194.000000 369.000000 1.753075 0.894382 0.601395 2.823250 2.132133 4.457877 2.097012 0.101557
Pedestrian -1 -1 -10 886.000000 208.000000 959.000000 289.000000 1.731971 0.545042 0.578025 3.691155 1.643942 8.567690 2.972656 0.093787
Pedestrian -1 -1 -10 978.000000 225.000000 1020.000000 281.000000 1.686671 0.564122 0.534813 4.628964 1.702078 8.603179 -1.747922 0.049614
Pedestrian -1 -1 -10 968.000000 213.000000 1017.000000 344.000000 1.723757 0.611543 0.619197 2.338198 1.972366 4.253722 -0.537645 0.039571
Pedestrian -1 -1 -10 828.000000 215.000000 921.000000 336.000000 1.722808 0.624181 0.564095 2.430271 2.182203 6.036788 2.942885 0.031963
Pedestrian -1 -1 -10 938.000000 224.000000 994.000000 331.000000 1.715878 0.605760 0.653084 2.326925 1.940401 4.362169 -0.566461 0.022264
Pedestrian -1 -1 -10 947.000000 218.000000 1016.000000 290.000000 1.736894 0.576238 0.752792 5.368367 1.781550 9.980553 -1.666196 0.016571
Pedestrian -1 -1 -10 945.000000 232.000000 988.000000 296.000000 1.687627 0.602678 0.534938 4.139973 1.680803 8.301288 -1.779712 0.011411
Car -1 -1 -10 866.000000 212.000000 1194.000000 369.000000 1.464064 1.539887 3.743266 3.303633 1.834983 5.568134 1.598586 0.100507
Car -1 -1 -10 929.000000 210.000000 1065.000000 367.000000 1.496651 1.530579 3.808300 3.832488 1.884056 4.693104 1.543203 0.026347
Car -1 -1 -10 1044.000000 216.000000 1232.000000 367.000000 1.437100 1.510058 3.763723 3.066181 2.045602 3.713651 1.743240 0.020014
Cyclist -1 -1 -10 944.000000 210.000000 1050.000000 369.000000 1.617721 0.610110 1.700273 2.606123 1.942762 4.387289 1.508988 0.090989
Cyclist -1 -1 -10 877.000000 210.000000 1164.000000 369.000000 1.643586 0.708904 1.731501 2.883960 1.840867 4.894069 0.682878 0.049266
Cyclist -1 -1 -10 883.000000 204.000000 958.000000 279.000000 1.673337 0.728733 1.818427 5.597363 1.736220 12.313065 3.127000 0.019560
Cyclist -1 -1 -10 898.000000 219.000000 993.000000 343.000000 1.645122 0.613745 1.668106 2.868088 1.962205 6.011502 1.033069 0.010211
