Pedestrian -1 -1 -10 486.000000 171.000000 511.000000 245.000000 1.745620 0.589785 0.663672 -2.404585 1.474417 16.389001 0.347345 0.992638
Pedestrian -1 -1 -10 600.000000 173.000000 627.000000 241.000000 1.683197 0.587348 0.688481 0.251235 1.472286 17.091848 -0.850581 0.991845
Pedestrian -1 -1 -10 549.000000 168.000000 573.000000 231.000000 1.709866 0.508374 0.702198 -1.140919 1.359937 20.553144 2.545872 0.989603
Pedestrian -1 -1 -10 294.000000 157.000000 335.000000 272.000000 1.798178 0.673705 0.923550 -4.898017 1.444073 12.015640 -3.006942 0.988990
Pedestrian -1 -1 -10 619.000000 165.000000 636.000000 217.000000 1.754826 0.627884 0.831562 0.911737 1.248933 24.593297 1.635446 0.383566
Pedestrian -1 -1 -10 610.000000 167.000000 632.000000 225.000000 1.722173 0.568533 0.716759 0.796952 1.070405 24.716821 2.086077 0.106623
Pedestrian -1 -1 -10 646.000000 167.000000 657.000000 202.000000 1.813744 0.629939 0.810791 2.583352 1.094263 36.401582 0.608573 0.010198
Cyclist -1 -1 -10 484.000000 172.000000 514.000000 241.000000 1.757907 0.564488 1.735900 -2.392847 1.451917 16.821378 -1.362125 0.591065
Cyclist -1 -1 -10 545.000000 168.000000 572.000000 231.000000 1.699972 0.527620 1.672032 -1.320424 1.338902 20.639802 1.687430 0.057219
Cyclist -1 -1 -10 0.000000 197.000000 178.000000 367.000000 1.674156 0.585238 1.838388 -2.702880 1.809412 3.902087 -0.061890 0.019301
