Pedestrian -1 -1 -10 467.000000 177.000000 512.000000 270.000000 1.684431 0.519508 0.719374 -1.892114 2.070335 10.908393 -2.764690 0.574314
Pedestrian -1 -1 -10 1030.000000 181.000000 1211.000000 375.000000 1.735253 0.578083 0.727909 2.611807 1.596294 3.553909 1.191638 0.570895
Pedestrian -1 -1 -10 1119.000000 203.000000 1238.000000 371.000000 1.692112 0.584406 0.545987 4.068211 1.591367 5.277154 -1.604356 0.045835
Pedestrian -1 -1 -10 1182.000000 203.000000 1242.000000 367.000000 1.697066 0.535076 0.585349 8.816778 1.874942 10.458689 3.167487 0.021276
Pedestrian -1 -1 -10 426.000000 181.000000 538.000000 266.000000 1.814209 0.754175 0.683081 -1.818659 1.808564 12.220928 -0.002821 0.010134
Car -1 -1 -10 875.000000 182.000000 956.000000 239.000000 1.425563 1.604291 3.964164 8.641863 1.713959 20.478374 -1.305409 0.999153
Car -1 -1 -10 395.000000 179.000000 554.000000 263.000000 1.575842 1.585934 3.878059 -2.679508 1.729191 12.839316 1.932479 0.961492
Car -1 -1 -10 852.000000 167.000000 897.000000 212.000000 1.834555 1.700438 4.205571 13.356281 1.864809 36.650103 -1.255404 0.034871
Car -1 -1 -10 1162.000000 207.000000 1243.000000 371.000000 1.497304 1.603036 3.953648 1.590944 1.209322 4.623321 -0.186287 0.012810
Car -1 -1 -10 465.000000 179.000000 514.000000 267.000000 1.486076 1.568409 3.830218 -1.503966 1.567820 12.543872 -0.278613 0.011724
Car -1 -1 -10 1037.000000 191.000000 1237.000000 370.000000 1.551369 1.537523 3.751959 2.724108 1.380732 4.095483 -0.985082 0.011349
Cyclist -1 -1 -10 1021.000000 184.000000 1213.000000 371.000000 1.682489 0.715959 1.722499 2.590406 1.549073 3.499839 0.588669 0.969563
