Car -1 -1 -10 574.000000 174.000000 611.000000 207.000000 1.545149 1.589860 3.443983 -0.799577 0.881462 36.246462 -1.596870 0.999419
Car -1 -1 -10 0.000000 189.000000 341.000000 374.000000 1.465848 1.565551 3.652973 -4.300921 1.596393 7.564206 -1.532301 0.998395
Car -1 -1 -10 449.000000 181.000000 505.000000 221.000000 1.476513 1.587132 3.747905 -4.722216 1.302713 26.607946 -1.593300 0.998212
Car -1 -1 -10 347.000000 180.000000 461.000000 250.000000 1.459987 1.604527 3.958467 -4.826336 1.386791 17.295147 -1.555761 0.998174
Car -1 -1 -10 305.000000 179.000000 386.000000 227.000000 1.478340 1.629299 3.786656 -8.848983 1.314680 24.281024 -1.549377 0.964912
Car -1 -1 -10 115.000000 174.000000 271.000000 273.000000 1.465990 1.616967 3.768046 -8.410770 1.375598 15.139383 1.588702 0.787635
Car -1 -1 -10 371.000000 178.000000 434.000000 209.000000 1.533273 1.576411 3.522851 -13.007271 1.012752 42.081703 1.799230 0.107285
Car -1 -1 -10 9.000000 155.000000 132.000000 218.000000 1.509938 1.558750 3.680738 -18.259949 1.066869 25.807278 1.091979 0.092542
Car -1 -1 -10 216.000000 177.000000 303.000000 222.000000 1.697280 1.688634 3.753678 -12.337402 1.455760 25.355989 -1.582643 0.037524
Car -1 -1 -10 1.000000 163.000000 87.000000 241.000000 1.530458 1.604616 3.856263 -16.739219 1.251701 20.772095 0.276785 0.023239
Car -1 -1 -10 6.000000 183.000000 202.000000 336.000000 1.449227 1.600769 3.778413 -4.319447 1.552844 7.562747 -1.636567 0.015116
Car -1 -1 -10 178.000000 179.000000 278.000000 236.000000 1.517048 1.616629 3.900942 -9.263777 1.233674 17.316813 1.106982 0.014813
Car -1 -1 -10 465.000000 177.000000 512.000000 210.000000 1.473217 1.622504 3.950507 -4.804724 1.235266 26.724056 -1.576504 0.014424
Car -1 -1 -10 6.000000 152.000000 153.000000 284.000000 1.539886 1.620548 3.850814 -6.163974 1.145181 7.228520 -2.202609 0.013671
Cyclist -1 -1 -10 109.000000 175.000000 278.000000 274.000000 1.715632 0.799167 1.783034 -8.228978 1.245851 14.643886 -3.666123 0.015104
