Car -1 -1 -10 741.000000 194.000000 986.000000 346.000000 1.437313 1.590891 3.759169 2.731418 1.711500 8.635403 -1.595573 0.999460
Car -1 -1 -10 670.000000 178.000000 752.000000 245.000000 1.614321 1.654869 3.801587 2.546951 1.833497 19.559250 -1.582866 0.998971
Car -1 -1 -10 284.000000 183.000000 457.000000 248.000000 1.554269 1.652420 4.050090 -6.338795 1.842334 19.657294 -3.165874 0.992372
Car -1 -1 -10 51.000000 163.000000 362.000000 285.000000 1.736002 1.689054 3.973369 -6.443792 1.670740 12.073480 -3.162240 0.974737
Car -1 -1 -10 652.000000 182.000000 713.000000 228.000000 1.474927 1.637334 4.071275 2.562678 1.895191 25.759768 -1.620988 0.879161
Car -1 -1 -10 4.000000 175.000000 202.000000 372.000000 1.562617 1.601031 4.056544 -6.544364 1.669021 7.212519 0.018342 0.658836
Car -1 -1 -10 642.000000 178.000000 683.000000 214.000000 1.597099 1.610346 3.718687 2.406734 1.915558 34.765980 -1.632650 0.425667
Car -1 -1 -10 356.000000 183.000000 477.000000 230.000000 1.512678 1.619227 3.910009 -6.443412 1.862312 22.201492 1.827676 0.309372
Car -1 -1 -10 474.000000 179.000000 542.000000 207.000000 1.549113 1.572158 3.840391 -6.135615 2.122443 44.503420 0.786519 0.228685
Car -1 -1 -10 441.000000 180.000000 526.000000 212.000000 1.539702 1.509754 3.368842 -5.764845 1.983503 35.627076 -2.350483 0.113108
