Car -1 -1 -10 35.000000 207.000000 308.000000 341.000000 1.493600 1.582653 3.737611 -6.067335 2.009595 10.502268 1.578834 0.999228
Car -1 -1 -10 828.000000 180.000000 1212.000000 374.000000 1.478008 1.570512 3.589779 3.001337 1.599615 6.046057 -1.487777 0.998810
Car -1 -1 -10 449.000000 187.000000 497.000000 221.000000 1.505278 1.606282 3.635551 -6.348930 2.175285 33.112035 1.603227 0.990844
Car -1 -1 -10 645.000000 175.000000 687.000000 207.000000 1.580033 1.625093 3.903962 2.805902 1.770032 36.777742 -1.600301 0.954504
Car -1 -1 -10 472.000000 186.000000 514.000000 215.000000 1.485295 1.604532 3.756295 -6.145064 2.197607 38.529780 1.602051 0.743036
Car -1 -1 -10 188.000000 197.000000 264.000000 227.000000 1.510030 1.675769 4.031722 -21.257190 2.711544 40.118674 -1.680718 0.363221
Car -1 -1 -10 240.000000 196.000000 311.000000 222.000000 1.515038 1.634750 4.033536 -18.393349 2.681902 40.179035 1.468044 0.224042
Car -1 -1 -10 111.000000 201.000000 178.000000 232.000000 1.507414 1.594102 3.578200 -25.932974 3.248073 40.585912 -1.535216 0.113544
Car -1 -1 -10 496.000000 179.000000 530.000000 206.000000 1.530843 1.659976 3.853839 -6.628042 2.194196 46.733810 1.608658 0.086261
Cyclist -1 -1 -10 186.000000 197.000000 275.000000 232.000000 1.990679 0.576207 1.166560 -20.088065 2.823391 38.673435 0.101821 0.022719
Cyclist -1 -1 -10 140.000000 201.000000 238.000000 235.000000 1.734304 0.658131 1.692525 -22.367188 3.026939 38.873929 -3.029492 0.014959
Cyclist -1 -1 -10 169.000000 200.000000 198.000000 232.000000 1.758673 0.779739 1.715504 -23.253568 3.030287 39.006908 -3.673321 0.013164
