Pedestrian -1 -1 -10 549.000000 170.000000 560.000000 204.000000 1.594314 0.560610 0.644754 -2.960373 1.590527 37.795521 1.475279 0.024084
Car -1 -1 -10 635.000000 174.000000 670.000000 202.000000 1.510390 1.645422 3.977275 2.396101 1.643410 41.571817 -1.631186 0.998272
Car -1 -1 -10 764.000000 188.000000 1052.000000 368.000000 1.449795 1.561495 3.612920 2.782052 1.687845 7.651486 -1.579453 0.998170
Car -1 -1 -10 -5.000000 168.000000 254.000000 331.000000 1.502304 1.573151 3.848938 -6.385058 1.586336 7.860885 -0.043967 0.993106
Car -1 -1 -10 266.000000 174.000000 436.000000 237.000000 1.540414 1.605568 3.739364 -6.231033 1.516175 17.360442 -3.038796 0.990908
Car -1 -1 -10 814.000000 173.000000 1106.000000 279.000000 1.573194 1.642681 3.941231 6.199188 1.502007 12.862718 0.040457 0.990251
Car -1 -1 -10 726.000000 178.000000 838.000000 225.000000 1.591675 1.609356 3.955154 6.048348 1.724849 23.324345 2.988874 0.983832
Car -1 -1 -10 770.000000 178.000000 900.000000 240.000000 1.499227 1.585934 3.768126 5.991234 1.661277 18.422683 -0.059454 0.970499
Car -1 -1 -10 104.000000 178.000000 391.000000 255.000000 1.475245 1.610329 4.120651 -6.565585 1.622497 14.858889 -3.205310 0.651681
Car -1 -1 -10 414.000000 174.000000 521.000000 208.000000 1.462062 1.572379 3.818334 -6.256729 1.391436 36.015236 0.005219 0.459994
