Car -1 -1 -10 653.000000 176.000000 745.000000 242.000000 1.453967 1.621316 4.035395 2.150323 1.567858 18.491446 -1.631138 0.999428
Car -1 -1 -10 92.000000 186.000000 396.000000 269.000000 1.500303 1.620251 4.011340 -6.550530 1.699347 12.900961 -3.173778 0.992120
Car -1 -1 -10 632.000000 169.000000 673.000000 206.000000 1.507222 1.584028 3.821450 1.803942 1.470088 33.662644 -1.639709 0.988379
Car -1 -1 -10 207.000000 181.000000 428.000000 249.000000 1.450252 1.583142 3.983597 -6.454414 1.684091 15.593672 -3.053040 0.838343
Car -1 -1 -10 1077.000000 137.000000 1238.000000 375.000000 1.742546 1.692352 4.083469 5.530105 1.539860 4.509580 -0.005940 0.677921
Car -1 -1 -10 394.000000 177.000000 495.000000 212.000000 1.440508 1.585779 3.773536 -6.486027 1.699985 29.870437 -0.200548 0.658062
Car -1 -1 -10 448.000000 174.000000 522.000000 201.000000 1.529967 1.626117 3.973115 -7.059891 1.566717 44.145222 -3.190313 0.457829
Car -1 -1 -10 293.000000 180.000000 430.000000 232.000000 1.521055 1.545550 3.805753 -7.039302 1.681606 20.628347 0.050459 0.308978
Car -1 -1 -10 82.000000 191.000000 270.000000 319.000000 1.538443 1.604876 3.823143 -3.807412 1.403978 5.772131 -2.046984 0.078767
Car -1 -1 -10 330.000000 178.000000 472.000000 220.000000 1.669960 1.697741 4.165797 -7.153451 1.626831 26.413960 -3.089702 0.026410
Cyclist -1 -1 -10 63.000000 189.000000 275.000000 377.000000 1.697151 0.493366 1.720268 -3.096885 1.748926 5.048452 1.611029 0.999770
Cyclist -1 -1 -10 63.000000 186.000000 333.000000 286.000000 1.603936 0.967380 1.939922 -6.126461 1.597488 12.190643 -0.108417 0.263189
