Pedestrian -1 -1 -10 534.000000 161.000000 559.000000 214.000000 1.844004 0.670005 0.892006 -2.127422 1.127881 25.266132 1.030343 0.993325
Pedestrian -1 -1 -10 342.000000 168.000000 369.000000 222.000000 1.824169 0.651532 1.049018 -8.572019 1.407721 24.082624 -2.901736 0.902096
Pedestrian -1 -1 -10 418.000000 160.000000 436.000000 218.000000 1.787736 0.602843 0.841907 -5.756297 1.184064 22.579444 0.300075 0.830441
Pedestrian -1 -1 -10 256.000000 176.000000 272.000000 223.000000 1.719290 0.541190 0.756355 -13.182480 1.680147 27.178979 0.205047 0.140347
Pedestrian -1 -1 -10 355.000000 170.000000 370.000000 219.000000 1.853123 0.655503 0.773197 -8.743659 1.353889 25.804703 -1.981368 0.098375
Car -1 -1 -10 423.000000 175.000000 516.000000 239.000000 1.456606 1.588204 3.757685 -3.391056 1.330727 18.169318 -1.563056 0.998638
Car -1 -1 -10 957.000000 158.000000 1058.000000 187.000000 1.442327 1.593597 3.457164 8.129516 1.229868 14.166498 1.198988 0.882616
Car -1 -1 -10 1048.000000 146.000000 1173.000000 185.000000 1.492214 1.636395 4.020593 24.735503 0.401210 35.161674 2.799938 0.370190
Car -1 -1 -10 451.000000 175.000000 494.000000 206.000000 1.556352 1.485360 3.212669 -4.477792 1.765664 23.536363 1.925721 0.037265
Car -1 -1 -10 466.000000 171.000000 507.000000 202.000000 1.544365 1.635518 3.723749 -9.214122 1.145455 58.002457 -1.745003 0.011976
Car -1 -1 -10 1134.000000 144.000000 1221.000000 176.000000 1.511213 1.594758 3.740787 26.622681 -0.028710 33.753744 0.613627 0.011953
Car -1 -1 -10 340.000000 168.000000 371.000000 222.000000 1.710147 1.618255 3.498121 -9.525007 1.375237 25.460242 -1.810261 0.011606
Cyclist -1 -1 -10 679.000000 158.000000 719.000000 197.000000 1.739508 0.677713 1.787251 4.574403 0.653174 35.118205 -0.307878 0.997722
Cyclist -1 -1 -10 294.000000 169.000000 356.000000 230.000000 1.710266 0.569984 1.718707 -8.519290 1.461752 21.359479 -0.826158 0.996722
Cyclist -1 -1 -10 883.000000 144.000000 949.000000 202.000000 1.770514 0.506982 1.724725 9.274354 0.618694 21.672619 -1.697727 0.994679
Cyclist -1 -1 -10 816.000000 149.000000 874.000000 200.000000 1.797523 0.609059 1.749861 8.855649 0.717271 26.345276 -0.083588 0.993049
Cyclist -1 -1 -10 338.000000 170.000000 374.000000 223.000000 1.802658 0.521902 1.680238 -8.895674 1.435852 24.527624 -2.914809 0.770819
Cyclist -1 -1 -10 355.000000 170.000000 370.000000 219.000000 1.809568 0.460048 1.482154 -8.897859 1.368863 25.617546 1.746568 0.010735
