Pedestrian -1 -1 -10 867.000000 156.000000 877.000000 187.000000 1.777163 0.675968 0.669063 15.702485 0.635404 43.268979 3.017664 0.052180
Car -1 -1 -10 644.000000 181.000000 767.000000 269.000000 1.478571 1.561906 3.536193 1.680980 1.635903 13.874932 -1.739799 0.998903
Car -1 -1 -10 794.000000 165.000000 898.000000 207.000000 1.497534 1.675075 4.103999 9.469281 1.361081 28.314680 -0.689074 0.997926
Car -1 -1 -10 561.000000 173.000000 659.000000 213.000000 1.496729 1.547691 3.915389 0.106846 1.579871 29.380514 2.514284 0.997879
Car -1 -1 -10 871.000000 168.000000 949.000000 203.000000 1.460042 1.596205 3.636242 13.153551 1.329928 31.077047 -0.654140 0.983711
Car -1 -1 -10 742.000000 170.000000 834.000000 213.000000 1.509893 1.598302 3.620122 5.646369 1.446661 25.546779 -0.697132 0.971732
Car -1 -1 -10 923.000000 159.000000 1008.000000 199.000000 1.639526 1.724693 3.998790 16.750983 1.209526 33.841735 -0.654208 0.954483
Car -1 -1 -10 701.000000 171.000000 798.000000 210.000000 1.446465 1.615058 3.798742 5.805578 1.307454 25.318075 -0.674457 0.159421
Car -1 -1 -10 704.000000 172.000000 758.000000 203.000000 1.549519 1.586863 3.871438 5.479049 1.282336 33.629847 2.660795 0.057923
Car -1 -1 -10 710.000000 169.000000 735.000000 208.000000 1.528612 1.579664 3.789237 4.517299 1.323324 33.746149 -2.069717 0.012964
Cyclist -1 -1 -10 664.000000 180.000000 683.000000 210.000000 1.712978 0.531420 1.608744 2.524269 1.989538 34.731666 -1.481197 0.046727
Cyclist -1 -1 -10 698.000000 172.000000 747.000000 206.000000 1.741596 0.703811 1.618806 4.857962 1.440243 32.591166 2.274566 0.043792
Cyclist -1 -1 -10 683.000000 175.000000 727.000000 212.000000 1.743949 0.654774 1.613038 4.113565 1.740584 32.217238 0.593200 0.033582
Cyclist -1 -1 -10 670.000000 176.000000 703.000000 212.000000 1.673125 0.618233 1.699636 3.904649 1.622753 32.423650 -2.094849 0.023601
Cyclist -1 -1 -10 690.000000 171.000000 713.000000 219.000000 1.712642 0.627717 1.621397 4.001258 1.720503 32.418373 0.575141 0.020549
Cyclist -1 -1 -10 672.000000 172.000000 767.000000 212.000000 1.739720 0.644868 1.770408 4.665014 1.632660 32.243737 -0.746882 0.012393
Cyclist -1 -1 -10 707.000000 169.000000 728.000000 210.000000 1.722775 0.590116 1.634064 4.845377 1.433218 32.966790 1.723882 0.010113
