Pedestrian -1 -1 -10 201.000000 166.000000 287.000000 354.000000 1.733908 0.771883 0.940536 -3.489210 1.583082 6.897100 -3.036875 0.989368
Pedestrian -1 -1 -10 651.000000 160.000000 674.000000 228.000000 1.764574 0.675903 0.740625 1.533282 1.194217 18.658967 1.586584 0.970696
Pedestrian -1 -1 -10 8.000000 169.000000 106.000000 376.000000 1.634390 0.591354 0.751205 -3.279413 1.567229 4.239068 0.463340 0.967528
Pedestrian -1 -1 -10 89.000000 161.000000 157.000000 336.000000 1.808866 0.693174 0.767080 -5.182956 1.563540 7.924280 -2.177589 0.959998
Pedestrian -1 -1 -10 134.000000 174.000000 218.000000 354.000000 1.703706 0.696034 0.771066 -4.101339 1.630434 6.855275 1.008478 0.952840
Pedestrian -1 -1 -10 166.000000 167.000000 244.000000 342.000000 1.741696 0.592952 0.849628 -4.003732 1.531502 7.079421 -1.612757 0.815277
Pedestrian -1 -1 -10 501.000000 169.000000 517.000000 215.000000 1.834586 0.662710 0.793135 -3.460581 1.287556 26.913289 -1.972098 0.797470
Pedestrian -1 -1 -10 515.000000 168.000000 532.000000 216.000000 1.853060 0.685621 0.987946 -2.925908 1.358488 27.171548 -1.733400 0.693336
Pedestrian -1 -1 -10 44.000000 166.000000 142.000000 360.000000 1.727171 0.590122 0.731628 -3.359509 1.605932 4.310961 -2.757715 0.495945
Pedestrian -1 -1 -10 123.000000 173.000000 180.000000 332.000000 1.801341 0.613044 0.958735 -5.180825 1.624440 8.215880 2.143525 0.328412
Pedestrian -1 -1 -10 0.000000 170.000000 51.000000 367.000000 1.683062 0.492634 0.704665 -5.662202 1.702196 6.882561 1.906118 0.151957
Pedestrian -1 -1 -10 202.000000 178.000000 395.000000 307.000000 1.667280 0.641885 0.697554 -3.829566 1.881473 9.778391 -3.424521 0.086883
Pedestrian -1 -1 -10 381.000000 168.000000 406.000000 222.000000 1.752365 0.745150 1.007789 -6.968053 1.286035 24.342324 -1.923586 0.026402
Car -1 -1 -10 208.000000 179.000000 396.000000 301.000000 1.538486 1.652300 4.104021 -4.475673 1.547512 11.476482 1.492449 0.986035
Car -1 -1 -10 195.000000 169.000000 311.000000 331.000000 1.558035 1.597931 3.599016 -2.745707 1.380313 8.037907 -0.395066 0.022555
Cyclist -1 -1 -10 424.000000 163.000000 476.000000 259.000000 1.738140 0.626151 1.754637 -3.015090 1.402294 13.912727 1.368105 0.999433
Cyclist -1 -1 -10 380.000000 169.000000 405.000000 220.000000 1.829910 0.659393 1.763576 -7.125807 1.334871 24.510389 -1.795928 0.732749
Cyclist -1 -1 -10 360.000000 178.000000 401.000000 227.000000 1.671869 0.533292 1.614989 -6.144181 1.577387 20.355069 -1.874848 0.051824
Cyclist -1 -1 -10 205.000000 171.000000 289.000000 340.000000 1.734963 0.527969 1.668542 -3.512080 1.514047 6.912913 -2.645910 0.017218
Cyclist -1 -1 -10 0.000000 164.000000 114.000000 371.000000 1.641271 0.497410 1.551133 -3.452195 1.530018 4.256729 0.208881 0.011559
