Car -1 -1 -10 726.000000 189.000000 902.000000 301.000000 1.463752 1.564314 3.494638 2.877148 1.708629 11.129811 -1.612399 0.999501
Car -1 -1 -10 3.000000 178.000000 312.000000 328.000000 1.593792 1.602215 4.082977 -6.359115 1.637479 8.799349 -0.057587 0.997175
Car -1 -1 -10 803.000000 181.000000 949.000000 243.000000 1.518950 1.633484 3.858331 6.575300 1.770797 18.707708 -0.011207 0.988935
Car -1 -1 -10 222.000000 171.000000 406.000000 251.000000 1.581126 1.660141 3.894797 -6.646827 1.608223 15.738348 -3.242210 0.949262
Car -1 -1 -10 409.000000 173.000000 514.000000 207.000000 1.601801 1.729776 4.123685 -7.119879 1.598345 34.556640 -3.198476 0.949085
Car -1 -1 -10 708.000000 172.000000 848.000000 224.000000 1.762699 1.653964 3.953462 5.967863 1.731814 28.981365 3.134368 0.895738
Car -1 -1 -10 300.000000 170.000000 477.000000 235.000000 1.406742 1.559074 4.003299 -5.025392 1.896603 19.609056 -1.791469 0.891807
Car -1 -1 -10 3.000000 185.000000 151.000000 353.000000 1.483581 1.611048 3.863811 -6.381854 1.550751 5.991270 -3.173559 0.594563
Car -1 -1 -10 120.000000 168.000000 359.000000 271.000000 1.529285 1.556344 3.891395 -5.676926 1.667445 12.000866 -0.016173 0.421540
Car -1 -1 -10 753.000000 178.000000 877.000000 236.000000 1.528037 1.579096 3.822939 6.125447 1.499304 21.405199 -0.133198 0.352385
Car -1 -1 -10 446.000000 171.000000 530.000000 202.000000 1.765779 1.743081 4.317636 -6.663783 1.577528 39.832434 -3.254841 0.170952
