Car -1 -1 -10 845.000000 192.000000 1211.000000 374.000000 1.468929 1.581517 3.714628 3.753900 1.683801 7.237347 -1.563391 0.999497
Car -1 -1 -10 226.000000 191.000000 415.000000 296.000000 1.508605 1.617731 3.858302 -4.690824 1.837793 12.195747 1.572744 0.999365
Car -1 -1 -10 519.000000 179.000000 556.000000 208.000000 1.530730 1.591837 3.597731 -3.896780 1.854432 39.096904 1.615476 0.998966
Car -1 -1 -10 370.000000 185.000000 475.000000 255.000000 1.528038 1.562985 3.764488 -4.552069 1.881886 17.836529 1.614059 0.998677
Car -1 -1 -10 429.000000 184.000000 508.000000 234.000000 1.448114 1.578419 3.877516 -4.486093 1.876287 23.068179 1.610537 0.998510
Car -1 -1 -10 759.000000 184.000000 911.000000 279.000000 1.479719 1.612092 3.717679 3.856694 1.650497 12.848112 -1.553846 0.998364
Car -1 -1 -10 716.000000 180.000000 818.000000 246.000000 1.451656 1.631855 4.039768 3.755656 1.689704 18.176142 -1.575033 0.994603
Car -1 -1 -10 697.000000 179.000000 764.000000 228.000000 1.507650 1.551839 3.544042 3.817266 1.713764 23.095611 -1.555044 0.988198
Car -1 -1 -10 692.000000 178.000000 739.000000 216.000000 1.489213 1.559012 3.613587 4.236620 1.759635 28.582950 -1.530479 0.895779
Car -1 -1 -10 535.000000 178.000000 569.000000 204.000000 1.484427 1.593937 3.979835 -3.612435 1.779595 43.724584 1.622822 0.378873
Car -1 -1 -10 685.000000 178.000000 717.000000 210.000000 1.593764 1.653086 4.043535 4.380425 1.754619 34.316195 1.532769 0.206977
Car -1 -1 -10 1140.000000 224.000000 1239.000000 374.000000 1.533697 1.579341 3.534355 3.678582 1.916911 4.755607 2.753942 0.126063
