Pedestrian -1 -1 -10 113.000000 154.000000 182.000000 327.000000 1.777849 0.670670 0.902097 -5.325406 1.512275 8.341456 -2.391229 0.996556
Pedestrian -1 -1 -10 421.000000 179.000000 447.000000 267.000000 1.753906 0.579069 0.680504 -3.115027 1.628930 13.205920 0.230239 0.991659
Pedestrian -1 -1 -10 514.000000 183.000000 549.000000 274.000000 1.660142 0.592202 0.643828 -1.274870 1.675229 12.562021 1.960291 0.991020
Pedestrian -1 -1 -10 599.000000 173.000000 617.000000 229.000000 1.666413 0.555996 0.883856 0.118243 1.405922 22.010850 1.529837 0.736447
Pedestrian -1 -1 -10 512.000000 180.000000 534.000000 232.000000 1.753172 0.593134 0.553917 -2.717828 1.709980 25.612600 2.542864 0.362128
Pedestrian -1 -1 -10 582.000000 172.000000 600.000000 221.000000 1.738682 0.652678 0.693941 -0.388775 1.343185 27.490100 1.631786 0.148881
Pedestrian -1 -1 -10 110.000000 158.000000 150.000000 300.000000 1.695495 0.547433 0.603576 -5.363281 1.319300 8.100615 -2.392525 0.070958
Pedestrian -1 -1 -10 608.000000 170.000000 623.000000 221.000000 1.737485 0.515939 0.727092 0.308540 1.391565 22.021162 -3.043704 0.015579
Pedestrian -1 -1 -10 624.000000 171.000000 636.000000 211.000000 1.744681 0.653232 0.818945 1.392568 1.338851 34.031818 -1.553239 0.014353
Car -1 -1 -10 828.000000 179.000000 1059.000000 370.000000 1.646777 1.649706 4.008607 2.531601 1.455390 3.919394 1.576636 0.017287
Cyclist -1 -1 -10 418.000000 178.000000 451.000000 265.000000 1.763936 0.641494 1.800175 -3.200822 1.632537 13.714355 -1.423886 0.106230
Cyclist -1 -1 -10 510.000000 181.000000 535.000000 232.000000 1.711599 0.572317 1.651994 -3.023034 1.407185 26.564527 -1.127184 0.073492
Cyclist -1 -1 -10 688.000000 166.000000 720.000000 223.000000 1.746857 0.544228 1.871959 2.998193 1.281326 21.667497 1.266038 0.073304
Cyclist -1 -1 -10 512.000000 178.000000 542.000000 265.000000 1.665574 0.547871 1.593486 -1.288999 1.651427 12.693967 1.972853 0.058422
Cyclist -1 -1 -10 393.000000 189.000000 461.000000 255.000000 1.668443 0.428131 1.106779 -4.656942 1.953146 18.919170 -1.058427 0.050916
Cyclist -1 -1 -10 683.000000 169.000000 706.000000 215.000000 1.692727 0.643846 1.786378 3.176002 1.651556 21.684474 1.212046 0.014999
