Pedestrian -1 -1 -10 1212.000000 139.000000 1241.000000 252.000000 1.720371 0.456413 0.667830 10.402039 1.608428 12.308616 0.831223 0.019517
Car -1 -1 -10 629.000000 179.000000 689.000000 224.000000 1.437077 1.620977 3.990981 1.733817 1.734314 26.208094 -1.637047 0.999294
Car -1 -1 -10 924.000000 182.000000 1245.000000 351.000000 1.526931 1.604785 4.048373 5.903123 1.697035 7.762087 3.135733 0.994306
Car -1 -1 -10 806.000000 166.000000 1082.000000 298.000000 1.523657 1.574948 3.998272 5.398682 1.697170 10.880959 -0.023937 0.991533
Car -1 -1 -10 263.000000 180.000000 434.000000 238.000000 1.495395 1.594563 3.933418 -6.986756 1.718124 20.204580 -0.022025 0.977322
Car -1 -1 -10 -1.000000 154.000000 253.000000 325.000000 1.745979 1.637801 3.879554 -6.777738 1.566971 9.201035 -0.038973 0.946292
Car -1 -1 -10 612.000000 175.000000 648.000000 204.000000 1.562416 1.607759 3.908063 1.015316 1.891701 41.488883 -1.681251 0.939988
Car -1 -1 -10 334.000000 179.000000 460.000000 231.000000 1.493232 1.598481 3.897040 -6.807573 1.780351 22.892732 -3.079388 0.567763
Car -1 -1 -10 0.000000 164.000000 129.000000 370.000000 1.645070 1.664582 3.995973 -7.045773 1.720133 6.806671 -3.229704 0.489889
Car -1 -1 -10 1133.000000 189.000000 1240.000000 368.000000 1.473645 1.612019 3.845207 6.271810 1.632112 5.118449 -0.008149 0.401821
Car -1 -1 -10 451.000000 179.000000 500.000000 208.000000 1.537087 1.631523 3.939945 -7.285183 1.792940 38.154880 0.903822 0.378398
Cyclist -1 -1 -10 436.000000 176.000000 480.000000 258.000000 1.716980 0.578227 1.738249 -3.347016 1.810777 15.903208 1.538562 0.998678
Cyclist -1 -1 -10 445.000000 181.000000 490.000000 222.000000 1.725226 0.579321 1.648785 -3.408822 1.604689 16.828479 -2.357995 0.168586
Cyclist -1 -1 -10 390.000000 182.000000 465.000000 234.000000 1.683484 0.575724 1.523739 -5.525219 1.831129 21.461281 2.654540 0.052622
