Pedestrian -1 -1 -10 920.000000 174.000000 1049.000000 374.000000 1.652360 0.635038 0.653322 2.334457 1.650519 4.509139 2.476983 0.996094
Pedestrian -1 -1 -10 1047.000000 102.000000 1240.000000 370.000000 1.643040 0.622216 0.497165 3.050845 1.399438 3.628872 1.013286 0.123004
Pedestrian -1 -1 -10 1158.000000 108.000000 1240.000000 375.000000 1.719955 0.541317 0.681418 8.998276 1.157610 11.250657 3.278701 0.112986
Pedestrian -1 -1 -10 54.000000 191.000000 85.000000 249.000000 1.741391 0.653981 0.714865 -15.437750 2.266309 20.638028 2.409694 0.028167
Pedestrian -1 -1 -10 0.000000 193.000000 19.000000 246.000000 1.737349 0.587319 0.737786 -15.348100 2.052769 18.538515 -2.283208 0.011497
Car -1 -1 -10 602.000000 181.000000 630.000000 208.000000 1.543173 1.635294 3.967719 0.259954 2.194055 46.301548 -1.571510 0.998790
Car -1 -1 -10 281.000000 193.000000 372.000000 240.000000 1.499983 1.601038 3.917583 -9.550602 2.239027 24.844476 1.587909 0.995453
Car -1 -1 -10 330.000000 188.000000 389.000000 224.000000 1.637110 1.655234 3.788533 -12.098390 2.381943 35.059160 1.612556 0.631442
Cyclist -1 -1 -10 1004.000000 120.000000 1248.000000 376.000000 1.629107 0.801613 1.842474 2.899120 1.326527 3.693221 0.607597 0.990450
Cyclist -1 -1 -10 711.000000 176.000000 728.000000 201.000000 1.735354 0.601944 1.626769 5.502792 1.824599 36.743223 3.266697 0.470104
Cyclist -1 -1 -10 933.000000 168.000000 1053.000000 378.000000 1.640459 0.554505 1.685185 2.175126 1.484228 4.460657 1.494913 0.210962
Cyclist -1 -1 -10 1144.000000 109.000000 1239.000000 374.000000 1.736559 0.688914 1.673123 2.337359 1.303005 2.614402 1.653895 0.035537
