Pedestrian -1 -1 -10 675.000000 169.000000 732.000000 335.000000 1.696866 0.564992 0.981934 1.128910 1.547201 7.955882 -0.867053 0.998022
Pedestrian -1 -1 -10 62.000000 148.000000 218.000000 372.000000 1.678054 0.564147 0.732983 -2.783361 1.488164 3.894550 0.535594 0.997265
Pedestrian -1 -1 -10 556.000000 172.000000 578.000000 235.000000 1.789247 0.696652 1.033038 -1.013365 1.499177 20.356066 -1.707055 0.991381
Pedestrian -1 -1 -10 927.000000 133.000000 973.000000 271.000000 1.825224 0.635225 0.858868 4.946725 1.231908 10.131685 -2.661220 0.962222
Pedestrian -1 -1 -10 959.000000 146.000000 1005.000000 269.000000 1.784241 0.618371 0.825867 5.558343 1.260077 10.571434 1.074830 0.920425
Pedestrian -1 -1 -10 503.000000 173.000000 523.000000 233.000000 1.747715 0.581313 0.730768 -2.747723 1.450992 21.797417 -1.918054 0.849837
Pedestrian -1 -1 -10 490.000000 172.000000 510.000000 235.000000 1.805155 0.621115 0.727942 -2.881860 1.558862 20.422869 1.319921 0.818900
Pedestrian -1 -1 -10 469.000000 175.000000 492.000000 236.000000 1.749646 0.643706 0.909927 -3.533586 1.602256 20.594526 1.254557 0.770479
Pedestrian -1 -1 -10 222.000000 171.000000 375.000000 373.000000 1.606565 0.688593 0.448189 -1.771099 1.510718 4.056870 1.317116 0.693746
Pedestrian -1 -1 -10 598.000000 175.000000 618.000000 235.000000 1.680953 0.528047 0.853470 0.129308 1.495828 20.072717 -1.610967 0.655278
Pedestrian -1 -1 -10 1113.000000 126.000000 1233.000000 365.000000 1.674557 0.586283 0.653020 1.979841 1.122771 2.372507 1.305917 0.480776
Pedestrian -1 -1 -10 590.000000 174.000000 607.000000 230.000000 1.779040 0.666036 0.855214 -0.162133 1.521303 21.273768 2.602895 0.338954
Pedestrian -1 -1 -10 360.000000 201.000000 395.000000 287.000000 1.767696 0.786473 0.671265 -3.652637 2.060614 11.968127 1.362317 0.190768
Pedestrian -1 -1 -10 302.000000 199.000000 380.000000 336.000000 1.728424 0.578154 0.735118 -4.228734 1.798400 11.867232 -2.507772 0.183301
Pedestrian -1 -1 -10 212.000000 209.000000 280.000000 327.000000 1.713116 0.701386 0.601398 -3.831351 1.930395 7.694033 0.075623 0.181145
Pedestrian -1 -1 -10 578.000000 173.000000 595.000000 220.000000 1.854101 0.681404 0.880864 -0.646554 1.428235 28.156171 -1.638263 0.176730
Pedestrian -1 -1 -10 322.000000 205.000000 362.000000 272.000000 1.753094 0.751359 0.548996 -4.779340 1.930816 13.772155 1.157218 0.175227
Pedestrian -1 -1 -10 346.000000 203.000000 383.000000 300.000000 1.754556 0.694719 0.672730 -3.770586 2.098739 11.714886 2.699773 0.103558
Car -1 -1 -10 1009.000000 164.000000 1234.000000 365.000000 1.595628 1.651556 3.876162 3.414153 0.910551 2.953971 -0.946226 0.085818
Cyclist -1 -1 -10 216.000000 171.000000 383.000000 371.000000 1.617633 0.610965 1.615688 -1.652915 1.469466 3.948675 1.676076 0.857722
Cyclist -1 -1 -10 305.000000 191.000000 382.000000 365.000000 1.614566 0.625591 1.623223 -1.621229 1.471311 4.018742 1.723906 0.396428
Cyclist -1 -1 -10 208.000000 202.000000 296.000000 348.000000 1.727151 0.780433 1.742324 -1.624281 1.505192 4.085769 2.178565 0.164194
Cyclist -1 -1 -10 1092.000000 128.000000 1233.000000 367.000000 1.720823 0.635817 1.649853 2.400769 1.123725 2.820251 3.768180 0.042018
Cyclist -1 -1 -10 339.000000 203.000000 377.000000 325.000000 1.677354 0.621100 1.675542 -1.482444 1.452282 4.023221 1.704413 0.026749
Cyclist -1 -1 -10 357.000000 201.000000 396.000000 288.000000 1.668023 0.611323 1.649311 -3.866614 1.747989 12.216707 0.157626 0.020626
Cyclist -1 -1 -10 296.000000 204.000000 376.000000 287.000000 1.655279 0.613162 1.736556 -4.177960 1.673398 11.121348 -2.026180 0.020219
Cyclist -1 -1 -10 806.000000 164.000000 832.000000 213.000000 1.741982 0.543105 1.651171 4.931949 1.331077 16.778816 -1.876087 0.014084
Cyclist -1 -1 -10 321.000000 207.000000 363.000000 271.000000 1.754711 0.544196 1.558035 -4.627134 1.784525 12.731496 0.127145 0.010164
