Pedestrian -1 -1 -10 622.000000 169.000000 643.000000 216.000000 1.719906 0.599706 0.641275 0.990618 2.066685 27.248027 -2.092370 0.035125
Car -1 -1 -10 1014.000000 195.000000 1242.000000 373.000000 1.467933 1.622263 3.931644 4.833521 1.614875 4.604939 -0.040641 0.977860
Car -1 -1 -10 -7.000000 166.000000 274.000000 289.000000 1.586307 1.602260 4.084991 -7.882677 1.589772 11.438742 -0.109539 0.971078
Car -1 -1 -10 462.000000 172.000000 510.000000 202.000000 1.544700 1.644625 4.020876 -7.143062 1.596157 41.835073 -1.949711 0.934373
Car -1 -1 -10 254.000000 170.000000 355.000000 217.000000 1.487628 1.646967 3.879866 -11.081807 1.679177 26.537252 -3.472158 0.644914
Car -1 -1 -10 103.000000 158.000000 331.000000 235.000000 1.718628 1.712267 3.869563 -9.250760 1.378003 17.734790 -3.340195 0.391801
Car -1 -1 -10 1142.000000 183.000000 1243.000000 222.000000 1.509051 1.587861 3.745681 29.483965 2.014288 36.422187 -1.676843 0.169112
Car -1 -1 -10 12.000000 145.000000 163.000000 253.000000 1.566118 1.584756 3.835147 -8.015369 1.250019 10.288346 -3.239524 0.138372
Car -1 -1 -10 1117.000000 193.000000 1243.000000 334.000000 1.517069 1.592288 3.814942 6.341161 1.834059 7.292966 -1.484239 0.036604
Car -1 -1 -10 1106.000000 183.000000 1239.000000 254.000000 1.533273 1.576411 3.522851 13.154396 1.996871 16.324861 2.740166 0.030498
Cyclist -1 -1 -10 1093.000000 183.000000 1240.000000 258.000000 1.693690 0.602816 1.610430 9.734620 1.670197 12.380068 -0.896974 0.011917
