Pedestrian -1 -1 -10 675.000000 167.000000 699.000000 215.000000 1.765837 0.620695 0.988162 2.617158 1.457520 24.863173 1.234821 0.049204
Car -1 -1 -10 491.000000 179.000000 543.000000 216.000000 1.473594 1.676973 4.108157 -3.998469 1.832044 31.494049 1.556359 0.999213
Car -1 -1 -10 216.000000 185.000000 372.000000 271.000000 1.615405 1.654186 4.033659 -6.566261 1.892927 15.449358 1.564895 0.999204
Car -1 -1 -10 -4.000000 182.000000 251.000000 366.000000 1.665115 1.645811 3.922816 -6.239180 1.889791 9.022483 1.568718 0.996545
Car -1 -1 -10 391.000000 186.000000 455.000000 227.000000 1.466838 1.546392 3.942550 -6.791765 1.974547 26.335279 1.556983 0.984206
Car -1 -1 -10 470.000000 181.000000 509.000000 208.000000 1.548636 1.653653 4.064365 -6.991371 2.054508 41.009750 1.455010 0.972886
Car -1 -1 -10 701.000000 162.000000 788.000000 194.000000 1.594563 1.681283 4.114396 7.721295 1.255969 41.038722 3.231778 0.955258
Car -1 -1 -10 523.000000 179.000000 556.000000 204.000000 1.529118 1.578282 3.835817 -4.268749 1.866037 43.556669 1.493407 0.822671
Car -1 -1 -10 1083.000000 150.000000 1218.000000 193.000000 1.580932 1.649489 3.761242 18.039675 0.751140 24.100770 -1.583329 0.038834
Car -1 -1 -10 108.000000 184.000000 247.000000 258.000000 1.479176 1.558428 3.447036 -13.530724 1.842607 22.468337 1.929087 0.021634
