Pedestrian -1 -1 -10 1050.000000 123.000000 1132.000000 317.000000 1.838018 0.641564 1.046884 4.784840 1.336177 7.309659 -1.090607 0.994918
Pedestrian -1 -1 -10 1115.000000 120.000000 1212.000000 323.000000 1.783031 0.695996 0.960790 5.156006 1.241057 6.895987 -1.098410 0.981895
Pedestrian -1 -1 -10 1184.000000 137.000000 1228.000000 230.000000 1.780031 0.619259 0.875450 12.188297 1.013956 14.789408 3.347402 0.786301
Pedestrian -1 -1 -10 1117.000000 126.000000 1162.000000 312.000000 1.820145 0.622737 0.930398 5.109512 1.256561 7.013186 0.140130 0.731583
Pedestrian -1 -1 -10 1156.000000 136.000000 1225.000000 272.000000 1.697458 0.522637 0.728834 7.690242 1.399161 9.484099 1.654361 0.206193
Pedestrian -1 -1 -10 1050.000000 141.000000 1098.000000 238.000000 1.730235 0.539087 0.566687 9.110808 1.610823 14.431346 3.554346 0.063555
Pedestrian -1 -1 -10 1011.000000 147.000000 1139.000000 242.000000 1.778759 0.621158 0.789330 9.919583 1.317639 15.695895 -1.523616 0.061183
Pedestrian -1 -1 -10 1050.000000 155.000000 1075.000000 213.000000 1.738527 0.551732 0.551835 7.099901 1.691602 11.549353 3.516832 0.057569
Pedestrian -1 -1 -10 958.000000 159.000000 1124.000000 204.000000 1.858379 0.491201 1.198455 13.900871 1.553462 25.024393 0.210972 0.022386
Pedestrian -1 -1 -10 1198.000000 148.000000 1232.000000 206.000000 1.761066 0.614807 0.601574 21.585990 1.078867 25.269084 -1.445192 0.016605
Car -1 -1 -10 836.000000 169.000000 949.000000 212.000000 1.509152 1.591057 3.751054 9.999943 1.395713 25.932081 3.125644 0.988904
Car -1 -1 -10 0.000000 208.000000 93.000000 251.000000 1.466665 1.605115 3.964325 -20.697198 2.669149 25.209835 -3.114130 0.898342
Car -1 -1 -10 955.000000 158.000000 1124.000000 206.000000 1.527490 1.623247 4.135716 15.064447 1.237346 25.839827 3.123351 0.436870
Car -1 -1 -10 1179.000000 140.000000 1235.000000 219.000000 1.556020 1.540634 3.590546 13.436802 0.608741 14.732268 -0.260758 0.182563
Car -1 -1 -10 161.000000 182.000000 320.000000 241.000000 1.876730 1.723274 4.150967 -12.837313 2.254240 25.194927 -3.077931 0.181750
Car -1 -1 -10 149.000000 195.000000 227.000000 225.000000 1.492958 1.639767 3.864195 -20.014013 2.473802 33.982773 0.858181 0.045822
Car -1 -1 -10 78.000000 198.000000 156.000000 227.000000 1.573285 1.620719 3.956666 -21.624720 2.632417 31.113853 0.558179 0.042548
Car -1 -1 -10 271.000000 187.000000 350.000000 216.000000 1.522420 1.635858 3.861038 -14.006658 2.079634 34.605116 0.800053 0.016799
Car -1 -1 -10 969.000000 171.000000 1067.000000 206.000000 1.529786 1.626446 4.075860 15.095117 1.304692 25.844156 3.108070 0.013887
Car -1 -1 -10 1119.000000 139.000000 1236.000000 257.000000 1.480517 1.480053 3.393379 10.045990 0.876659 13.346535 2.809797 0.010075
Cyclist -1 -1 -10 1182.000000 139.000000 1234.000000 213.000000 1.648189 0.536041 1.575333 11.938330 1.755292 14.235850 -0.852746 0.154837
Cyclist -1 -1 -10 1119.000000 139.000000 1236.000000 257.000000 1.739060 0.495690 1.284223 7.395064 1.704342 9.558190 -0.878312 0.059376
Cyclist -1 -1 -10 1171.000000 138.000000 1218.000000 241.000000 1.690317 0.515798 1.659111 11.927267 0.841878 14.867291 1.150009 0.028532
Cyclist -1 -1 -10 975.000000 157.000000 1132.000000 206.000000 1.712911 0.791439 1.787859 14.199230 1.335785 25.175258 0.159146 0.016068
Cyclist -1 -1 -10 1096.000000 126.000000 1203.000000 308.000000 1.781275 0.593224 1.735381 5.144385 1.253111 6.928621 3.762105 0.010151
