Pedestrian -1 -1 -10 846.000000 159.000000 949.000000 374.000000 1.762239 0.653901 0.923229 2.286066 1.566553 5.724000 -1.346084 0.997894
Pedestrian -1 -1 -10 765.000000 171.000000 847.000000 371.000000 1.681665 0.500883 0.748093 1.522714 1.586312 5.705161 -1.733271 0.997016
Pedestrian -1 -1 -10 177.000000 167.000000 270.000000 373.000000 1.760919 0.648000 0.917526 -3.394846 1.613644 6.501249 -1.082583 0.995924
Pedestrian -1 -1 -10 742.000000 173.000000 771.000000 259.000000 1.767172 0.605412 0.899512 3.268486 1.653950 15.325851 -2.293379 0.972979
Pedestrian -1 -1 -10 851.000000 153.000000 874.000000 219.000000 1.804892 0.655593 0.873123 7.709194 1.049093 21.169288 -0.842868 0.903181
Pedestrian -1 -1 -10 1156.000000 152.000000 1194.000000 241.000000 1.763739 0.613527 0.778889 10.959509 1.208198 13.671196 3.382057 0.869977
Pedestrian -1 -1 -10 1087.000000 155.000000 1170.000000 339.000000 1.680451 0.629153 0.575546 4.683152 1.457632 6.438208 -1.573808 0.833093
Pedestrian -1 -1 -10 901.000000 164.000000 929.000000 222.000000 1.668950 0.567980 0.673193 7.344009 1.277789 17.049677 3.075850 0.597929
Pedestrian -1 -1 -10 1146.000000 153.000000 1177.000000 240.000000 1.788229 0.714880 0.803304 12.459497 1.487971 15.816480 2.794015 0.510250
Pedestrian -1 -1 -10 473.000000 178.000000 490.000000 228.000000 1.710463 0.648770 0.861420 -4.421056 1.660298 26.531138 -1.282941 0.256814
Pedestrian -1 -1 -10 1128.000000 154.000000 1166.000000 247.000000 1.735240 0.594781 0.701352 11.420905 1.483695 15.390526 1.252107 0.236724
Pedestrian -1 -1 -10 1108.000000 157.000000 1160.000000 285.000000 1.719906 0.599706 0.641275 4.723766 1.287133 6.616321 -1.484141 0.167434
Pedestrian -1 -1 -10 859.000000 167.000000 936.000000 282.000000 1.674465 0.556254 0.715341 3.991144 1.688140 9.183961 3.027220 0.114845
Pedestrian -1 -1 -10 872.000000 165.000000 909.000000 226.000000 1.752469 0.628355 0.729782 7.174155 1.411497 17.045738 0.874096 0.070026
Pedestrian -1 -1 -10 752.000000 171.000000 796.000000 263.000000 1.768325 0.552543 0.742841 3.753301 1.539829 16.273426 0.826510 0.059648
Cyclist -1 -1 -10 304.000000 176.000000 391.000000 279.000000 1.689319 0.517702 1.717782 -4.513153 1.732803 12.780183 0.186689 0.994788
Cyclist -1 -1 -10 1069.000000 150.000000 1181.000000 367.000000 1.711910 0.469253 1.714358 4.754820 1.503389 6.526084 -0.794374 0.515563
Cyclist -1 -1 -10 900.000000 165.000000 930.000000 225.000000 1.680343 0.626343 1.705235 7.224926 1.197839 16.974702 2.471094 0.128631
Cyclist -1 -1 -10 743.000000 172.000000 774.000000 261.000000 1.775720 0.553553 1.694412 3.440765 1.453045 15.882755 -0.962161 0.028752
Cyclist -1 -1 -10 758.000000 171.000000 793.000000 268.000000 1.770802 0.465097 1.583951 3.781898 1.435239 16.302323 -0.856541 0.025258
Cyclist -1 -1 -10 871.000000 164.000000 914.000000 226.000000 1.618991 0.627378 1.697462 7.225290 1.208049 17.080571 2.454369 0.021884
Cyclist -1 -1 -10 850.000000 156.000000 882.000000 225.000000 1.759680 0.672522 1.817805 7.776806 1.083363 21.475126 2.448152 0.012642
Cyclist -1 -1 -10 963.000000 158.000000 1212.000000 364.000000 1.740754 0.717152 1.820105 2.542930 1.410579 3.367617 -1.819173 0.012095
Cyclist -1 -1 -10 1102.000000 157.000000 1165.000000 269.000000 1.658712 0.583279 1.575731 5.554416 1.373389 7.306223 -0.910109 0.011626
