Pedestrian -1 -1 -10 164.000000 184.000000 185.000000 227.000000 1.759888 0.459179 0.680212 -7.336387 1.387784 12.166829 -0.445278 0.837608
Pedestrian -1 -1 -10 133.000000 183.000000 156.000000 230.000000 1.697882 0.590824 0.620039 -19.863210 2.063364 31.056315 -1.731743 0.657692
Pedestrian -1 -1 -10 147.000000 185.000000 197.000000 227.000000 1.735598 0.585531 0.726000 -15.864088 2.298857 25.886606 -2.717067 0.090037
Pedestrian -1 -1 -10 130.000000 185.000000 179.000000 235.000000 1.785068 0.603020 0.723847 -15.316569 2.713909 24.435198 0.024761 0.060610
Pedestrian -1 -1 -10 108.000000 197.000000 201.000000 240.000000 1.783584 0.660735 0.922914 -15.721374 2.839509 24.745235 -1.631391 0.043051
Car -1 -1 -10 597.000000 173.000000 631.000000 205.000000 1.504269 1.636972 4.064014 0.229812 1.747069 44.036987 -1.574046 0.999055
Car -1 -1 -10 103.000000 198.000000 207.000000 244.000000 1.488829 1.574991 3.877188 -16.195843 2.447671 25.921889 1.540141 0.997434
Car -1 -1 -10 129.000000 190.000000 199.000000 231.000000 1.503634 1.550727 3.712362 -18.835744 2.176968 31.406446 1.079654 0.016695
Cyclist -1 -1 -10 112.000000 195.000000 206.000000 237.000000 1.734877 0.733600 1.760493 -15.586039 2.668243 25.122227 1.577464 0.116954
Cyclist -1 -1 -10 143.000000 186.000000 194.000000 227.000000 1.793432 0.648642 1.494876 -16.099486 2.257350 25.858609 0.031590 0.032491
Cyclist -1 -1 -10 132.000000 184.000000 156.000000 230.000000 1.692654 0.676875 1.694471 -19.955603 2.137171 31.137753 0.508393 0.019151
