Pedestrian -1 -1 -10 784.000000 169.000000 830.000000 280.000000 1.634721 0.675434 0.828862 2.739912 1.571771 10.232991 -1.279324 0.042290
Pedestrian -1 -1 -10 762.000000 172.000000 802.000000 264.000000 1.701508 0.602399 0.795841 3.060570 1.741168 13.358964 3.064895 0.012124
Pedestrian -1 -1 -10 790.000000 175.000000 824.000000 206.000000 1.738695 0.552573 0.549478 4.030149 1.644879 15.373819 3.224350 0.011532
Car -1 -1 -10 588.000000 180.000000 642.000000 214.000000 1.456534 1.619206 3.907434 0.238903 1.880217 33.964378 1.789433 0.998653
Car -1 -1 -10 266.000000 192.000000 476.000000 327.000000 1.485168 1.564182 3.738149 -3.204909 1.813592 10.228341 1.661126 0.998342
Car -1 -1 -10 615.000000 175.000000 659.000000 211.000000 1.594304 1.681220 4.336757 1.133885 1.920130 37.370981 1.762907 0.950464
Car -1 -1 -10 646.000000 178.000000 683.000000 204.000000 1.528708 1.610596 3.990684 3.754511 1.993403 47.173520 1.769684 0.810919
Car -1 -1 -10 416.000000 173.000000 493.000000 215.000000 1.558784 1.591299 3.835204 -6.933273 1.687511 29.531481 -3.044972 0.565515
Cyclist -1 -1 -10 780.000000 163.000000 839.000000 305.000000 1.758593 0.612828 1.834875 2.759452 1.714964 10.173906 -1.368064 0.999092
Cyclist -1 -1 -10 760.000000 171.000000 798.000000 269.000000 1.703090 0.534648 1.776457 3.084218 1.762808 13.366701 -1.511885 0.992685
Cyclist -1 -1 -10 757.000000 177.000000 795.000000 226.000000 1.764530 0.770015 1.728053 9.838840 1.728903 43.659908 0.269285 0.120133
Cyclist -1 -1 -10 761.000000 173.000000 789.000000 206.000000 1.783282 0.746403 1.767928 10.024457 1.752797 43.532025 2.821391 0.063709
Cyclist -1 -1 -10 785.000000 173.000000 827.000000 255.000000 1.749429 0.577670 1.589796 3.503900 1.803497 14.042112 -1.264763 0.049584
Cyclist -1 -1 -10 789.000000 176.000000 824.000000 210.000000 1.629229 0.516908 1.576070 4.614757 1.711495 16.373413 -1.293871 0.010812
