Car -1 -1 -10 702.000000 181.000000 914.000000 327.000000 1.497821 1.566086 3.587527 2.292696 1.629946 9.333746 -1.691395 0.999530
Car -1 -1 -10 883.000000 162.000000 1003.000000 213.000000 1.482981 1.637351 4.066927 10.879226 1.261184 23.261648 -0.636249 0.997984
Car -1 -1 -10 593.000000 170.000000 711.000000 218.000000 1.533343 1.592263 3.939129 1.501069 1.478309 24.776236 2.547734 0.997608
Car -1 -1 -10 957.000000 165.000000 1064.000000 209.000000 1.477927 1.596723 3.710995 14.555012 1.339774 25.838640 -0.588772 0.968507
Car -1 -1 -10 771.000000 167.000000 923.000000 224.000000 1.495969 1.633010 3.821724 7.187387 1.285215 20.607389 -0.594797 0.965934
Car -1 -1 -10 1019.000000 156.000000 1128.000000 205.000000 1.588470 1.737044 3.980227 18.298407 1.177275 28.227690 -0.592946 0.943075
Car -1 -1 -10 743.000000 168.000000 850.000000 219.000000 1.441379 1.591454 3.673110 6.719272 1.329169 28.409408 2.552274 0.638453
Car -1 -1 -10 1128.000000 160.000000 1228.000000 196.000000 1.592455 1.681263 4.029954 26.922412 1.019208 34.374077 2.557694 0.071388
Cyclist -1 -1 -10 757.000000 169.000000 783.000000 232.000000 1.735374 0.692001 1.715272 6.029870 1.408825 27.545413 -0.686242 0.116468
Cyclist -1 -1 -10 735.000000 174.000000 817.000000 235.000000 1.678662 0.867578 1.869477 6.113678 1.396205 27.460061 -0.340307 0.092209
Cyclist -1 -1 -10 745.000000 181.000000 770.000000 230.000000 1.751814 0.673373 1.688197 5.539795 1.754247 27.371834 -2.550126 0.071552
Cyclist -1 -1 -10 754.000000 169.000000 870.000000 232.000000 1.703489 0.420084 1.443877 5.461314 1.659937 19.598151 -1.318679 0.038162
