Car -1 -1 -10 721.000000 185.000000 829.000000 259.000000 1.427478 1.603066 3.806522 3.468125 1.750677 15.927239 -1.546572 0.999500
Car -1 -1 -10 481.000000 181.000000 535.000000 220.000000 1.557172 1.640627 3.753025 -4.423142 1.970136 31.659273 1.627272 0.999365
Car -1 -1 -10 696.000000 180.000000 770.000000 235.000000 1.436034 1.623902 4.035406 3.617255 1.682915 21.919133 -1.529736 0.991960
Car -1 -1 -10 912.000000 170.000000 1104.000000 228.000000 1.495364 1.667994 4.176916 11.241596 1.428160 21.316502 -2.513397 0.989803
Car -1 -1 -10 674.000000 174.000000 703.000000 200.000000 1.479045 1.656697 3.682010 5.197117 1.659380 49.797291 -1.516424 0.943826
Car -1 -1 -10 511.000000 180.000000 551.000000 213.000000 1.548899 1.642151 4.063864 -4.113722 2.029267 37.034323 1.586057 0.940727
Car -1 -1 -10 262.000000 185.000000 354.000000 217.000000 1.565073 1.617646 4.089589 -14.661337 2.422528 36.074262 -2.962756 0.588681
Car -1 -1 -10 538.000000 182.000000 572.000000 207.000000 1.524446 1.625236 4.082898 -3.402286 2.123242 46.573314 1.649210 0.426738
Car -1 -1 -10 1061.000000 161.000000 1240.000000 251.000000 1.518307 1.645713 3.832076 11.781552 1.343560 14.530080 -2.396684 0.309011
Car -1 -1 -10 1033.000000 173.000000 1165.000000 232.000000 1.492390 1.506171 3.870379 12.742658 1.238587 18.094706 -1.020743 0.057750
