Pedestrian -1 -1 -10 343.000000 181.000000 367.000000 258.000000 1.823505 0.653557 0.738817 -5.883974 1.932154 16.441468 1.723586 0.933715
Pedestrian -1 -1 -10 355.000000 186.000000 372.000000 257.000000 1.786961 0.647460 0.636864 -5.771519 1.860334 16.500656 -2.056731 0.017194
Car -1 -1 -10 695.000000 179.000000 791.000000 258.000000 1.498152 1.562593 3.515878 2.604301 1.672425 15.256160 -1.564676 0.999283
Car -1 -1 -10 238.000000 203.000000 418.000000 319.000000 1.464600 1.571684 3.593549 -4.251849 1.974422 11.331432 -1.597818 0.998842
Car -1 -1 -10 484.000000 184.000000 528.000000 220.000000 1.542093 1.597464 3.769241 -4.937339 2.135861 34.348791 1.580088 0.997939
Car -1 -1 -10 403.000000 182.000000 495.000000 250.000000 1.631144 1.699518 4.013310 -4.555586 1.966147 20.539982 -1.549950 0.997676
Car -1 -1 -10 653.000000 175.000000 697.000000 214.000000 1.519381 1.565758 3.606429 2.684657 1.655290 31.010966 -1.599510 0.995597
Car -1 -1 -10 819.000000 179.000000 1255.000000 373.000000 1.604204 1.570134 3.687978 2.800572 1.657477 5.065264 -1.586955 0.988431
Car -1 -1 -10 1041.000000 173.000000 1241.000000 370.000000 1.505603 1.627822 3.971789 2.634689 1.314251 5.178337 -1.524441 0.012773
Car -1 -1 -10 894.000000 187.000000 1145.000000 298.000000 1.484462 1.569970 3.748590 3.134640 1.768994 5.056990 1.500194 0.011047
Car -1 -1 -10 742.000000 174.000000 785.000000 221.000000 1.470079 1.567014 3.837491 6.146562 1.415450 27.333446 -1.489557 0.010384
