Pedestrian -1 -1 -10 776.000000 168.000000 827.000000 302.000000 1.658283 0.570280 0.612698 2.271896 1.611779 8.673831 -1.254567 0.992430
Pedestrian -1 -1 -10 0.000000 169.000000 40.000000 360.000000 1.758927 0.588409 0.748267 -5.380479 1.677427 6.691634 -0.148336 0.901787
Pedestrian -1 -1 -10 858.000000 140.000000 943.000000 337.000000 1.804915 0.674109 0.888658 2.833393 1.509368 7.335336 0.906872 0.456963
Pedestrian -1 -1 -10 0.000000 192.000000 79.000000 318.000000 1.749322 0.631256 0.689978 -8.971254 2.760636 11.481327 -1.919774 0.216038
Pedestrian -1 -1 -10 871.000000 144.000000 921.000000 290.000000 1.688152 0.535140 0.805332 3.128724 1.287109 7.788288 -2.726719 0.069380
Pedestrian -1 -1 -10 860.000000 139.000000 1041.000000 367.000000 1.778095 0.655372 1.053920 2.662050 1.584536 5.456230 -1.799225 0.018114
Car -1 -1 -10 602.000000 176.000000 629.000000 203.000000 1.580526 1.629660 4.013104 0.294348 1.888934 46.606068 -1.532457 0.998224
Car -1 -1 -10 371.000000 187.000000 429.000000 221.000000 1.510567 1.615784 3.890397 -9.609467 2.172552 33.229075 1.610691 0.996358
Car -1 -1 -10 1.000000 205.000000 97.000000 303.000000 1.506311 1.611363 3.837115 -9.695705 2.065996 10.980042 1.548737 0.178024
Car -1 -1 -10 0.000000 176.000000 56.000000 331.000000 1.567700 1.671918 3.803064 -6.563688 1.365578 6.328707 2.410735 0.030958
Cyclist -1 -1 -10 867.000000 116.000000 1171.000000 372.000000 1.738419 0.517200 1.739663 2.848870 1.353507 5.118728 -2.540774 0.999519
Cyclist -1 -1 -10 847.000000 139.000000 958.000000 357.000000 1.775372 0.650599 1.800943 2.532325 1.477884 6.790068 1.901723 0.931732
Cyclist -1 -1 -10 774.000000 166.000000 828.000000 303.000000 1.689032 0.536429 1.749484 2.205812 1.580001 8.670686 -1.526139 0.072208
Cyclist -1 -1 -10 -1.000000 181.000000 50.000000 339.000000 1.762228 0.617465 1.737389 -5.656554 1.722132 6.916545 -0.133402 0.045198
Cyclist -1 -1 -10 -1.000000 198.000000 102.000000 308.000000 1.763023 0.775450 1.908921 -9.272574 2.048208 11.305529 1.478478 0.026863
Cyclist -1 -1 -10 862.000000 148.000000 928.000000 305.000000 1.756053 0.497481 1.686104 2.961143 1.428120 7.663609 2.419404 0.016358
