Car -1 -1 -10 577.000000 180.000000 611.000000 211.000000 1.508863 1.566169 3.449424 -0.784129 1.277054 39.646355 -1.571131 0.999395
Car -1 -1 -10 288.000000 193.000000 453.000000 283.000000 1.481447 1.610640 4.049361 -4.231159 1.594155 13.641269 -1.589383 0.999336
Car -1 -1 -10 440.000000 186.000000 505.000000 232.000000 1.453093 1.584935 3.764007 -4.620465 1.462700 24.784707 -1.587553 0.997385
Car -1 -1 -10 55.000000 178.000000 276.000000 278.000000 1.562107 1.637101 3.925854 -8.503610 1.573728 14.431399 -1.570075 0.972193
Car -1 -1 -10 285.000000 192.000000 364.000000 234.000000 1.406333 1.605406 3.863466 -8.323448 1.592836 22.390093 -1.485728 0.672114
Car -1 -1 -10 476.000000 183.000000 525.000000 216.000000 1.446905 1.571677 3.838399 -5.080802 1.424276 34.640799 -1.589104 0.628842
Car -1 -1 -10 237.000000 201.000000 391.000000 305.000000 1.497087 1.595013 3.971760 -4.698224 1.578177 11.404593 1.594454 0.336469
Car -1 -1 -10 1.000000 190.000000 71.000000 318.000000 1.511983 1.627406 3.883865 -8.109809 1.871065 8.299013 -1.629873 0.183157
Car -1 -1 -10 370.000000 182.000000 405.000000 207.000000 1.504071 1.620832 3.743775 -12.549440 1.263127 42.706799 -1.383592 0.102565
Car -1 -1 -10 385.000000 183.000000 441.000000 215.000000 1.546003 1.594453 3.844807 -8.753106 1.402660 33.240754 -1.476558 0.057982
