Car -1 -1 -10 512.000000 187.000000 645.000000 266.000000 1.411111 1.602111 3.905145 -0.874403 1.735855 14.720244 -1.973950 0.999601
Car -1 -1 -10 411.000000 181.000000 468.000000 220.000000 1.440379 1.584754 3.723083 -6.980915 1.803864 28.674935 -1.942472 0.999311
Car -1 -1 -10 222.000000 184.000000 268.000000 214.000000 1.574349 1.641998 3.962346 -20.331692 2.228653 40.342655 1.251313 0.997713
Car -1 -1 -10 397.000000 180.000000 443.000000 211.000000 1.533243 1.611965 3.820290 -9.217736 1.757045 34.165687 -1.933313 0.980889
Car -1 -1 -10 2.000000 204.000000 154.000000 310.000000 1.488738 1.624165 3.891246 -9.019887 2.036254 12.311957 1.129778 0.969671
Car -1 -1 -10 579.000000 164.000000 684.000000 204.000000 1.533852 1.653912 3.992342 0.948605 1.238074 30.994037 -2.831875 0.882025
Car -1 -1 -10 1119.000000 153.000000 1242.000000 242.000000 1.402861 1.602093 4.069269 10.480027 1.027238 12.705107 2.023990 0.545743
Car -1 -1 -10 0.000000 211.000000 99.000000 367.000000 1.471757 1.593534 3.892627 -6.940712 1.912385 7.834205 1.127189 0.432576
Car -1 -1 -10 657.000000 133.000000 1127.000000 374.000000 1.988687 1.721433 4.334767 2.213183 1.685715 7.639379 -1.950014 0.393244
Car -1 -1 -10 536.000000 172.000000 619.000000 202.000000 1.548120 1.663629 4.149706 -1.749304 1.425595 36.581044 -2.962885 0.256246
Car -1 -1 -10 240.000000 183.000000 278.000000 210.000000 1.499068 1.467199 3.391081 -21.987489 2.230784 43.008616 -2.704768 0.190746
