Car -1 -1 -10 482.000000 183.000000 532.000000 221.000000 1.560597 1.665092 3.673689 -4.786329 2.149200 33.180009 1.599362 0.999499
Car -1 -1 -10 704.000000 186.000000 801.000000 254.000000 1.455619 1.614265 3.805584 3.288006 1.802122 17.572273 -1.571963 0.999269
Car -1 -1 -10 684.000000 183.000000 750.000000 232.000000 1.456536 1.628456 4.094873 3.431447 1.799008 23.609252 -1.546446 0.993696
Car -1 -1 -10 890.000000 174.000000 1051.000000 226.000000 1.520602 1.665254 4.150881 11.250771 1.598633 22.834598 -2.529283 0.988955
Car -1 -1 -10 667.000000 176.000000 694.000000 202.000000 1.577204 1.657294 4.056407 4.976554 1.904910 51.884050 -1.497506 0.970697
Car -1 -1 -10 508.000000 182.000000 546.000000 215.000000 1.548075 1.654211 3.980315 -4.431894 2.221558 38.605401 1.607680 0.919387
Car -1 -1 -10 1006.000000 163.000000 1226.000000 245.000000 1.521184 1.653664 4.014432 11.522533 1.381528 16.529392 -2.450984 0.874595
Car -1 -1 -10 1080.000000 207.000000 1245.000000 368.000000 1.496129 1.604144 3.829093 3.521458 1.819102 2.229105 -1.583858 0.303766
Car -1 -1 -10 1.000000 248.000000 55.000000 371.000000 1.511334 1.597319 3.740451 -5.011262 1.856354 3.647403 -1.625676 0.140870
Car -1 -1 -10 269.000000 186.000000 366.000000 215.000000 1.565609 1.637073 3.991843 -15.064910 2.260445 38.029886 -0.183265 0.135419
Car -1 -1 -10 998.000000 173.000000 1131.000000 238.000000 1.474633 1.598974 3.634487 11.531050 1.509308 17.127298 -0.912170 0.060084
Car -1 -1 -10 526.000000 186.000000 557.000000 211.000000 1.516885 1.554279 3.900222 -4.163474 2.156787 43.244333 1.629968 0.034159
