Pedestrian -1 -1 -10 99.000000 188.000000 150.000000 315.000000 1.771389 0.713486 0.616891 -6.795675 1.928679 10.097422 1.977025 0.992999
Pedestrian -1 -1 -10 166.000000 175.000000 217.000000 305.000000 1.659145 0.548799 0.771338 -5.734047 1.707507 10.015939 1.511387 0.970736
Pedestrian -1 -1 -10 562.000000 175.000000 571.000000 203.000000 1.749831 0.645461 0.784180 -3.071444 1.908587 50.749062 1.143945 0.099050
Pedestrian -1 -1 -10 574.000000 174.000000 584.000000 202.000000 1.808733 0.651394 0.904342 -2.320387 1.990198 51.235307 1.541973 0.032399
Pedestrian -1 -1 -10 123.000000 184.000000 247.000000 314.000000 1.670365 0.572512 0.596001 -5.682996 1.771881 9.976421 1.462675 0.028255
Pedestrian -1 -1 -10 87.000000 203.000000 130.000000 314.000000 1.691856 0.584311 0.526543 -5.346160 1.680106 7.479355 -2.866364 0.018228
Pedestrian -1 -1 -10 -1.000000 219.000000 275.000000 372.000000 1.677718 0.699596 0.632406 -3.407555 2.066691 4.699910 -3.307811 0.012417
Car -1 -1 -10 736.000000 182.000000 921.000000 316.000000 1.483655 1.576096 3.672746 2.702222 1.627579 9.820991 -1.579284 0.999586
Car -1 -1 -10 458.000000 182.000000 514.000000 226.000000 1.568823 1.635199 3.873888 -4.908477 1.991009 28.948569 1.564824 0.999098
Car -1 -1 -10 309.000000 181.000000 457.000000 278.000000 1.650710 1.673308 4.049209 -4.546782 1.866081 14.960670 -1.543351 0.999085
Car -1 -1 -10 661.000000 176.000000 717.000000 223.000000 1.546333 1.588380 3.645143 2.674080 1.691448 25.393765 -1.601191 0.998973
Car -1 -1 -10 512.000000 182.000000 544.000000 208.000000 1.622718 1.669463 3.921107 -5.133662 2.046171 44.772785 1.529239 0.990009
Car -1 -1 -10 -4.000000 223.000000 286.000000 373.000000 1.481002 1.655880 3.891621 -4.303350 1.892659 5.733608 -1.613851 0.986011
Cyclist -1 -1 -10 562.000000 176.000000 571.000000 203.000000 1.715160 0.540142 1.729876 -3.254882 1.757234 51.156875 1.085266 0.887922
Cyclist -1 -1 -10 574.000000 174.000000 584.000000 202.000000 1.724389 0.590305 1.841788 -2.347156 1.771438 51.261733 1.495275 0.505851
Cyclist -1 -1 -10 166.000000 175.000000 219.000000 304.000000 1.667198 0.612807 1.580689 -5.896181 1.604669 10.281235 0.452621 0.038243
Cyclist -1 -1 -10 85.000000 190.000000 162.000000 311.000000 1.748310 0.735383 1.778451 -6.610715 1.656195 10.077945 2.506478 0.034021
Cyclist -1 -1 -10 13.000000 226.000000 271.000000 349.000000 1.742305 0.679036 1.767826 -3.606153 1.975316 5.428797 1.580722 0.014802
