Car -1 -1 -10 303.000000 175.000000 430.000000 233.000000 1.489462 1.629493 3.783841 -7.029353 1.700672 21.382072 -3.075433 0.996768
Car -1 -1 -10 -4.000000 165.000000 261.000000 339.000000 1.505475 1.611589 3.820485 -5.177017 1.441183 6.435138 -3.307371 0.980401
Car -1 -1 -10 724.000000 185.000000 874.000000 299.000000 1.490020 1.569132 3.744588 2.944407 1.725396 11.505054 1.499078 0.977171
Car -1 -1 -10 360.000000 177.000000 493.000000 225.000000 1.488341 1.611898 4.157226 -6.205318 1.703384 25.698777 -3.143790 0.969916
Car -1 -1 -10 641.000000 179.000000 672.000000 208.000000 1.511657 1.626934 3.881266 2.684168 1.772740 39.516758 -1.510122 0.936270
Car -1 -1 -10 419.000000 178.000000 521.000000 214.000000 1.471364 1.583234 3.784677 -5.184463 1.931013 31.650366 1.856708 0.326639
Car -1 -1 -10 463.000000 178.000000 537.000000 209.000000 1.594755 1.636589 3.811007 -5.965587 1.943599 41.446204 -0.018985 0.056278
Car -1 -1 -10 634.000000 180.000000 700.000000 208.000000 1.514715 1.630367 3.909001 2.687313 1.782698 39.533122 -1.500664 0.038124
Car -1 -1 -10 765.000000 1.000000 1234.000000 371.000000 1.898870 1.759062 4.476803 2.797347 1.525383 4.760173 -1.531205 0.021720
Car -1 -1 -10 659.000000 179.000000 721.000000 212.000000 1.539376 1.675764 3.913138 1.814754 1.947997 38.869105 -2.930466 0.018339
Car -1 -1 -10 67.000000 191.000000 265.000000 290.000000 1.523118 1.569110 3.701031 -7.631365 1.203847 12.886834 -2.286610 0.013858
Car -1 -1 -10 765.000000 172.000000 972.000000 306.000000 1.450124 1.569254 3.803022 3.051598 1.639990 11.603750 1.504296 0.011421
