Pedestrian -1 -1 -10 737.000000 170.000000 756.000000 211.000000 1.783431 0.685320 0.705464 7.590804 2.182807 40.298268 -0.860711 0.014230
Car -1 -1 -10 809.000000 177.000000 1218.000000 374.000000 1.510912 1.617910 3.930714 3.240504 1.625547 6.874805 -1.565046 0.999591
Car -1 -1 -10 710.000000 182.000000 814.000000 252.000000 1.463372 1.550838 3.708947 3.337015 1.676233 16.610830 1.533475 0.999383
Car -1 -1 -10 381.000000 185.000000 472.000000 238.000000 1.499052 1.611899 4.023851 -5.661135 1.902494 22.109146 1.683054 0.998532
Car -1 -1 -10 192.000000 194.000000 368.000000 293.000000 1.507940 1.581458 3.748929 -5.795082 1.927572 13.007494 1.569555 0.997657
Car -1 -1 -10 680.000000 180.000000 755.000000 230.000000 1.446423 1.636032 4.027239 3.284305 1.733800 22.607507 -1.609745 0.991890
Car -1 -1 -10 -1.000000 205.000000 241.000000 373.000000 1.480329 1.612499 3.961043 -5.763404 1.896424 7.405810 1.600424 0.984068
Car -1 -1 -10 660.000000 178.000000 709.000000 214.000000 1.472092 1.591585 3.747316 3.138443 1.711479 31.102415 -1.587846 0.981726
Car -1 -1 -10 480.000000 178.000000 520.000000 209.000000 1.502758 1.595152 3.802723 -5.710359 1.933953 37.124726 1.607427 0.580872
Car -1 -1 -10 1136.000000 175.000000 1236.000000 372.000000 1.534968 1.625920 3.925235 3.585348 1.586626 6.794409 -1.379755 0.042491
Car -1 -1 -10 113.000000 186.000000 245.000000 239.000000 1.533811 1.589451 3.633739 -14.285928 1.448676 22.556131 1.016942 0.030317
Car -1 -1 -10 0.000000 207.000000 165.000000 311.000000 1.517595 1.567275 3.599125 -6.058891 2.145370 8.837733 0.376630 0.021154
Car -1 -1 -10 2.000000 191.000000 101.000000 250.000000 1.492713 1.589240 3.872365 -11.516626 1.552241 16.520606 0.228123 0.014807
Car -1 -1 -10 87.000000 206.000000 219.000000 249.000000 1.502383 1.580837 3.756236 -10.634947 1.613855 16.383745 0.959337 0.010330
