Car -1 -1 -10 212.000000 200.000000 345.000000 264.000000 1.400251 1.602854 3.853127 -8.330984 2.042963 17.586853 -2.389057 0.999587
Car -1 -1 -10 66.000000 194.000000 144.000000 234.000000 1.428030 1.630270 3.975566 -19.660833 2.221214 27.921971 -2.333050 0.998604
Car -1 -1 -10 674.000000 180.000000 762.000000 233.000000 1.450567 1.629638 3.964743 2.918157 1.612470 20.340355 1.501146 0.997671
Car -1 -1 -10 44.000000 192.000000 112.000000 228.000000 1.506092 1.645176 3.864699 -23.725206 2.153374 31.947789 -2.321023 0.984775
Car -1 -1 -10 599.000000 179.000000 661.000000 230.000000 1.485515 1.599365 3.721160 0.440486 1.652492 21.390527 1.597054 0.980597
Car -1 -1 -10 360.000000 168.000000 603.000000 300.000000 1.961418 1.736465 4.339010 -2.530076 1.939830 12.413605 -2.387201 0.919648
Car -1 -1 -10 273.000000 181.000000 374.000000 216.000000 1.518449 1.649125 3.894620 -13.300533 1.863211 33.221919 -3.313339 0.875628
Car -1 -1 -10 214.000000 186.000000 310.000000 213.000000 1.537630 1.637334 4.139361 -18.241556 2.121989 37.201208 -3.281853 0.216186
Car -1 -1 -10 731.000000 171.000000 879.000000 225.000000 1.475556 1.583306 4.072295 5.609229 1.884612 21.539210 1.257652 0.182387
Car -1 -1 -10 436.000000 178.000000 601.000000 265.000000 1.568114 1.628365 3.598123 -1.741104 1.675084 11.822102 -2.331431 0.012281
Car -1 -1 -10 642.000000 179.000000 707.000000 219.000000 1.541130 1.603072 3.829162 2.697058 1.656396 32.310761 1.135355 0.011274
