Pedestrian -1 -1 -10 540.000000 175.000000 550.000000 209.000000 1.797892 0.618709 0.878135 -3.573222 1.801724 38.679596 1.344349 0.745123
Pedestrian -1 -1 -10 552.000000 172.000000 563.000000 208.000000 1.710773 0.665620 0.620408 -2.888436 1.821932 39.082130 1.371016 0.241877
Pedestrian -1 -1 -10 543.000000 174.000000 556.000000 205.000000 1.805090 0.636889 0.897083 -3.401095 1.837311 38.770658 1.032759 0.107220
Car -1 -1 -10 673.000000 172.000000 760.000000 245.000000 1.563873 1.587969 3.671705 2.496050 1.613035 17.866638 -1.600805 0.999006
Car -1 -1 -10 390.000000 181.000000 477.000000 242.000000 1.525055 1.596495 3.706748 -5.098441 1.871361 21.191752 1.570448 0.998277
Car -1 -1 -10 482.000000 181.000000 524.000000 212.000000 1.511037 1.656033 3.865318 -5.645374 1.907510 37.059413 1.556543 0.997490
Car -1 -1 -10 -2.000000 176.000000 327.000000 377.000000 1.638035 1.663865 3.943346 -4.572055 1.818869 7.322658 -1.590536 0.855723
Car -1 -1 -10 960.000000 113.000000 1245.000000 369.000000 1.643171 1.609130 3.871691 2.964648 1.044499 4.158282 2.073786 0.408376
Car -1 -1 -10 539.000000 175.000000 551.000000 207.000000 1.528274 1.585145 3.756047 -4.057614 1.809878 40.177812 -1.656266 0.010261
Cyclist -1 -1 -10 552.000000 171.000000 566.000000 208.000000 1.737314 0.652357 1.827012 -2.909278 1.788607 39.167523 1.548983 0.851823
Cyclist -1 -1 -10 539.000000 175.000000 551.000000 209.000000 1.795215 0.619842 1.807163 -3.546920 1.808483 38.848902 1.529805 0.251426
Cyclist -1 -1 -10 987.000000 101.000000 1229.000000 371.000000 1.628050 0.573031 1.655533 2.125957 1.713779 2.598749 -1.573058 0.054317
Cyclist -1 -1 -10 531.000000 177.000000 555.000000 203.000000 1.748264 0.609590 1.713493 -3.403842 1.606977 38.680711 -0.754765 0.012597
