Pedestrian -1 -1 -10 127.000000 156.000000 205.000000 339.000000 1.798875 0.722090 0.942478 -4.688690 1.572334 7.682223 -1.105942 0.992229
Pedestrian -1 -1 -10 368.000000 198.000000 433.000000 328.000000 1.603362 0.698702 0.735887 -2.109454 1.737698 7.340862 -1.476753 0.639138
Pedestrian -1 -1 -10 313.000000 200.000000 376.000000 335.000000 1.592752 0.689505 0.796333 -2.781418 1.698494 7.416638 -1.520614 0.621420
Pedestrian -1 -1 -10 411.000000 192.000000 442.000000 270.000000 1.701515 0.542812 0.578183 -2.419254 1.793132 9.519324 -0.124073 0.342690
Pedestrian -1 -1 -10 359.000000 202.000000 396.000000 293.000000 1.686068 0.552930 0.552567 -6.633549 1.725570 20.883931 -1.171586 0.201039
Pedestrian -1 -1 -10 381.000000 203.000000 428.000000 276.000000 1.692020 0.518009 0.621134 -2.281090 1.476316 7.804672 2.313671 0.155406
Pedestrian -1 -1 -10 151.000000 167.000000 190.000000 289.000000 1.662299 0.566429 0.612223 -4.541464 1.390453 7.518566 2.552101 0.149620
Pedestrian -1 -1 -10 394.000000 200.000000 418.000000 253.000000 1.703767 0.533897 0.571746 -3.125566 1.684149 10.984414 -1.279595 0.118741
Pedestrian -1 -1 -10 383.000000 201.000000 407.000000 256.000000 1.743944 0.538271 0.568268 -3.018607 1.675027 10.120803 2.671574 0.078027
Pedestrian -1 -1 -10 329.000000 203.000000 362.000000 256.000000 1.767228 0.556065 0.642116 -5.554862 1.900583 15.202663 2.191133 0.060419
Pedestrian -1 -1 -10 397.000000 194.000000 436.000000 309.000000 1.697640 0.555950 0.599553 -2.771759 1.615334 10.208308 -2.435736 0.057822
Pedestrian -1 -1 -10 335.000000 202.000000 352.000000 242.000000 1.712353 0.568532 0.544803 -5.220978 1.872737 14.590633 2.103042 0.043267
Pedestrian -1 -1 -10 341.000000 202.000000 358.000000 249.000000 1.703616 0.576693 0.720885 -5.441643 1.772812 14.989847 -1.447211 0.038099
Car -1 -1 -10 880.000000 131.000000 1231.000000 378.000000 1.757452 1.685212 4.011745 3.248306 1.501394 4.191900 -1.569454 0.838208
Cyclist -1 -1 -10 510.000000 174.000000 557.000000 213.000000 1.799324 0.647357 1.805083 -2.836694 1.220763 29.264040 -2.623302 0.494720
Cyclist -1 -1 -10 341.000000 203.000000 359.000000 250.000000 1.721274 0.563862 1.632344 -5.070027 1.697370 14.792640 -0.970077 0.018147
Cyclist -1 -1 -10 329.000000 204.000000 365.000000 259.000000 1.737909 0.524165 1.612823 -5.286045 1.760768 15.156777 -0.989029 0.013827
Cyclist -1 -1 -10 372.000000 204.000000 414.000000 278.000000 1.662146 0.582460 1.578640 -3.417361 1.544451 12.061345 -1.823535 0.012767
Cyclist -1 -1 -10 366.000000 200.000000 429.000000 323.000000 1.655496 0.468315 1.625256 -2.139535 1.694718 7.368226 -1.455044 0.011878
