Pedestrian -1 -1 -10 889.000000 112.000000 934.000000 262.000000 1.741637 0.622236 0.621693 5.112747 1.126913 11.980389 2.931738 0.959467
Pedestrian -1 -1 -10 392.000000 158.000000 414.000000 236.000000 1.744749 0.655061 0.647619 -4.315190 1.403818 15.018717 -1.747080 0.733455
Pedestrian -1 -1 -10 385.000000 160.000000 434.000000 237.000000 1.767052 0.848817 0.611601 -4.941085 1.160709 17.823633 -1.533490 0.189969
Pedestrian -1 -1 -10 410.000000 155.000000 428.000000 247.000000 1.736667 0.581723 0.696849 -5.077219 1.127024 18.783150 2.328028 0.135431
Pedestrian -1 -1 -10 367.000000 162.000000 410.000000 241.000000 1.709987 0.685865 0.687331 -4.377198 1.399911 14.941231 -1.663507 0.114455
Pedestrian -1 -1 -10 335.000000 168.000000 447.000000 237.000000 1.787866 0.664453 0.824039 -4.795562 1.339902 16.427000 0.225412 0.016121
Car -1 -1 -10 662.000000 171.000000 718.000000 214.000000 1.486144 1.607859 3.919826 2.759262 1.413740 25.984153 -1.598690 0.998572
Car -1 -1 -10 148.000000 174.000000 466.000000 373.000000 1.593891 1.628637 4.058523 -2.734792 1.625423 7.386388 -1.633929 0.998248
Car -1 -1 -10 376.000000 175.000000 528.000000 279.000000 1.498107 1.637652 4.087707 -2.661973 1.588434 12.564450 -1.488247 0.998104
Car -1 -1 -10 723.000000 175.000000 899.000000 306.000000 1.448022 1.588089 3.712016 2.619158 1.527215 10.168268 -1.591737 0.997699
Car -1 -1 -10 547.000000 169.000000 582.000000 201.000000 1.603646 1.627990 3.897525 -2.585957 1.526082 39.660580 -1.650351 0.997087
Car -1 -1 -10 781.000000 160.000000 1243.000000 375.000000 1.585649 1.595909 3.771697 2.327669 1.528349 4.667398 -1.580813 0.847184
Car -1 -1 -10 645.000000 170.000000 688.000000 201.000000 1.568437 1.625093 4.018650 2.972620 1.475071 38.587122 -1.635630 0.765267
Car -1 -1 -10 640.000000 170.000000 669.000000 197.000000 1.495978 1.470065 3.088073 2.429442 1.777742 42.966210 -0.056156 0.275855
Cyclist -1 -1 -10 355.000000 168.000000 406.000000 242.000000 1.730245 0.779776 1.729695 -5.000720 1.235630 15.396687 0.176661 0.034688
Cyclist -1 -1 -10 379.000000 160.000000 420.000000 240.000000 1.760402 0.602585 1.571484 -4.467095 1.141288 15.702176 -0.216385 0.020933
