Pedestrian -1 -1 -10 787.000000 154.000000 834.000000 266.000000 1.764532 0.618563 0.833905 3.286049 1.301673 11.476636 1.309823 0.995611
Pedestrian -1 -1 -10 72.000000 196.000000 128.000000 315.000000 1.841724 0.679177 0.740852 -7.053738 1.685458 9.990394 1.079436 0.907083
Pedestrian -1 -1 -10 778.000000 163.000000 815.000000 257.000000 1.825158 0.694463 0.790919 3.764783 1.356316 13.761096 0.768549 0.175900
Pedestrian -1 -1 -10 569.000000 176.000000 586.000000 226.000000 1.762391 0.597124 0.661935 -0.922435 1.513998 25.531350 -2.160806 0.132635
Pedestrian -1 -1 -10 589.000000 177.000000 605.000000 225.000000 1.771380 0.667943 0.925191 -0.184919 1.499507 25.667450 -1.666836 0.116057
Pedestrian -1 -1 -10 772.000000 169.000000 797.000000 247.000000 1.673323 0.670721 0.931043 4.073292 1.447774 16.011009 -0.782810 0.077139
Pedestrian -1 -1 -10 528.000000 179.000000 537.000000 209.000000 1.838188 0.657974 0.686915 -4.055733 1.552783 41.719497 -0.581056 0.043210
Pedestrian -1 -1 -10 77.000000 209.000000 96.000000 303.000000 1.705036 0.526492 0.616063 -5.950540 1.589909 8.096713 1.943134 0.016422
Pedestrian -1 -1 -10 446.000000 179.000000 462.000000 232.000000 1.764177 0.620400 0.788923 -4.998950 1.599977 23.874078 -1.938251 0.014631
Car -1 -1 -10 3.000000 200.000000 376.000000 374.000000 1.515082 1.630847 3.897162 -3.623270 1.775504 6.438768 1.609599 0.994480
Car -1 -1 -10 25.000000 203.000000 193.000000 352.000000 1.563667 1.622661 3.829599 -6.561623 1.754495 10.062289 0.804567 0.014057
Car -1 -1 -10 1.000000 233.000000 65.000000 307.000000 1.543976 1.474553 3.539678 -10.278885 2.467250 12.878949 -2.238560 0.010501
Cyclist -1 -1 -10 67.000000 197.000000 134.000000 321.000000 1.717619 0.664248 1.695911 -7.091951 1.555237 10.118315 0.956624 0.016043
