Pedestrian -1 -1 -10 488.000000 159.000000 522.000000 271.000000 1.774983 0.653206 0.899817 -1.654762 1.393638 11.769835 1.475326 0.995527
Pedestrian -1 -1 -10 595.000000 160.000000 620.000000 235.000000 1.781168 0.654550 1.036593 0.108592 1.232893 17.104584 -1.007378 0.993144
Pedestrian -1 -1 -10 1054.000000 128.000000 1202.000000 376.000000 1.626590 0.535414 0.923280 2.972232 1.276546 4.086701 -1.434368 0.991248
Pedestrian -1 -1 -10 453.000000 166.000000 493.000000 273.000000 1.791574 0.709267 0.774203 -2.080167 1.491641 11.569632 1.414264 0.989637
Pedestrian -1 -1 -10 68.000000 222.000000 175.000000 370.000000 1.772042 0.635853 0.667798 -4.640506 1.852828 6.599017 -2.181308 0.930288
Pedestrian -1 -1 -10 5.000000 220.000000 143.000000 371.000000 1.725506 0.634576 0.569212 -2.313888 1.898591 2.878232 -1.669492 0.822336
Pedestrian -1 -1 -10 648.000000 162.000000 666.000000 228.000000 1.778873 0.628780 0.790703 1.249528 1.250200 18.170504 -0.505603 0.815185
Pedestrian -1 -1 -10 59.000000 216.000000 126.000000 354.000000 1.691939 0.578433 0.618034 -2.172179 1.674408 2.851538 -1.678205 0.673595
Pedestrian -1 -1 -10 611.000000 161.000000 630.000000 212.000000 1.778910 0.667442 0.749895 0.672659 0.994487 25.209900 -1.677300 0.664282
Pedestrian -1 -1 -10 205.000000 213.000000 290.000000 359.000000 1.698044 0.680002 0.651315 -3.007763 1.994570 5.950503 -0.362228 0.583576
Pedestrian -1 -1 -10 654.000000 163.000000 675.000000 231.000000 1.811534 0.683929 0.834813 1.475808 1.254154 17.018366 2.016983 0.549640
Pedestrian -1 -1 -10 680.000000 164.000000 701.000000 224.000000 1.784771 0.678924 0.887196 2.446693 1.134247 19.633475 1.643778 0.333894
Pedestrian -1 -1 -10 1043.000000 138.000000 1078.000000 226.000000 1.701919 0.571196 0.544081 5.764086 1.375936 8.861114 -0.496629 0.277112
Car -1 -1 -10 554.000000 168.000000 585.000000 194.000000 1.575572 1.676455 3.912278 -2.064663 0.715308 46.157300 1.594240 0.997023
Cyclist -1 -1 -10 1015.000000 135.000000 1232.000000 369.000000 1.673832 0.557742 1.596262 3.026227 1.262181 4.101142 1.060795 0.826451
Cyclist -1 -1 -10 15.000000 221.000000 162.000000 371.000000 1.676935 0.562103 1.664300 -2.283906 1.591328 2.757960 -2.239370 0.252141
Cyclist -1 -1 -10 50.000000 218.000000 126.000000 351.000000 1.671661 0.533952 1.622300 -2.328653 1.469410 2.860765 -2.148487 0.123939
Cyclist -1 -1 -10 698.000000 159.000000 738.000000 226.000000 1.771831 0.671985 1.778630 3.379498 1.077432 21.049050 2.983348 0.079047
