Pedestrian -1 -1 -10 427.000000 175.000000 442.000000 215.000000 1.815064 0.677450 0.620909 -7.636829 2.111612 31.222284 -1.828190 0.923192
Pedestrian -1 -1 -10 411.000000 179.000000 424.000000 215.000000 1.742302 0.659481 0.675012 -8.323266 1.975617 31.104774 -1.312480 0.770332
Pedestrian -1 -1 -10 415.000000 177.000000 440.000000 217.000000 1.855790 0.636263 0.821566 -7.747543 1.805633 30.801335 -0.235404 0.029726
Pedestrian -1 -1 -10 411.000000 189.000000 472.000000 234.000000 1.759117 0.629482 0.865028 -5.157285 2.149966 22.357812 -3.273442 0.023205
Car -1 -1 -10 650.000000 177.000000 738.000000 244.000000 1.494569 1.575875 3.622243 1.897017 1.636851 18.266321 -1.656839 0.999228
Car -1 -1 -10 412.000000 189.000000 472.000000 235.000000 1.445255 1.586728 3.607842 -5.527697 1.972643 24.088841 -1.665362 0.998186
Car -1 -1 -10 3.000000 199.000000 318.000000 374.000000 1.462081 1.629277 4.052164 -4.978513 1.878849 8.025248 1.535494 0.995480
Car -1 -1 -10 620.000000 178.000000 664.000000 218.000000 1.520656 1.554672 3.481923 1.116775 1.730704 28.391460 -1.632667 0.985783
Car -1 -1 -10 444.000000 179.000000 494.000000 219.000000 1.607651 1.593881 3.849739 -6.358488 1.898293 33.252881 -1.648868 0.957639
Car -1 -1 -10 600.000000 177.000000 631.000000 203.000000 1.516407 1.624443 3.895297 0.201233 1.803348 44.286618 -1.670646 0.726445
Car -1 -1 -10 786.000000 198.000000 1236.000000 371.000000 1.474455 1.606059 3.766040 2.983186 1.516523 6.153117 -1.603134 0.308951
