Pedestrian -1 -1 -10 715.000000 165.000000 735.000000 222.000000 1.832310 0.654578 1.053198 3.871779 1.573497 24.609322 -1.569502 0.864459
Pedestrian -1 -1 -10 323.000000 192.000000 340.000000 240.000000 1.718220 0.485031 0.641389 -6.491583 1.760449 16.141182 -0.263823 0.125834
Pedestrian -1 -1 -10 476.000000 181.000000 499.000000 243.000000 1.712514 0.688529 0.688668 -3.603078 2.056982 20.927264 1.498037 0.068081
Pedestrian -1 -1 -10 158.000000 186.000000 290.000000 373.000000 1.767005 0.701724 0.816042 -3.514952 1.900663 6.813775 -0.010610 0.056900
Pedestrian -1 -1 -10 485.000000 184.000000 497.000000 229.000000 1.713512 0.488417 0.634175 -3.125191 2.028216 17.880190 2.854162 0.029685
Pedestrian -1 -1 -10 310.000000 189.000000 343.000000 246.000000 1.754528 0.557095 0.741297 -8.232821 1.890030 20.171240 0.257555 0.027523
Car -1 -1 -10 308.000000 197.000000 437.000000 271.000000 1.460411 1.590591 3.965472 -5.513201 2.081278 17.216040 1.552179 0.996643
Car -1 -1 -10 640.000000 183.000000 675.000000 210.000000 1.546188 1.629542 3.964195 2.621638 1.959107 38.033322 -1.494409 0.988475
Car -1 -1 -10 488.000000 188.000000 525.000000 221.000000 1.493119 1.588968 3.819120 -5.446305 2.334096 35.793214 1.607875 0.031973
Car -1 -1 -10 302.000000 195.000000 359.000000 260.000000 1.577088 1.581308 3.754659 -7.927578 2.071904 19.090789 -1.307232 0.015844
Car -1 -1 -10 390.000000 198.000000 434.000000 240.000000 1.452758 1.461913 2.898334 -6.281628 1.919638 22.505998 0.715736 0.012509
Car -1 -1 -10 249.000000 191.000000 379.000000 346.000000 1.572169 1.549659 3.676926 -3.916468 1.761388 8.463204 -1.888869 0.010863
Cyclist -1 -1 -10 134.000000 193.000000 298.000000 377.000000 1.702303 0.612782 1.810704 -3.465057 1.867792 6.779905 1.507515 0.999389
Cyclist -1 -1 -10 475.000000 180.000000 501.000000 247.000000 1.736252 0.602496 1.741192 -3.601781 2.044130 20.880147 1.535101 0.999265
Cyclist -1 -1 -10 240.000000 187.000000 379.000000 369.000000 1.827208 0.712695 1.774586 -3.087147 1.890680 7.242316 1.723436 0.998839
Cyclist -1 -1 -10 716.000000 166.000000 735.000000 222.000000 1.835306 0.531845 1.709790 3.833898 1.596627 24.655541 -1.448495 0.342935
Cyclist -1 -1 -10 309.000000 197.000000 441.000000 274.000000 1.729648 0.685034 1.630565 -5.006599 2.224456 16.651286 1.744749 0.247483
Cyclist -1 -1 -10 274.000000 197.000000 401.000000 305.000000 1.679373 0.532023 1.635639 -3.028971 1.815950 7.466619 -1.990377 0.125379
Cyclist -1 -1 -10 322.000000 191.000000 341.000000 253.000000 1.661456 0.498186 1.604546 -8.415227 1.582779 20.796635 -1.446734 0.034027
Cyclist -1 -1 -10 302.000000 195.000000 359.000000 260.000000 1.752705 0.587577 1.714074 -5.859489 2.155580 16.308006 2.117363 0.015598
