Pedestrian -1 -1 -10 1083.000000 126.000000 1217.000000 369.000000 1.834630 0.762291 0.926180 3.896191 1.401444 5.012943 2.119442 0.990568
Pedestrian -1 -1 -10 976.000000 126.000000 1112.000000 368.000000 1.822302 0.699838 0.894690 3.241067 1.397077 5.314738 2.110913 0.989624
Pedestrian -1 -1 -10 1066.000000 131.000000 1154.000000 359.000000 1.787228 0.660932 0.990201 3.950258 1.389801 5.645756 3.224085 0.719685
Pedestrian -1 -1 -10 714.000000 163.000000 725.000000 205.000000 1.754004 0.632370 0.809974 4.767602 1.037709 29.864423 1.776829 0.144156
Pedestrian -1 -1 -10 1066.000000 135.000000 1113.000000 311.000000 1.716516 0.526470 0.655044 4.197958 1.278365 5.997217 1.069926 0.102154
Pedestrian -1 -1 -10 1056.000000 133.000000 1141.000000 253.000000 1.749517 0.667196 0.626080 5.299342 0.893485 7.645736 3.147656 0.033013
Pedestrian -1 -1 -10 1066.000000 136.000000 1109.000000 221.000000 1.730617 0.546314 0.553905 8.261204 1.450472 12.277878 3.572763 0.025274
Pedestrian -1 -1 -10 1099.000000 132.000000 1156.000000 270.000000 1.675041 0.539805 0.611893 3.893607 1.219770 5.263402 -0.400932 0.020098
Pedestrian -1 -1 -10 1078.000000 131.000000 1201.000000 249.000000 1.728647 0.512895 0.583361 10.226580 1.633479 13.703735 3.636906 0.014530
Cyclist -1 -1 -10 1050.000000 132.000000 1148.000000 333.000000 1.797266 0.620556 1.742702 4.202741 1.354610 6.159661 3.246127 0.046746
Cyclist -1 -1 -10 1054.000000 137.000000 1111.000000 288.000000 1.735496 0.533054 1.528101 4.475098 0.894802 6.599023 -0.925637 0.022576
Cyclist -1 -1 -10 692.000000 161.000000 710.000000 207.000000 1.800001 0.630645 1.849897 4.080173 1.108418 29.849153 1.773455 0.020029
Cyclist -1 -1 -10 1080.000000 125.000000 1220.000000 368.000000 1.813821 0.562456 1.685601 3.949959 1.390947 5.268085 2.787473 0.018515
