Pedestrian -1 -1 -10 161.000000 164.000000 208.000000 293.000000 1.700824 0.565706 0.511689 -5.084004 1.337744 8.744164 -2.688507 0.828142
Pedestrian -1 -1 -10 204.000000 167.000000 238.000000 270.000000 1.737332 0.554588 0.547229 -5.994627 1.658204 10.868528 2.461066 0.552562
Pedestrian -1 -1 -10 29.000000 154.000000 111.000000 305.000000 1.751026 0.685212 0.740547 -4.723684 1.486997 6.423594 -1.729679 0.425553
Pedestrian -1 -1 -10 10.000000 164.000000 142.000000 361.000000 1.723580 0.666667 0.694365 -4.730522 1.499767 6.398841 -1.776499 0.271014
Pedestrian -1 -1 -10 149.000000 177.000000 316.000000 269.000000 1.720952 0.571669 0.689449 -3.068924 1.627875 5.392550 -1.357427 0.086619
Pedestrian -1 -1 -10 196.000000 179.000000 267.000000 265.000000 1.719906 0.599706 0.641275 -9.490216 1.579332 18.732962 -2.606117 0.071655
Pedestrian -1 -1 -10 15.000000 198.000000 271.000000 373.000000 1.762579 0.676491 0.849586 -2.215229 1.928337 3.391254 -1.745797 0.043951
Car -1 -1 -10 667.000000 178.000000 774.000000 254.000000 1.457088 1.612574 3.943139 2.219665 1.601255 15.788362 -1.622344 0.999107
Car -1 -1 -10 504.000000 176.000000 551.000000 219.000000 1.568284 1.667295 3.841577 -3.412737 1.760840 29.289782 -1.659258 0.997890
Car -1 -1 -10 635.000000 177.000000 696.000000 219.000000 1.562693 1.633882 3.920294 2.091849 1.765082 28.338127 -1.686737 0.993823
Car -1 -1 -10 20.000000 189.000000 378.000000 373.000000 1.445665 1.608532 3.975418 -3.486929 1.638501 6.731641 -1.618857 0.992216
Car -1 -1 -10 7.000000 182.000000 162.000000 374.000000 1.510492 1.584395 3.746566 -3.228362 1.195893 1.857416 1.528973 0.723702
Car -1 -1 -10 628.000000 177.000000 671.000000 213.000000 1.505295 1.582659 3.727010 1.894101 1.698266 34.031726 -1.586763 0.486005
Car -1 -1 -10 195.000000 185.000000 345.000000 259.000000 1.503352 1.596942 3.878653 -9.149682 1.815379 19.435895 -3.142984 0.315231
Car -1 -1 -10 621.000000 174.000000 657.000000 205.000000 1.722589 1.686572 4.095290 1.769913 1.838111 45.079390 -1.573093 0.314534
Car -1 -1 -10 536.000000 179.000000 562.000000 206.000000 1.529141 1.653553 3.858743 -4.169560 1.941480 43.128556 -1.666422 0.214390
Car -1 -1 -10 617.000000 174.000000 642.000000 199.000000 1.527003 1.609399 3.670074 1.941196 1.700198 44.532971 -1.585665 0.047743
Cyclist -1 -1 -10 149.000000 177.000000 316.000000 269.000000 1.689814 0.519706 1.562245 -9.998107 1.684162 19.188232 -2.083198 0.180176
Cyclist -1 -1 -10 218.000000 185.000000 299.000000 255.000000 1.693704 0.722995 1.699413 -9.112757 1.794147 18.699895 -3.299943 0.104838
Cyclist -1 -1 -10 196.000000 179.000000 267.000000 265.000000 1.723682 0.361417 1.147017 -10.744157 1.572518 20.055860 -2.102486 0.091789
Cyclist -1 -1 -10 12.000000 159.000000 136.000000 354.000000 1.705257 0.661628 1.698476 -4.841039 1.357938 6.522474 -2.767432 0.034539
Cyclist -1 -1 -10 153.000000 167.000000 209.000000 326.000000 1.692945 0.646724 1.750018 -5.117363 1.123955 8.767518 -2.174418 0.018529
Cyclist -1 -1 -10 15.000000 198.000000 271.000000 373.000000 1.675509 0.637154 1.743278 -2.159302 1.660277 2.970236 1.604606 0.016798
