Pedestrian -1 -1 -10 204.000000 157.000000 331.000000 372.000000 1.710053 0.617802 0.846843 -2.440786 1.572682 5.356971 1.615945 0.994782
Pedestrian -1 -1 -10 552.000000 173.000000 575.000000 233.000000 1.709431 0.619931 0.865288 -1.167937 1.451071 20.897098 -1.599565 0.993078
Pedestrian -1 -1 -10 640.000000 169.000000 693.000000 313.000000 1.716198 0.650432 0.965962 0.789475 1.548271 8.771608 -0.515953 0.969623
Pedestrian -1 -1 -10 904.000000 133.000000 948.000000 258.000000 1.826395 0.663767 0.964183 5.075373 1.209207 11.201797 3.553795 0.906944
Pedestrian -1 -1 -10 509.000000 173.000000 530.000000 229.000000 1.773910 0.612473 0.704437 -2.625427 1.453303 22.546845 -1.835435 0.812657
Pedestrian -1 -1 -10 488.000000 172.000000 507.000000 230.000000 1.768116 0.592098 0.613539 -3.207597 1.465254 22.122337 1.303328 0.736482
Pedestrian -1 -1 -10 593.000000 174.000000 611.000000 231.000000 1.744585 0.631778 0.817541 0.018703 1.484126 20.800011 -1.597401 0.626603
Pedestrian -1 -1 -10 584.000000 175.000000 600.000000 230.000000 1.844939 0.704230 0.779854 -0.353146 1.531129 21.976235 2.700378 0.584945
Pedestrian -1 -1 -10 949.000000 111.000000 1206.000000 380.000000 1.819750 0.661506 0.928469 2.507599 1.400851 4.027537 1.012066 0.527318
Pedestrian -1 -1 -10 467.000000 170.000000 489.000000 232.000000 1.771439 0.658873 0.825747 -3.852740 1.567457 22.274865 1.020230 0.451190
Pedestrian -1 -1 -10 348.000000 196.000000 381.000000 302.000000 1.731929 0.622169 0.615342 -4.135222 1.806123 12.164144 0.360169 0.326362
Pedestrian -1 -1 -10 601.000000 176.000000 619.000000 228.000000 1.765863 0.585489 0.666303 0.184624 1.451935 22.467168 -1.680411 0.199298
Pedestrian -1 -1 -10 329.000000 197.000000 369.000000 285.000000 1.740944 0.551730 0.802754 -4.230725 1.868000 12.107860 0.290942 0.191242
Pedestrian -1 -1 -10 579.000000 174.000000 594.000000 221.000000 1.764287 0.581788 0.692855 -0.684076 1.760205 28.613861 2.081036 0.126251
Pedestrian -1 -1 -10 178.000000 205.000000 256.000000 324.000000 1.752325 0.574490 0.665090 -4.188875 1.889372 7.867282 0.145713 0.124508
Pedestrian -1 -1 -10 342.000000 192.000000 415.000000 312.000000 1.694838 0.699410 0.767338 -2.894427 1.998873 8.572194 0.823967 0.069365
Pedestrian -1 -1 -10 646.000000 177.000000 680.000000 218.000000 1.731190 0.552564 0.598194 1.118752 1.545944 14.855035 2.642914 0.056150
Pedestrian -1 -1 -10 166.000000 210.000000 208.000000 310.000000 1.750678 0.687598 0.695782 -6.823980 1.842459 11.637963 -1.030958 0.039349
Pedestrian -1 -1 -10 353.000000 175.000000 453.000000 368.000000 1.678390 0.695297 0.523832 -1.783605 1.585350 6.302624 1.456020 0.022908
Pedestrian -1 -1 -10 642.000000 173.000000 664.000000 219.000000 1.711642 0.716746 0.501546 1.596044 1.273769 24.748054 1.719566 0.012874
Pedestrian -1 -1 -10 1064.000000 165.000000 1240.000000 369.000000 1.730036 0.568948 0.821413 2.893840 1.432746 4.242035 1.141479 0.011223
Car -1 -1 -10 1028.000000 142.000000 1233.000000 371.000000 1.499332 1.566802 3.826026 2.899238 1.496065 3.609053 2.130927 0.046256
Cyclist -1 -1 -10 348.000000 170.000000 453.000000 375.000000 1.695035 0.557923 1.699910 -1.724835 1.630648 6.227115 1.568318 0.998872
Cyclist -1 -1 -10 907.000000 143.000000 1214.000000 372.000000 1.671423 0.545827 1.627080 2.707116 1.267558 4.247282 1.061752 0.981074
Cyclist -1 -1 -10 639.000000 167.000000 694.000000 315.000000 1.747335 0.603722 1.702985 0.803491 1.588143 9.025712 -0.381524 0.783968
Cyclist -1 -1 -10 509.000000 173.000000 530.000000 229.000000 1.743335 0.561025 1.719113 -2.717464 1.421962 22.601591 -1.854898 0.530725
Cyclist -1 -1 -10 342.000000 192.000000 415.000000 312.000000 1.685939 0.578876 1.726308 -2.786067 1.912826 8.644625 -1.866911 0.270490
Cyclist -1 -1 -10 623.000000 178.000000 669.000000 248.000000 1.689784 0.702056 1.688566 0.868721 1.948263 18.619824 2.094966 0.118776
Cyclist -1 -1 -10 350.000000 197.000000 388.000000 296.000000 1.708690 0.625367 1.705194 -4.190837 1.556268 12.500556 0.187897 0.105757
Cyclist -1 -1 -10 422.000000 191.000000 470.000000 260.000000 1.659995 0.540586 1.688921 -3.973566 1.885203 18.772155 1.439091 0.056256
Cyclist -1 -1 -10 643.000000 174.000000 673.000000 218.000000 1.727247 0.711526 1.690294 1.870977 1.087295 24.827071 2.728707 0.055589
Cyclist -1 -1 -10 324.000000 197.000000 375.000000 277.000000 1.702839 0.519764 1.679038 -4.188192 1.616187 12.125658 -1.779076 0.053115
Cyclist -1 -1 -10 373.000000 184.000000 451.000000 303.000000 1.718546 0.660396 1.677104 -2.764666 1.849880 8.617143 1.787834 0.035976
Cyclist -1 -1 -10 436.000000 178.000000 482.000000 241.000000 1.666556 0.538903 1.617611 -3.958724 1.896018 19.270171 -1.221248 0.013596
Cyclist -1 -1 -10 1064.000000 165.000000 1240.000000 369.000000 1.775456 0.591464 1.631981 3.367584 1.512898 4.469312 1.773265 0.012808
