Pedestrian -1 -1 -10 1097.000000 242.000000 1237.000000 360.000000 1.771347 0.777798 0.738107 2.807323 1.896851 3.643335 1.202312 0.351234
Pedestrian -1 -1 -10 968.000000 258.000000 1154.000000 372.000000 1.731618 0.854459 0.461664 2.443481 2.104915 3.826082 -0.681818 0.224523
Pedestrian -1 -1 -10 417.000000 172.000000 467.000000 269.000000 1.700294 0.555124 0.565061 -3.631082 1.692334 16.516817 2.307079 0.076298
Pedestrian -1 -1 -10 1189.000000 249.000000 1236.000000 365.000000 1.678195 0.597205 0.555073 4.234902 1.519022 5.096968 -1.567774 0.016244
Car -1 -1 -10 3.000000 192.000000 286.000000 369.000000 1.583116 1.669994 3.873609 -3.112645 1.259898 4.323687 -1.970390 0.111407
Cyclist -1 -1 -10 1.000000 202.000000 285.000000 373.000000 1.631984 0.661942 1.719723 -2.342714 1.469194 2.933054 -1.478422 0.777703
Cyclist -1 -1 -10 402.000000 171.000000 473.000000 281.000000 1.718189 0.678027 1.798273 -2.797983 1.482395 10.263122 0.240927 0.394149
Cyclist -1 -1 -10 962.000000 257.000000 1162.000000 371.000000 1.639427 0.490819 1.677536 2.514302 1.877065 3.641935 1.590011 0.144629
Cyclist -1 -1 -10 340.000000 170.000000 481.000000 293.000000 1.788800 0.693664 1.820444 -3.088035 1.402889 10.400143 0.223630 0.118823
Cyclist -1 -1 -10 -2.000000 135.000000 158.000000 374.000000 1.668709 0.698973 1.699129 -2.452695 1.409975 2.861701 1.535305 0.027867
Cyclist -1 -1 -10 1071.000000 252.000000 1244.000000 371.000000 1.686844 0.697951 1.720622 2.684211 1.646569 3.529939 2.145310 0.013457
Cyclist -1 -1 -10 419.000000 175.000000 463.000000 252.000000 1.744481 0.605604 1.735585 -3.822290 1.588114 17.076941 -2.031314 0.012878
