Pedestrian -1 -1 -10 730.000000 173.000000 751.000000 203.000000 1.780808 0.738902 0.738986 7.869096 2.237034 42.748329 2.953690 0.043571
Car -1 -1 -10 772.000000 178.000000 1026.000000 339.000000 1.497132 1.632407 3.966703 3.226837 1.621786 9.103939 -1.578052 0.999802
Car -1 -1 -10 2.000000 201.000000 311.000000 357.000000 1.455683 1.619731 4.087855 -5.758675 1.926885 9.403200 1.607609 0.998946
Car -1 -1 -10 702.000000 183.000000 784.000000 242.000000 1.439504 1.543220 3.757045 3.333086 1.707518 18.852309 1.546191 0.998919
Car -1 -1 -10 259.000000 192.000000 402.000000 274.000000 1.520382 1.575028 3.776724 -5.831147 1.989388 15.188197 1.583449 0.998013
Car -1 -1 -10 406.000000 186.000000 484.000000 235.000000 1.551952 1.588627 3.887205 -5.593988 2.028050 24.286216 1.680439 0.997074
Car -1 -1 -10 934.000000 178.000000 1236.000000 375.000000 1.529661 1.624600 3.902282 3.261569 1.597107 3.520152 -1.538672 0.977574
Car -1 -1 -10 487.000000 180.000000 526.000000 208.000000 1.525287 1.511358 3.339737 -5.784151 2.361788 42.230177 1.518339 0.966854
Car -1 -1 -10 674.000000 181.000000 745.000000 226.000000 1.488953 1.626631 4.052299 3.286883 1.784828 24.721771 -1.612244 0.958136
Car -1 -1 -10 659.000000 179.000000 701.000000 213.000000 1.509578 1.564663 3.613684 3.142051 1.829551 33.222649 -1.580878 0.940413
Car -1 -1 -10 181.000000 188.000000 275.000000 232.000000 1.557750 1.641708 3.967171 -15.067721 1.847190 28.806009 0.644057 0.035488
