Car -1 -1 -10 195.000000 198.000000 383.000000 287.000000 1.472561 1.618887 4.035634 -6.005213 2.024932 14.138619 1.547562 0.998682
Car -1 -1 -10 709.000000 175.000000 825.000000 251.000000 1.436319 1.604912 3.888514 3.174449 1.586223 16.003618 -1.597155 0.998645
Car -1 -1 -10 359.000000 190.000000 462.000000 247.000000 1.485623 1.634019 4.067583 -5.850917 2.068310 21.752673 1.618793 0.998474
Car -1 -1 -10 685.000000 176.000000 765.000000 231.000000 1.502961 1.621771 3.836291 3.190549 1.573314 21.406106 -1.555154 0.993454
Car -1 -1 -10 0.000000 211.000000 237.000000 374.000000 1.429772 1.579531 3.770926 -5.971082 1.959930 8.307288 1.562793 0.989671
Car -1 -1 -10 664.000000 179.000000 718.000000 214.000000 1.482740 1.582666 3.805787 3.296443 1.727659 31.352981 1.522410 0.986028
Car -1 -1 -10 423.000000 188.000000 489.000000 231.000000 1.473538 1.565792 3.847417 -5.802888 2.096474 27.780305 1.605925 0.938484
Car -1 -1 -10 1031.000000 134.000000 1243.000000 241.000000 1.612353 1.618060 4.018479 9.473533 1.077196 11.666113 3.340315 0.934225
Car -1 -1 -10 864.000000 154.000000 1060.000000 222.000000 1.492831 1.592966 3.940108 8.370776 1.213177 17.500193 2.677488 0.857089
Car -1 -1 -10 938.000000 149.000000 1166.000000 227.000000 1.503765 1.544215 3.879783 9.000116 1.058691 15.044922 3.110552 0.844196
Car -1 -1 -10 653.000000 179.000000 694.000000 207.000000 1.539849 1.612122 3.724138 3.388894 1.800590 36.942576 -0.013187 0.727958
Car -1 -1 -10 475.000000 184.000000 525.000000 215.000000 1.557117 1.592654 3.977127 -5.708821 2.147359 36.716039 1.717029 0.460751
