Pedestrian -1 -1 -10 862.000000 165.000000 923.000000 289.000000 1.668640 0.657275 1.000831 3.896314 1.521312 9.714057 -1.232484 0.982063
Pedestrian -1 -1 -10 455.000000 177.000000 479.000000 251.000000 1.764681 0.611070 0.835073 -3.183609 1.574334 16.787207 1.796762 0.867461
Pedestrian -1 -1 -10 512.000000 180.000000 528.000000 231.000000 1.696040 0.619836 0.794513 -2.675530 1.677902 22.996257 -1.234013 0.566860
Pedestrian -1 -1 -10 219.000000 180.000000 258.000000 302.000000 1.669146 0.554938 0.719594 -4.946109 1.627042 9.823777 2.202230 0.382219
Pedestrian -1 -1 -10 573.000000 180.000000 588.000000 219.000000 1.749351 0.647291 1.080635 -0.919037 1.671236 31.367279 -2.589018 0.274007
Pedestrian -1 -1 -10 408.000000 166.000000 423.000000 227.000000 1.718147 0.561928 0.601528 -4.698293 2.073069 17.643340 0.310610 0.079100
Pedestrian -1 -1 -10 442.000000 174.000000 466.000000 232.000000 1.731628 0.676741 0.717287 -4.633947 1.460405 21.662518 -2.219955 0.075210
Pedestrian -1 -1 -10 150.000000 192.000000 194.000000 280.000000 1.740184 0.695203 0.750342 -6.819665 2.170523 11.361737 0.014441 0.074623
Pedestrian -1 -1 -10 612.000000 176.000000 626.000000 219.000000 1.660419 0.504244 0.814691 0.706568 1.510060 31.358621 -1.108180 0.045478
Pedestrian -1 -1 -10 440.000000 172.000000 454.000000 222.000000 1.708465 0.595935 0.748483 -4.687725 1.415365 21.562641 -1.902655 0.040396
Pedestrian -1 -1 -10 650.000000 178.000000 660.000000 208.000000 1.815243 0.647916 0.680926 2.979875 1.512880 41.600997 -1.537767 0.018044
Pedestrian -1 -1 -10 398.000000 167.000000 412.000000 220.000000 1.712367 0.624487 0.633563 -4.818139 2.101670 17.622338 -1.333891 0.017606
Pedestrian -1 -1 -10 660.000000 178.000000 670.000000 208.000000 1.810046 0.621756 0.668650 3.684685 1.538146 41.746444 1.228165 0.016486
Cyclist -1 -1 -10 864.000000 166.000000 925.000000 287.000000 1.700753 0.653504 1.645374 3.922749 1.489372 9.922279 -1.231714 0.013874
Cyclist -1 -1 -10 214.000000 184.000000 279.000000 294.000000 1.774327 0.560162 1.497287 -5.375060 1.607640 10.698515 1.667526 0.012936
