Pedestrian -1 -1 -10 639.000000 167.000000 682.000000 289.000000 1.696327 0.588113 0.762141 0.790095 1.508422 10.578039 1.174102 0.997161
Pedestrian -1 -1 -10 693.000000 167.000000 744.000000 285.000000 1.701320 0.671745 0.896632 1.657510 1.424891 10.656841 -1.569495 0.990794
Pedestrian -1 -1 -10 319.000000 165.000000 373.000000 290.000000 1.759782 0.703113 0.984314 -3.669298 1.496984 10.203566 -1.456387 0.947785
Pedestrian -1 -1 -10 164.000000 171.000000 203.000000 255.000000 1.822768 0.682401 0.779888 -8.218144 1.581441 14.220528 2.184428 0.461115
Pedestrian -1 -1 -10 729.000000 160.000000 751.000000 226.000000 1.768886 0.689313 0.660711 4.141097 1.194382 21.159549 -1.355759 0.095874
Pedestrian -1 -1 -10 723.000000 158.000000 742.000000 230.000000 1.791242 0.693073 0.851552 4.132193 1.080291 23.053965 0.110812 0.037562
Car -1 -1 -10 520.000000 167.000000 555.000000 202.000000 1.553190 1.643802 3.901816 -4.222976 0.904015 45.541501 1.509576 0.015672
Cyclist -1 -1 -10 452.000000 164.000000 505.000000 272.000000 1.759093 0.728617 1.782219 -2.256288 1.492422 12.968724 1.590679 0.999350
Cyclist -1 -1 -10 532.000000 166.000000 568.000000 235.000000 1.748204 0.576197 1.745938 -1.431749 1.399956 18.822299 1.724683 0.999142
Cyclist -1 -1 -10 506.000000 169.000000 534.000000 229.000000 1.722044 0.595813 1.833817 -2.600204 1.310690 21.882165 1.527907 0.995077
Cyclist -1 -1 -10 690.000000 163.000000 744.000000 284.000000 1.792818 0.637131 1.699483 1.630790 1.500967 10.770745 1.670988 0.772144
Cyclist -1 -1 -10 698.000000 167.000000 782.000000 260.000000 1.701544 0.477059 1.565109 2.739877 1.623234 13.056582 -0.689372 0.146371
Cyclist -1 -1 -10 508.000000 167.000000 556.000000 215.000000 1.607185 0.554174 1.628018 -2.454505 1.315520 22.049836 1.460477 0.097548
Cyclist -1 -1 -10 718.000000 164.000000 762.000000 246.000000 1.724692 0.572179 1.684141 3.976540 1.035186 18.957463 -0.889258 0.091708
Cyclist -1 -1 -10 526.000000 169.000000 562.000000 203.000000 1.731134 0.670756 1.794166 -3.821667 1.246689 44.203498 -1.654383 0.023039
Cyclist -1 -1 -10 728.000000 161.000000 752.000000 224.000000 1.796491 0.549240 1.531267 4.334251 1.159912 22.147817 -1.384079 0.017697
Cyclist -1 -1 -10 685.000000 172.000000 707.000000 224.000000 1.683368 0.665442 1.655254 2.813604 1.110394 22.818666 -1.460342 0.010011
