Car -1 -1 -10 338.000000 192.000000 500.000000 294.000000 1.454890 1.586788 3.740036 -3.049088 1.769919 12.296490 -1.533957 0.999737
Car -1 -1 -10 633.000000 183.000000 682.000000 222.000000 1.455155 1.634374 3.994680 1.838164 1.883298 29.466591 1.525839 0.999696
Car -1 -1 -10 538.000000 174.000000 572.000000 203.000000 1.743282 1.659819 4.026606 -3.631146 1.898715 47.933793 1.603590 0.999640
Car -1 -1 -10 0.000000 173.000000 351.000000 376.000000 1.631029 1.691946 4.028323 -3.184013 1.648363 4.575509 -1.613153 0.989830
Car -1 -1 -10 630.000000 175.000000 654.000000 204.000000 1.794108 1.661424 3.909534 2.061065 1.943317 47.334142 -1.564616 0.824520
Car -1 -1 -10 464.000000 177.000000 529.000000 203.000000 1.549880 1.633075 4.039668 -5.011186 1.954580 44.537382 1.466964 0.235530
Car -1 -1 -10 6.000000 170.000000 185.000000 258.000000 1.501622 1.646194 3.938273 -10.154793 1.042472 13.351067 1.507936 0.021225
Cyclist -1 -1 -10 0.000000 170.000000 187.000000 262.000000 1.752845 0.576948 1.779412 -9.506702 1.210659 13.111339 -1.650048 0.019484
Cyclist -1 -1 -10 144.000000 183.000000 248.000000 238.000000 1.706938 0.753876 1.785743 -13.554176 1.849177 24.082903 0.379100 0.012978
Cyclist -1 -1 -10 -4.000000 174.000000 369.000000 369.000000 1.781302 0.530035 1.675651 -2.480276 1.653586 4.580696 -1.530007 0.010924
