Pedestrian -1 -1 -10 674.000000 167.000000 760.000000 234.000000 1.833955 0.780280 1.022729 2.405436 1.593189 17.335065 -0.020557 0.015953
Car -1 -1 -10 447.000000 167.000000 518.000000 215.000000 1.499847 1.629610 3.847494 -4.221738 1.330332 24.232537 1.527981 0.996989
Car -1 -1 -10 723.000000 174.000000 891.000000 285.000000 1.551072 1.570774 3.587423 3.008010 1.626024 12.276242 -1.636302 0.996760
Car -1 -1 -10 790.000000 184.000000 1182.000000 374.000000 1.439544 1.596946 3.964046 3.065569 1.633593 6.969646 -1.576064 0.996231
Car -1 -1 -10 151.000000 170.000000 414.000000 362.000000 1.582392 1.605960 3.884667 -3.478140 1.596058 8.147545 1.525689 0.995604
Car -1 -1 -10 646.000000 166.000000 719.000000 219.000000 1.543777 1.609917 3.735216 2.200295 1.370359 23.496763 -1.628698 0.995033
Car -1 -1 -10 675.000000 167.000000 757.000000 233.000000 1.537982 1.559157 3.435055 2.701513 1.489235 18.756296 -1.627297 0.993329
Car -1 -1 -10 630.000000 166.000000 683.000000 204.000000 1.476977 1.614788 4.005097 1.959861 1.295154 29.281237 -1.624543 0.955689
Car -1 -1 -10 481.000000 166.000000 524.000000 204.000000 1.500891 1.581445 3.651812 -4.503193 1.296207 30.603337 -1.604868 0.580578
Car -1 -1 -10 6.000000 139.000000 264.000000 372.000000 1.641374 1.609758 3.752064 -3.093266 1.444934 3.143853 1.528376 0.487088
Car -1 -1 -10 627.000000 165.000000 661.000000 196.000000 1.531770 1.585541 3.589375 0.853725 1.130410 40.369278 2.127941 0.124727
Car -1 -1 -10 503.000000 167.000000 534.000000 193.000000 1.529961 1.621298 3.922271 -5.302706 1.335583 40.448832 -1.654714 0.105705
