Pedestrian -1 -1 -10 721.000000 162.000000 732.000000 202.000000 1.768210 0.674362 0.656702 5.824278 1.065047 36.594438 3.251605 0.074324
Car -1 -1 -10 258.000000 187.000000 419.000000 268.000000 1.489276 1.625371 3.909474 -5.693731 1.887243 15.515158 1.662706 0.999621
Car -1 -1 -10 761.000000 179.000000 978.000000 308.000000 1.466745 1.561062 3.705608 3.360808 1.603079 10.096189 1.511263 0.999476
Car -1 -1 -10 707.000000 177.000000 824.000000 254.000000 1.472282 1.651300 4.015722 3.288853 1.616596 16.005472 -1.632611 0.996460
Car -1 -1 -10 673.000000 175.000000 740.000000 222.000000 1.478805 1.595273 3.842424 3.090873 1.601691 24.576501 -1.588856 0.983817
Car -1 -1 -10 0.000000 208.000000 188.000000 373.000000 1.456918 1.585477 3.726125 -5.760212 1.934568 6.449295 1.576188 0.954718
Car -1 -1 -10 446.000000 177.000000 501.000000 216.000000 1.508977 1.533036 3.573949 -5.701508 1.759649 30.484361 1.586865 0.938959
Car -1 -1 -10 661.000000 174.000000 716.000000 213.000000 1.528851 1.524742 3.420372 3.151500 1.582861 29.762374 -1.646035 0.698627
Car -1 -1 -10 -3.000000 188.000000 112.000000 300.000000 1.531272 1.416131 2.685916 -13.735198 2.018483 17.676606 -2.793131 0.480098
Car -1 -1 -10 469.000000 178.000000 514.000000 212.000000 1.487246 1.589532 3.782359 -5.437187 1.792821 35.465206 1.504573 0.446973
