Pedestrian -1 -1 -10 812.000000 173.000000 820.000000 215.000000 1.720263 0.562537 0.643627 12.576027 1.346817 43.542796 2.821096 0.022988
Car -1 -1 -10 461.000000 185.000000 529.000000 230.000000 1.481556 1.621418 3.674308 -4.086976 2.016720 25.837337 1.633804 0.999275
Car -1 -1 -10 746.000000 181.000000 882.000000 263.000000 1.520556 1.594971 3.630020 4.114386 1.740119 15.836889 -1.605806 0.996468
Car -1 -1 -10 802.000000 192.000000 1057.000000 326.000000 1.448543 1.617469 3.762690 3.935300 1.763990 9.994447 -1.554740 0.994114
Car -1 -1 -10 721.000000 183.000000 798.000000 240.000000 1.454127 1.615420 3.946784 4.305900 1.799894 21.135964 -1.499752 0.991102
Car -1 -1 -10 704.000000 181.000000 759.000000 225.000000 1.494330 1.614491 3.844380 4.435686 1.834620 26.553551 -1.523900 0.988753
Car -1 -1 -10 500.000000 184.000000 550.000000 220.000000 1.599211 1.620065 3.924264 -4.202438 2.090803 31.260722 1.653474 0.966812
Car -1 -1 -10 688.000000 180.000000 735.000000 216.000000 1.526066 1.594173 3.855244 4.544019 1.871901 31.560960 1.514633 0.951665
Car -1 -1 -10 954.000000 172.000000 1241.000000 373.000000 1.515588 1.634739 3.887159 3.876177 1.564179 4.032451 -1.594264 0.660520
Car -1 -1 -10 523.000000 185.000000 564.000000 213.000000 1.458707 1.624246 3.939380 -3.561109 2.088380 36.972490 1.611033 0.352564
