Pedestrian -1 -1 -10 1172.000000 206.000000 1238.000000 376.000000 1.632151 0.513043 0.573193 4.454873 2.007874 4.999393 3.217436 0.049584
Car -1 -1 -10 631.000000 179.000000 679.000000 218.000000 1.410369 1.608058 3.943155 1.848972 1.814021 30.997227 -1.639862 0.998713
Car -1 -1 -10 44.000000 162.000000 320.000000 290.000000 1.616749 1.663343 3.860496 -7.010264 1.664314 11.462142 -3.216842 0.992611
Car -1 -1 -10 335.000000 179.000000 474.000000 225.000000 1.480091 1.569287 3.900877 -6.825853 1.693257 25.122595 0.001293 0.986690
Car -1 -1 -10 760.000000 172.000000 946.000000 259.000000 1.530537 1.579978 4.020678 5.527173 1.821162 15.473439 -0.038206 0.982104
Car -1 -1 -10 963.000000 188.000000 1250.000000 355.000000 1.492840 1.598756 3.779607 5.920949 1.718626 7.619423 0.058120 0.980082
Car -1 -1 -10 803.000000 184.000000 1072.000000 280.000000 1.573385 1.622420 4.016293 5.920107 1.770746 12.725549 3.050337 0.972067
Car -1 -1 -10 909.000000 187.000000 1173.000000 303.000000 1.494928 1.600001 3.854156 6.275633 1.672764 10.248808 -0.014005 0.920889
Car -1 -1 -10 -1.000000 185.000000 159.000000 368.000000 1.548738 1.647510 4.012855 -6.878543 1.670807 6.940508 -3.168668 0.678459
Car -1 -1 -10 616.000000 176.000000 650.000000 202.000000 1.524263 1.610332 3.814882 1.444999 1.827359 46.230522 -1.589106 0.189313
Car -1 -1 -10 1171.000000 209.000000 1239.000000 376.000000 1.510866 1.638709 3.962458 6.076667 1.685342 4.565465 -0.005228 0.158963
Car -1 -1 -10 396.000000 180.000000 492.000000 218.000000 1.561981 1.676125 4.117747 -7.634071 1.662093 31.336156 -1.376934 0.071706
Cyclist -1 -1 -10 489.000000 173.000000 521.000000 231.000000 1.696267 0.553600 1.712692 -3.289016 1.827314 22.773881 1.596425 0.998618
Cyclist -1 -1 -10 494.000000 177.000000 521.000000 203.000000 1.777094 0.602623 1.692579 -5.684027 1.682472 38.229769 -0.639749 0.070021
