Pedestrian -1 -1 -10 825.000000 163.000000 833.000000 192.000000 1.791230 0.690146 0.706689 11.353204 1.807288 37.304429 -1.206594 0.017942
Car -1 -1 -10 782.000000 180.000000 1210.000000 375.000000 1.671861 1.642141 3.861404 2.905849 1.816614 6.455222 -1.705845 0.999389
Car -1 -1 -10 610.000000 180.000000 692.000000 237.000000 1.483523 1.580692 3.599534 1.064308 1.732401 21.011223 -1.744824 0.998780
Car -1 -1 -10 738.000000 171.000000 822.000000 203.000000 1.465271 1.627203 4.017694 8.451723 1.461070 35.597059 -0.732927 0.993260
Car -1 -1 -10 672.000000 173.000000 767.000000 208.000000 1.514481 1.632260 3.946972 5.010414 1.648096 32.631617 2.424471 0.992446
Car -1 -1 -10 550.000000 175.000000 626.000000 209.000000 1.522560 1.573631 3.812728 -1.096015 1.770182 36.335532 2.450037 0.985613
Car -1 -1 -10 798.000000 173.000000 867.000000 200.000000 1.487267 1.622176 3.792468 12.307303 1.381765 38.721439 -0.715127 0.820559
Car -1 -1 -10 902.000000 174.000000 1143.000000 250.000000 1.421484 1.586944 3.411160 11.225367 1.619830 19.872140 -2.577325 0.065170
Car -1 -1 -10 940.000000 173.000000 1088.000000 230.000000 1.598988 1.617542 3.966080 19.239535 1.708064 36.168301 -1.641597 0.032540
Car -1 -1 -10 886.000000 178.000000 1033.000000 240.000000 1.534139 1.570563 3.620302 18.438024 1.429495 34.268263 -2.583820 0.016385
Car -1 -1 -10 660.000000 175.000000 714.000000 202.000000 1.533273 1.576411 3.522851 4.071021 1.532186 32.255801 2.183397 0.012821
Car -1 -1 -10 819.000000 168.000000 894.000000 198.000000 1.565093 1.620656 3.947887 14.554377 1.355893 40.576442 -2.172645 0.010145
Cyclist -1 -1 -10 907.000000 173.000000 1137.000000 249.000000 1.721661 0.434284 1.432100 10.200836 1.686684 17.980200 -0.341818 0.104695
Cyclist -1 -1 -10 865.000000 169.000000 911.000000 223.000000 1.689578 0.581960 1.618526 6.702869 1.383950 17.102494 2.591002 0.032658
Cyclist -1 -1 -10 948.000000 174.000000 1061.000000 237.000000 1.777950 0.731673 1.964571 17.479179 1.769895 32.773013 0.460011 0.025772
Cyclist -1 -1 -10 871.000000 180.000000 988.000000 223.000000 1.660597 0.511357 1.574701 9.089695 1.664685 20.929119 -0.549778 0.019681
Cyclist -1 -1 -10 904.000000 181.000000 1025.000000 262.000000 1.771827 0.679812 1.751750 17.132381 1.543999 33.028775 0.523132 0.012394
Cyclist -1 -1 -10 794.000000 180.000000 1197.000000 329.000000 1.777223 0.831432 1.884833 2.579894 1.632937 5.299813 -1.723753 0.010745
