Car -1 -1 -10 573.000000 175.000000 611.000000 209.000000 1.559701 1.647774 4.045152 -0.827351 1.072757 36.291976 -1.606802 0.999182
Car -1 -1 -10 296.000000 183.000000 436.000000 270.000000 1.458280 1.599176 3.931466 -4.773949 1.453560 14.576213 -1.556859 0.999130
Car -1 -1 -10 430.000000 183.000000 496.000000 228.000000 1.415633 1.584315 3.723696 -4.668027 1.335644 23.923384 -1.580148 0.998583
Car -1 -1 -10 154.000000 175.000000 278.000000 227.000000 1.518067 1.660838 3.929224 -12.282667 1.328789 22.804125 -1.586721 0.991731
Car -1 -1 -10 264.000000 184.000000 367.000000 237.000000 1.454949 1.619133 3.741570 -8.579273 1.440694 21.570795 -1.541675 0.986865
Car -1 -1 -10 -2.000000 178.000000 231.000000 286.000000 1.524769 1.600251 3.678040 -8.473684 1.434351 12.939790 -1.598164 0.921402
Car -1 -1 -10 -2.000000 196.000000 238.000000 374.000000 1.466610 1.603278 3.868377 -4.250295 1.674394 4.778320 -1.545122 0.820666
Car -1 -1 -10 363.000000 178.000000 428.000000 212.000000 1.491838 1.583438 3.669216 -9.152104 1.231723 31.681424 -1.458162 0.523286
Car -1 -1 -10 455.000000 179.000000 504.000000 216.000000 1.504927 1.597616 3.647896 -5.551264 1.265804 31.754422 -1.587480 0.120542
Car -1 -1 -10 77.000000 180.000000 253.000000 241.000000 1.522772 1.599566 3.911985 -11.529984 1.098312 22.567030 2.113085 0.038457
Car -1 -1 -10 2.000000 193.000000 116.000000 355.000000 1.505924 1.598717 3.751748 -4.673145 1.693846 4.212022 1.544330 0.018057
