Car -1 -1 -10 739.000000 182.000000 901.000000 242.000000 1.498864 1.648518 3.910160 5.538645 1.795705 19.502395 -0.030406 0.998985
Car -1 -1 -10 636.000000 181.000000 675.000000 213.000000 1.418045 1.596257 4.103247 2.108591 1.886905 34.039247 -1.609986 0.998812
Car -1 -1 -10 -3.000000 186.000000 350.000000 326.000000 1.497353 1.566375 3.723877 -5.639415 1.731944 9.167994 0.385363 0.996928
Car -1 -1 -10 924.000000 181.000000 1200.000000 312.000000 1.497143 1.596653 3.825924 6.400540 1.707735 9.653233 0.010812 0.989554
Car -1 -1 -10 1019.000000 193.000000 1238.000000 357.000000 1.494879 1.589261 3.959969 6.760446 1.728676 7.450511 -0.024296 0.988978
Car -1 -1 -10 174.000000 177.000000 406.000000 258.000000 1.541367 1.624188 3.944419 -6.121857 1.623310 15.242241 -2.652806 0.961323
Car -1 -1 -10 357.000000 179.000000 494.000000 223.000000 1.581733 1.645475 4.129107 -6.729144 1.917263 27.551420 -0.041255 0.954923
Car -1 -1 -10 270.000000 183.000000 434.000000 243.000000 1.498557 1.605578 3.987179 -6.401106 1.804598 18.923870 -2.944422 0.818238
Car -1 -1 -10 412.000000 179.000000 507.000000 215.000000 1.720882 1.657578 4.310429 -6.926151 1.922569 34.844999 -3.202639 0.172170
Car -1 -1 -10 0.000000 188.000000 161.000000 369.000000 1.500165 1.592499 3.939973 -5.264101 1.750654 5.592582 1.457041 0.133186
Car -1 -1 -10 457.000000 179.000000 530.000000 207.000000 1.538604 1.623743 3.840431 -4.322642 2.262351 40.705595 -1.703898 0.115925
