Car -1 -1 -10 610.000000 176.000000 687.000000 248.000000 1.517299 1.671906 3.735462 1.015658 1.356259 18.191656 -1.511351 0.999324
Car -1 -1 -10 -2.000000 187.000000 340.000000 376.000000 1.477757 1.651532 4.135711 -4.443551 1.554928 7.516388 -1.601093 0.990705
Car -1 -1 -10 669.000000 182.000000 704.000000 207.000000 1.446474 1.536643 3.614319 4.606782 1.219563 42.664792 -1.378920 0.964787
Car -1 -1 -10 486.000000 174.000000 531.000000 206.000000 1.518347 1.626276 3.744137 -5.309623 1.105357 39.590099 -1.599849 0.301353
Car -1 -1 -10 192.000000 191.000000 306.000000 239.000000 1.506496 1.595162 3.909089 -11.118825 1.360965 22.419297 0.051175 0.179634
Car -1 -1 -10 0.000000 193.000000 148.000000 346.000000 1.474465 1.617614 3.888432 -4.204631 1.553332 7.230156 -1.596002 0.075325
Car -1 -1 -10 0.000000 192.000000 131.000000 261.000000 1.482699 1.558987 3.769866 -12.365673 1.575541 16.573545 -1.572002 0.067200
Car -1 -1 -10 137.000000 185.000000 332.000000 273.000000 1.490812 1.605932 3.769163 -8.289559 1.576952 16.161144 1.657821 0.039825
Car -1 -1 -10 441.000000 175.000000 528.000000 212.000000 1.525900 1.635190 3.853412 -4.295598 0.925234 23.214962 -1.601313 0.017768
Car -1 -1 -10 266.000000 191.000000 330.000000 226.000000 1.467731 1.622829 3.763895 -12.083886 1.171528 24.318728 1.712975 0.011442
Car -1 -1 -10 649.000000 180.000000 694.000000 208.000000 1.518122 1.593128 3.758558 4.457507 1.197869 42.730607 -1.441067 0.010903
