Pedestrian -1 -1 -10 949.000000 160.000000 999.000000 282.000000 1.706401 0.599746 0.680878 5.059650 1.418275 9.848257 2.013907 0.997894
Pedestrian -1 -1 -10 788.000000 156.000000 875.000000 366.000000 1.743418 0.733174 0.866920 1.923353 1.510140 6.072723 -1.616234 0.997052
Pedestrian -1 -1 -10 217.000000 163.000000 309.000000 364.000000 1.695878 0.639812 0.880248 -3.226260 1.539839 6.801698 -1.523802 0.996539
Pedestrian -1 -1 -10 726.000000 162.000000 801.000000 368.000000 1.748640 0.611109 0.810565 1.337985 1.556568 6.192867 -1.815403 0.995099
Pedestrian -1 -1 -10 837.000000 161.000000 861.000000 220.000000 1.678944 0.729577 0.718838 7.876954 0.996242 23.134673 -1.645579 0.474458
Pedestrian -1 -1 -10 879.000000 160.000000 898.000000 214.000000 1.659184 0.499499 0.681266 8.138367 1.111601 20.275770 3.038059 0.336530
Pedestrian -1 -1 -10 485.000000 178.000000 503.000000 221.000000 1.687166 0.620149 0.833889 -4.370628 1.614199 28.709140 -1.173517 0.237560
Pedestrian -1 -1 -10 772.000000 169.000000 802.000000 262.000000 1.667309 0.537609 0.676033 4.264275 1.379483 16.918278 -1.766586 0.141325
Pedestrian -1 -1 -10 495.000000 175.000000 513.000000 220.000000 1.809548 0.520897 0.880788 -3.997741 1.700427 29.600627 0.494941 0.109332
Pedestrian -1 -1 -10 827.000000 170.000000 871.000000 232.000000 1.708094 0.588872 0.685344 5.314921 1.274272 16.263966 -0.709100 0.065658
Pedestrian -1 -1 -10 739.000000 167.000000 778.000000 240.000000 1.742570 0.546358 0.550421 1.905597 1.608007 9.126614 3.170553 0.045097
Pedestrian -1 -1 -10 728.000000 176.000000 745.000000 219.000000 1.765099 0.709972 0.581348 5.836450 1.543879 30.850814 3.258895 0.020326
Pedestrian -1 -1 -10 782.000000 164.000000 848.000000 271.000000 1.719906 0.599706 0.641275 4.033116 1.344373 12.766037 -1.833574 0.019025
Pedestrian -1 -1 -10 848.000000 174.000000 873.000000 226.000000 1.735136 0.628608 0.633035 7.370060 1.273551 19.923918 -0.711382 0.016973
Car -1 -1 -10 548.000000 169.000000 599.000000 214.000000 1.863735 1.792908 4.170234 -1.244708 1.394221 35.184507 1.624028 0.119816
Cyclist -1 -1 -10 410.000000 172.000000 467.000000 251.000000 1.710381 0.649539 1.857823 -3.795188 1.547649 16.705938 2.391342 0.996550
Cyclist -1 -1 -10 998.000000 224.000000 1157.000000 371.000000 1.706707 0.724596 1.595360 2.477679 1.694385 4.000004 2.692679 0.873440
Cyclist -1 -1 -10 730.000000 166.000000 771.000000 237.000000 1.679036 0.709467 1.682421 6.037388 1.331387 30.047050 -0.313939 0.055430
Cyclist -1 -1 -10 728.000000 164.000000 798.000000 359.000000 1.756943 0.500834 1.729278 1.294308 1.560325 6.255919 -1.242984 0.033426
Cyclist -1 -1 -10 728.000000 174.000000 749.000000 223.000000 1.679917 0.727304 1.778897 5.618321 1.373950 30.755328 0.288267 0.032595
Cyclist -1 -1 -10 832.000000 166.000000 868.000000 224.000000 1.788855 0.584708 1.714889 8.164791 0.916229 23.057041 0.829038 0.019863
Cyclist -1 -1 -10 790.000000 160.000000 890.000000 365.000000 1.780642 0.580269 1.748622 1.874349 1.534112 6.205449 2.542265 0.018713
