Car -1 -1 -10 393.000000 192.000000 467.000000 238.000000 1.489009 1.571378 3.655210 -6.315311 2.205687 25.519302 1.613395 0.998084
Car -1 -1 -10 656.000000 177.000000 710.000000 217.000000 1.560744 1.603899 3.831949 2.853709 1.724036 29.160600 -1.615656 0.994986
Car -1 -1 -10 437.000000 190.000000 495.000000 226.000000 1.428817 1.565935 3.846970 -6.242875 2.231655 31.046850 1.584019 0.989715
Car -1 -1 -10 89.000000 203.000000 187.000000 241.000000 1.535571 1.621978 3.679585 -20.826698 2.867495 32.250500 -1.539080 0.937089
Car -1 -1 -10 1018.000000 136.000000 1116.000000 180.000000 2.199158 1.757799 4.333863 24.771101 0.451321 39.560279 -1.629702 0.892018
Car -1 -1 -10 49.000000 208.000000 129.000000 242.000000 1.499363 1.592403 3.841628 -23.672000 2.956452 33.086687 -1.622469 0.763305
Car -1 -1 -10 -1.000000 209.000000 80.000000 247.000000 1.508006 1.609751 3.804829 -25.927509 3.275178 33.112824 -1.662796 0.753832
Car -1 -1 -10 160.000000 204.000000 250.000000 240.000000 1.556210 1.597462 3.915938 -18.103947 3.004075 32.441827 -1.478743 0.484441
Car -1 -1 -10 473.000000 182.000000 514.000000 214.000000 1.570921 1.633900 3.889657 -6.292588 2.167689 39.304265 1.506928 0.167210
Car -1 -1 -10 489.000000 184.000000 529.000000 209.000000 1.473743 1.544442 3.622019 -5.813666 2.324287 45.960490 1.913304 0.027845
