Pedestrian -1 -1 -10 857.000000 143.000000 938.000000 371.000000 1.738665 0.621949 0.973715 2.299152 1.420584 5.715844 -1.120627 0.998403
Pedestrian -1 -1 -10 985.000000 124.000000 1084.000000 306.000000 1.791545 0.593552 1.020659 4.462008 1.208902 7.579032 -2.462171 0.996037
Pedestrian -1 -1 -10 575.000000 162.000000 597.000000 233.000000 1.760575 0.693981 1.090012 -0.458892 1.234483 18.610343 -1.652766 0.995090
Pedestrian -1 -1 -10 507.000000 163.000000 531.000000 247.000000 1.770513 0.627338 0.798926 -1.867932 1.368282 15.423146 1.621664 0.991910
Pedestrian -1 -1 -10 479.000000 167.000000 508.000000 248.000000 1.797271 0.707440 0.870108 -2.363066 1.394079 15.480462 1.315499 0.982430
Pedestrian -1 -1 -10 621.000000 162.000000 640.000000 229.000000 1.821881 0.712743 0.946921 0.776479 1.281612 19.571013 2.659994 0.957869
Pedestrian -1 -1 -10 4.000000 226.000000 108.000000 368.000000 1.715725 0.605048 0.628821 -2.881277 1.955769 3.789658 -1.698568 0.845509
Pedestrian -1 -1 -10 206.000000 214.000000 304.000000 366.000000 1.713053 0.568499 0.840438 -2.403695 1.948043 4.800535 0.198450 0.754008
Pedestrian -1 -1 -10 2.000000 223.000000 237.000000 372.000000 1.745989 0.861329 0.609509 -2.592161 2.066803 3.955206 -1.835683 0.690255
Pedestrian -1 -1 -10 603.000000 163.000000 622.000000 212.000000 1.779057 0.715278 0.932702 0.385850 1.060997 26.435598 -1.709576 0.678886
Pedestrian -1 -1 -10 628.000000 163.000000 652.000000 229.000000 1.841220 0.688503 0.872639 1.023068 1.311253 18.558628 1.570326 0.623475
Pedestrian -1 -1 -10 654.000000 165.000000 676.000000 222.000000 1.715455 0.602628 0.720798 1.822159 1.214922 20.405515 -1.548287 0.525911
Pedestrian -1 -1 -10 192.000000 204.000000 259.000000 336.000000 1.703347 0.617155 0.622524 -5.351171 2.038921 9.682833 0.162004 0.515084
Pedestrian -1 -1 -10 177.000000 203.000000 207.000000 291.000000 1.714934 0.641834 0.749155 -5.904021 1.858555 10.140960 0.582589 0.356704
Pedestrian -1 -1 -10 179.000000 202.000000 231.000000 302.000000 1.683014 0.639609 0.678272 -5.977775 1.888369 10.264288 -0.060106 0.230824
Cyclist -1 -1 -10 652.000000 165.000000 681.000000 221.000000 1.728330 0.660823 1.763774 1.826219 1.322675 21.015812 1.611550 0.302878
Cyclist -1 -1 -10 679.000000 160.000000 724.000000 223.000000 1.824453 0.522883 1.699915 2.957991 0.987833 22.369773 3.192574 0.298948
Cyclist -1 -1 -10 -2.000000 221.000000 219.000000 372.000000 1.675955 0.774070 1.737056 -2.906724 1.777263 4.277574 -0.486932 0.204173
Cyclist -1 -1 -10 150.000000 220.000000 331.000000 373.000000 1.678057 0.504258 1.687506 -2.424390 1.715173 4.437079 1.673426 0.154119
Cyclist -1 -1 -10 194.000000 205.000000 280.000000 346.000000 1.657827 0.665749 1.610784 -2.267683 1.672741 4.518100 1.563621 0.038305
Cyclist -1 -1 -10 0.000000 225.000000 101.000000 368.000000 1.681681 0.518877 1.662713 -3.016714 1.912074 3.834600 -2.851331 0.032275
Cyclist -1 -1 -10 222.000000 209.000000 311.000000 331.000000 1.667850 0.611636 1.627274 -2.332860 1.622047 4.721494 1.642382 0.020328
Cyclist -1 -1 -10 183.000000 204.000000 246.000000 314.000000 1.662352 0.687414 1.669852 -5.866895 1.796602 10.329273 -0.947947 0.011761
