Pedestrian -1 -1 -10 814.000000 173.000000 822.000000 218.000000 1.800482 0.616371 0.659299 12.431261 1.555596 43.251695 -0.712698 0.045713
Pedestrian -1 -1 -10 804.000000 175.000000 817.000000 224.000000 1.719905 0.599706 0.641276 13.450002 1.494020 48.586170 -1.852327 0.037331
Pedestrian -1 -1 -10 798.000000 177.000000 812.000000 226.000000 1.782187 0.467649 0.684968 3.009703 1.391269 10.982493 0.329952 0.022000
Pedestrian -1 -1 -10 793.000000 177.000000 808.000000 225.000000 1.781106 0.468532 0.687084 3.007149 1.404367 11.352504 0.320517 0.019706
Pedestrian -1 -1 -10 787.000000 177.000000 802.000000 227.000000 1.679594 0.497492 0.614681 3.548492 1.427082 14.872698 2.830144 0.012529
Car -1 -1 -10 451.000000 185.000000 525.000000 233.000000 1.487003 1.635211 3.733795 -4.115450 2.001850 24.857938 1.602048 0.999140
Car -1 -1 -10 755.000000 182.000000 887.000000 269.000000 1.537482 1.582445 3.576624 4.085971 1.763559 14.742763 -1.609927 0.995736
Car -1 -1 -10 815.000000 193.000000 1101.000000 348.000000 1.455682 1.611331 3.800451 3.941362 1.774884 8.957755 -1.546013 0.994821
Car -1 -1 -10 726.000000 183.000000 810.000000 243.000000 1.443007 1.595108 3.797431 4.249182 1.766854 19.956236 -1.514973 0.994011
Car -1 -1 -10 707.000000 181.000000 767.000000 227.000000 1.506040 1.608266 3.712537 4.394064 1.816546 25.497054 -1.523446 0.990740
Car -1 -1 -10 494.000000 184.000000 546.000000 221.000000 1.511432 1.624579 3.991783 -4.000929 2.074803 30.862453 1.604543 0.971757
Car -1 -1 -10 690.000000 180.000000 740.000000 217.000000 1.482088 1.589934 4.012858 4.509702 1.831003 30.717673 -1.560588 0.927152
Car -1 -1 -10 1006.000000 197.000000 1238.000000 371.000000 1.555196 1.638867 3.898605 3.750001 1.745507 3.181240 -1.587820 0.638578
Car -1 -1 -10 519.000000 185.000000 560.000000 214.000000 1.528093 1.599986 3.879141 -3.466215 2.096321 35.891605 1.631113 0.262170
Car -1 -1 -10 1124.000000 175.000000 1220.000000 230.000000 1.449338 1.618429 3.760234 18.264766 1.812912 22.645060 -0.214764 0.090220
Car -1 -1 -10 686.000000 179.000000 721.000000 208.000000 1.574874 1.562495 3.747322 4.639029 1.716842 33.062842 -1.521326 0.081874
Cyclist -1 -1 -10 968.000000 179.000000 1056.000000 238.000000 1.710581 0.676646 1.747648 12.194863 1.504565 22.161617 0.516475 0.036334
