Car -1 -1 -10 631.000000 179.000000 678.000000 217.000000 1.478669 1.627937 4.054610 1.864508 1.856132 32.036636 -1.651372 0.998480
Car -1 -1 -10 94.000000 162.000000 350.000000 278.000000 1.570108 1.653920 3.894482 -7.070875 1.653178 12.425411 -3.214289 0.993664
Car -1 -1 -10 923.000000 188.000000 1254.000000 340.000000 1.487529 1.590026 3.827224 6.002753 1.732448 8.600101 0.066013 0.983937
Car -1 -1 -10 789.000000 185.000000 1051.000000 276.000000 1.575678 1.624755 4.011491 5.886497 1.775520 13.579152 3.045957 0.982696
Car -1 -1 -10 750.000000 173.000000 928.000000 255.000000 1.568626 1.587099 3.950201 5.474833 1.831460 16.745892 -0.004086 0.980856
Car -1 -1 -10 0.000000 182.000000 210.000000 361.000000 1.487018 1.593953 3.738729 -6.127300 1.709404 7.302448 -3.126696 0.974042
Car -1 -1 -10 363.000000 179.000000 483.000000 221.000000 1.501657 1.556727 3.839685 -7.064638 1.685098 27.347390 -3.200671 0.973590
Car -1 -1 -10 884.000000 185.000000 1118.000000 294.000000 1.519375 1.605411 3.780832 6.169406 1.776762 11.259337 -0.038129 0.682358
Car -1 -1 -10 1080.000000 194.000000 1242.000000 360.000000 1.473713 1.595251 3.926631 6.130580 1.674446 5.772273 0.018289 0.590546
Car -1 -1 -10 616.000000 176.000000 651.000000 202.000000 1.557172 1.634111 3.733560 1.469387 1.868571 47.034554 1.508708 0.107988
Car -1 -1 -10 1.000000 192.000000 89.000000 372.000000 1.513055 1.607870 4.107382 -6.227699 1.623954 4.956388 -3.208685 0.028105
Cyclist -1 -1 -10 497.000000 174.000000 525.000000 230.000000 1.642811 0.523527 1.648646 -3.319354 1.825647 24.047355 1.591847 0.979358
Cyclist -1 -1 -10 480.000000 176.000000 526.000000 209.000000 1.806824 0.721035 1.731473 -6.009593 1.689719 39.000236 -0.125689 0.024431
