Pedestrian -1 -1 -10 637.000000 167.000000 654.000000 200.000000 1.812425 0.671327 0.941561 2.068553 1.563258 39.908425 -0.100238 0.210131
Pedestrian -1 -1 -10 630.000000 170.000000 641.000000 201.000000 1.761645 0.657381 0.707070 1.385547 1.615247 41.498989 0.189580 0.191386
Pedestrian -1 -1 -10 624.000000 170.000000 636.000000 200.000000 1.820946 0.572194 0.886813 1.106379 1.514345 41.702239 2.562287 0.020188
Car -1 -1 -10 516.000000 176.000000 556.000000 211.000000 1.520392 1.579985 3.759161 -3.571766 1.659498 33.890326 -1.591820 0.998122
Car -1 -1 -10 579.000000 174.000000 606.000000 200.000000 1.594069 1.632981 3.766241 -1.236484 1.580310 46.566191 1.460807 0.997911
Car -1 -1 -10 403.000000 184.000000 447.000000 210.000000 1.591898 1.659381 3.926096 -10.528664 2.060284 42.039101 1.516893 0.975467
Car -1 -1 -10 53.000000 167.000000 264.000000 268.000000 1.790006 1.689316 3.946782 -9.763539 1.841839 16.152830 1.539170 0.813069
Car -1 -1 -10 427.000000 181.000000 465.000000 207.000000 1.504658 1.569626 3.767040 -8.550441 2.130250 38.895108 2.019157 0.015072
Cyclist -1 -1 -10 633.000000 168.000000 655.000000 201.000000 1.733660 0.646089 1.878442 1.822097 1.476702 40.331132 -2.539466 0.602735
Cyclist -1 -1 -10 629.000000 169.000000 645.000000 200.000000 1.742667 0.565419 1.837701 1.618691 1.332408 40.738451 2.587906 0.072088
Cyclist -1 -1 -10 642.000000 167.000000 653.000000 197.000000 1.720475 0.526291 1.669325 1.863060 1.220236 40.013587 -1.533093 0.013231
