Car -1 -1 -10 241.000000 199.000000 438.000000 316.000000 1.483116 1.575288 3.718408 -3.882116 1.904458 10.937237 1.574620 0.999078
Car -1 -1 -10 656.000000 181.000000 711.000000 224.000000 1.452181 1.595251 3.899618 2.591598 1.775886 26.203894 -1.577869 0.998703
Car -1 -1 -10 817.000000 164.000000 1024.000000 227.000000 1.574006 1.692690 4.232821 8.008034 1.427189 19.156203 3.144397 0.998428
Car -1 -1 -10 478.000000 185.000000 516.000000 211.000000 1.552908 1.636481 3.888677 -6.364906 2.205242 42.014025 1.561470 0.980330
Car -1 -1 -10 415.000000 184.000000 484.000000 229.000000 1.514352 1.579140 3.935732 -6.783229 2.132936 29.044625 1.789037 0.975780
Car -1 -1 -10 -3.000000 213.000000 268.000000 377.000000 1.478719 1.648090 3.955037 -3.611473 1.801550 3.937216 1.521212 0.969014
Car -1 -1 -10 325.000000 194.000000 415.000000 255.000000 1.523641 1.619964 3.847811 -6.599365 2.028777 19.913251 1.564424 0.447162
Car -1 -1 -10 1043.000000 123.000000 1240.000000 367.000000 1.576692 1.630512 3.848898 3.746515 0.985829 2.827727 -1.579568 0.242233
Car -1 -1 -10 800.000000 162.000000 930.000000 216.000000 1.603194 1.623179 3.875416 7.912882 1.299027 22.329216 3.058427 0.201783
Car -1 -1 -10 939.000000 158.000000 1024.000000 191.000000 1.520221 1.600740 3.971506 20.330811 0.913721 40.604624 1.502598 0.142930
Car -1 -1 -10 755.000000 166.000000 870.000000 209.000000 1.643901 1.685799 4.159385 8.030789 1.471406 28.540242 3.063668 0.135962
Car -1 -1 -10 981.000000 152.000000 1103.000000 187.000000 1.567092 1.631962 3.762754 21.988441 0.755407 37.830525 0.080483 0.066891
Cyclist -1 -1 -10 1057.000000 120.000000 1237.000000 366.000000 1.690311 0.527530 1.627647 2.705257 1.587709 3.538306 -0.875762 0.420976
Cyclist -1 -1 -10 0.000000 214.000000 264.000000 377.000000 1.686299 0.613833 1.745932 -3.002544 1.722429 4.178441 -1.592405 0.024811
