Pedestrian -1 -1 -10 581.000000 170.000000 602.000000 224.000000 1.656405 0.729024 0.392262 -0.585384 1.671869 22.572422 1.696271 0.012910
Car -1 -1 -10 461.000000 173.000000 543.000000 239.000000 1.652399 1.661958 4.004233 -2.949740 1.676319 20.663421 1.578076 0.999534
Car -1 -1 -10 741.000000 182.000000 935.000000 343.000000 1.509186 1.561864 3.410109 2.480954 1.715528 8.638212 -1.539753 0.999257
Car -1 -1 -10 128.000000 171.000000 374.000000 253.000000 1.457877 1.625732 4.051614 -7.134900 1.464321 14.375905 -3.149332 0.997176
Car -1 -1 -10 518.000000 177.000000 569.000000 220.000000 1.490921 1.611027 3.869726 -2.668166 1.794704 28.619689 -1.546641 0.996968
Car -1 -1 -10 696.000000 186.000000 819.000000 279.000000 1.486955 1.622900 3.798232 2.492396 1.696899 13.325694 -1.522251 0.996801
Car -1 -1 -10 822.000000 185.000000 905.000000 219.000000 1.539409 1.408063 2.672868 8.854834 1.377530 29.695790 2.430559 0.011288
Car -1 -1 -10 774.000000 182.000000 917.000000 253.000000 1.470459 1.558063 3.841097 5.070301 1.405321 14.752916 1.367077 0.010624
Cyclist -1 -1 -10 579.000000 168.000000 603.000000 228.000000 1.696228 0.549807 1.724890 -0.626049 1.700725 22.531260 1.768070 0.998618
Cyclist -1 -1 -10 574.000000 170.000000 598.000000 200.000000 1.716949 0.392747 1.261781 -0.795482 1.428917 21.356930 -1.633974 0.079764
