Car -1 -1 -10 780.000000 181.000000 1105.000000 358.000000 1.466796 1.637077 3.899785 3.275629 1.629405 7.977443 -1.597307 0.999474
Car -1 -1 -10 193.000000 194.000000 391.000000 290.000000 1.476752 1.653597 4.124075 -5.791952 1.992072 13.821816 1.620241 0.999089
Car -1 -1 -10 724.000000 178.000000 871.000000 274.000000 1.493219 1.637884 3.932046 3.259221 1.606556 13.542390 -1.574837 0.998767
Car -1 -1 -10 685.000000 181.000000 745.000000 229.000000 1.419121 1.562937 3.739426 3.360736 1.694050 23.357035 1.523249 0.997903
Car -1 -1 -10 443.000000 186.000000 503.000000 226.000000 1.528754 1.630607 4.018780 -5.644023 2.043469 28.847254 1.693716 0.995182
Car -1 -1 -10 352.000000 190.000000 447.000000 252.000000 1.524570 1.526114 3.688805 -5.777643 2.012687 19.672181 1.596027 0.995032
Car -1 -1 -10 667.000000 181.000000 719.000000 219.000000 1.539798 1.612923 3.831095 3.397442 1.837727 29.174604 1.468431 0.953618
Car -1 -1 -10 1030.000000 152.000000 1243.000000 271.000000 1.533070 1.622621 4.182050 8.594289 1.245138 9.627329 3.170898 0.925231
Car -1 -1 -10 -1.000000 212.000000 170.000000 373.000000 1.454306 1.658039 4.007821 -6.041736 1.920408 6.485064 1.553683 0.866143
Car -1 -1 -10 651.000000 179.000000 693.000000 209.000000 1.507533 1.605719 3.761001 3.229828 1.864187 37.702506 -1.598985 0.678256
Car -1 -1 -10 6.000000 189.000000 136.000000 239.000000 1.490600 1.596509 4.123097 -14.926415 1.958065 19.508023 0.235290 0.398380
Car -1 -1 -10 500.000000 180.000000 536.000000 206.000000 1.557575 1.647100 3.988639 -5.430899 2.040244 44.017547 1.538653 0.196128
