Pedestrian -1 -1 -10 572.000000 161.000000 601.000000 263.000000 1.758779 0.598363 0.817811 -0.300865 1.415074 12.594314 2.525593 0.996478
Pedestrian -1 -1 -10 863.000000 143.000000 925.000000 290.000000 1.736256 0.709212 0.862311 3.512213 1.251629 8.834944 -1.587179 0.994909
Pedestrian -1 -1 -10 459.000000 160.000000 498.000000 262.000000 1.797259 0.706833 0.903642 -2.226371 1.427906 13.085282 1.926366 0.994430
Pedestrian -1 -1 -10 736.000000 144.000000 802.000000 304.000000 1.779266 0.677766 0.931683 1.998310 1.411990 8.936801 2.847420 0.974922
Pedestrian -1 -1 -10 559.000000 165.000000 577.000000 218.000000 1.775223 0.665108 0.913534 -1.163890 1.209934 24.171517 -1.535443 0.628614
Pedestrian -1 -1 -10 534.000000 166.000000 552.000000 214.000000 1.746365 0.645014 0.679360 -2.076928 1.073949 25.839141 -1.851607 0.252963
Pedestrian -1 -1 -10 508.000000 167.000000 541.000000 241.000000 1.706662 0.725521 0.506758 -1.822787 1.355217 16.465703 1.508431 0.166909
Pedestrian -1 -1 -10 295.000000 161.000000 334.000000 296.000000 1.733523 0.571883 0.600679 -4.477385 1.339592 11.171433 -1.940889 0.145857
Pedestrian -1 -1 -10 482.000000 165.000000 504.000000 233.000000 1.765220 0.461655 0.685117 -1.885673 1.314260 12.597751 -0.059623 0.127520
Pedestrian -1 -1 -10 490.000000 166.000000 505.000000 214.000000 1.835181 0.698229 0.698484 -4.208777 1.191390 29.467953 1.781650 0.049291
Pedestrian -1 -1 -10 384.000000 183.000000 412.000000 258.000000 1.718640 0.542680 0.507323 -3.868806 2.253380 13.581151 0.323060 0.037771
Pedestrian -1 -1 -10 840.000000 157.000000 853.000000 205.000000 1.692098 0.542583 0.654458 5.373825 1.303670 16.269845 2.942367 0.036441
Pedestrian -1 -1 -10 814.000000 149.000000 833.000000 221.000000 1.738805 0.576121 0.664861 5.402345 0.940921 17.590637 -0.287392 0.032027
Pedestrian -1 -1 -10 445.000000 175.000000 481.000000 259.000000 1.697521 0.495645 0.812667 -2.636208 1.551519 13.553589 2.367558 0.029609
Pedestrian -1 -1 -10 861.000000 148.000000 896.000000 255.000000 1.668967 0.610351 0.795760 3.415305 1.109586 8.795961 -0.659965 0.028477
Pedestrian -1 -1 -10 581.000000 164.000000 606.000000 234.000000 1.743481 0.535597 0.573997 -0.322848 1.603303 15.022265 2.941035 0.026323
Pedestrian -1 -1 -10 505.000000 164.000000 520.000000 206.000000 1.762953 0.582055 0.625196 -3.756304 1.002973 29.479685 1.493829 0.026116
Pedestrian -1 -1 -10 354.000000 179.000000 376.000000 260.000000 1.666967 0.587225 0.625655 -4.610097 1.631486 13.514030 1.838439 0.025215
Pedestrian -1 -1 -10 524.000000 167.000000 549.000000 207.000000 1.688708 0.600212 0.651545 -2.140828 1.034845 25.926345 -1.733709 0.020149
Pedestrian -1 -1 -10 865.000000 151.000000 886.000000 224.000000 1.698715 0.582929 0.626303 4.523668 1.530088 12.167489 -0.695877 0.014597
Cyclist -1 -1 -10 506.000000 168.000000 542.000000 243.000000 1.741593 0.579350 1.752608 -1.823886 1.399792 16.358940 1.543758 0.995591
Cyclist -1 -1 -10 723.000000 147.000000 817.000000 303.000000 1.784872 0.588117 1.844232 1.951482 1.337348 9.025453 1.314162 0.708886
Cyclist -1 -1 -10 649.000000 161.000000 687.000000 224.000000 1.702557 0.674013 1.693986 1.582893 1.619937 17.976741 0.071938 0.159568
Cyclist -1 -1 -10 531.000000 165.000000 555.000000 215.000000 1.774736 0.598846 1.787723 -2.150017 1.160925 26.224551 1.440645 0.059642
Cyclist -1 -1 -10 519.000000 168.000000 546.000000 221.000000 1.745965 0.539252 1.672796 -2.217454 1.050170 26.124512 -1.649117 0.018990
Cyclist -1 -1 -10 486.000000 166.000000 505.000000 221.000000 1.786274 0.623200 1.754426 -4.293283 1.102976 29.533834 1.456066 0.017420
Cyclist -1 -1 -10 466.000000 163.000000 503.000000 255.000000 1.788230 0.575009 1.776977 -2.336143 1.392045 13.145829 1.362542 0.011057
