Car -1 -1 -10 635.000000 172.000000 671.000000 201.000000 1.532635 1.642250 3.978659 2.399329 1.529282 40.679520 -1.541822 0.998813
Car -1 -1 -10 780.000000 182.000000 1129.000000 371.000000 1.442434 1.566450 3.616921 2.787941 1.677647 6.702913 -1.575924 0.997853
Car -1 -1 -10 207.000000 173.000000 414.000000 253.000000 1.514174 1.616820 3.922117 -6.394791 1.560632 15.881539 -3.192731 0.990915
Car -1 -1 -10 -3.000000 168.000000 332.000000 311.000000 1.596461 1.606160 3.976974 -6.169792 1.546881 9.336143 0.039829 0.990519
Car -1 -1 -10 740.000000 176.000000 866.000000 228.000000 1.552556 1.631114 4.227002 6.166368 1.651828 22.144339 3.048131 0.985402
Car -1 -1 -10 290.000000 160.000000 451.000000 234.000000 1.535496 1.594231 3.676657 -5.974923 1.803690 21.209435 -2.531904 0.965458
Car -1 -1 -10 783.000000 176.000000 904.000000 243.000000 1.510749 1.594557 3.771480 5.997122 1.668585 17.343905 -0.048898 0.963040
Car -1 -1 -10 718.000000 171.000000 821.000000 219.000000 1.586807 1.573659 3.916893 5.611161 1.617268 25.362691 2.942795 0.658816
Car -1 -1 -10 420.000000 172.000000 523.000000 205.000000 1.446491 1.550529 3.941783 -6.467318 1.432482 34.814120 -0.069655 0.267308
Car -1 -1 -10 -3.000000 176.000000 188.000000 368.000000 1.554216 1.594050 4.172736 -6.479108 1.548480 6.652238 0.046379 0.246126
Car -1 -1 -10 804.000000 175.000000 979.000000 255.000000 1.516390 1.591259 3.835583 6.558426 1.721792 15.400205 -0.026141 0.212804
Car -1 -1 -10 830.000000 168.000000 1149.000000 289.000000 1.587330 1.635393 3.894867 6.159467 1.515899 11.904928 0.078405 0.195059
Cyclist -1 -1 -10 541.000000 169.000000 559.000000 203.000000 1.739805 0.524925 1.761988 -2.988875 1.536663 36.554321 -1.487300 0.340125
