Pedestrian -1 -1 -10 767.000000 162.000000 812.000000 286.000000 1.655766 0.558961 0.840217 2.507223 1.441574 9.755407 -2.193194 0.990972
Pedestrian -1 -1 -10 649.000000 160.000000 670.000000 223.000000 1.712069 0.628200 0.689990 1.500603 1.230521 19.004876 1.200676 0.278163
Pedestrian -1 -1 -10 756.000000 183.000000 792.000000 281.000000 1.666448 0.562189 0.715226 2.429126 1.574296 9.839685 0.758282 0.112587
Pedestrian -1 -1 -10 492.000000 161.000000 502.000000 191.000000 1.860340 0.684925 0.847503 -7.013112 0.492643 47.703920 -1.833756 0.085713
Pedestrian -1 -1 -10 521.000000 161.000000 530.000000 189.000000 1.843634 0.653181 0.868211 -5.189963 0.534661 49.364488 1.538024 0.043559
Pedestrian -1 -1 -10 761.000000 158.000000 779.000000 228.000000 1.719968 0.566332 0.622745 3.139781 1.098636 13.279887 0.847804 0.036852
Pedestrian -1 -1 -10 442.000000 159.000000 453.000000 196.000000 1.766764 0.656137 0.709447 -8.474001 0.589236 39.237754 -1.718240 0.019681
Pedestrian -1 -1 -10 -7.000000 189.000000 188.000000 373.000000 1.789220 0.735004 0.755025 -2.679842 2.016349 3.447507 -2.329917 0.019484
Pedestrian -1 -1 -10 475.000000 159.000000 484.000000 190.000000 1.836549 0.691407 0.807674 -8.311201 0.506881 49.480064 -1.844644 0.012899
Pedestrian -1 -1 -10 453.000000 163.000000 479.000000 224.000000 1.678848 0.710421 0.522765 -3.890813 1.179922 20.227243 1.472389 0.011209
Car -1 -1 -10 962.000000 158.000000 1198.000000 239.000000 1.583139 1.678519 4.243071 9.774724 0.930293 15.911644 0.151262 0.974293
Car -1 -1 -10 1.000000 195.000000 181.000000 376.000000 1.510803 1.579242 3.768014 -2.963330 1.671334 1.846363 1.577966 0.681708
Car -1 -1 -10 1112.000000 165.000000 1234.000000 250.000000 1.517475 1.507326 3.411746 11.251166 0.966630 13.200387 -0.183155 0.014988
Car -1 -1 -10 1143.000000 296.000000 1232.000000 357.000000 1.434511 1.453864 2.844649 6.518986 1.518453 7.993448 1.614199 0.014981
Cyclist -1 -1 -10 451.000000 162.000000 480.000000 227.000000 1.726931 0.549427 1.725332 -3.871776 1.272222 20.165891 1.470910 0.999381
Cyclist -1 -1 -10 401.000000 163.000000 437.000000 240.000000 1.739318 0.588262 1.823199 -4.533797 1.282948 17.525047 1.487446 0.999264
