Pedestrian -1 -1 -10 737.000000 155.000000 779.000000 256.000000 1.764080 0.708713 0.792789 2.639271 1.266481 12.508622 1.252712 0.997058
Pedestrian -1 -1 -10 57.000000 186.000000 115.000000 326.000000 1.802245 0.830166 0.662001 -7.472656 1.603916 10.389255 -1.881736 0.893203
Pedestrian -1 -1 -10 552.000000 169.000000 569.000000 222.000000 1.807691 0.695474 0.918356 -1.480034 1.383817 25.871272 -1.713376 0.136476
Pedestrian -1 -1 -10 535.000000 170.000000 552.000000 222.000000 1.751227 0.651356 0.834132 -2.121332 1.362104 25.696240 -1.785194 0.129633
Pedestrian -1 -1 -10 1080.000000 40.000000 1146.000000 231.000000 1.729189 0.542603 0.563741 9.352312 1.670815 13.385988 3.599002 0.101033
Pedestrian -1 -1 -10 729.000000 165.000000 763.000000 240.000000 1.769910 0.598956 0.667370 2.993438 0.836064 15.381442 -0.969600 0.071078
Pedestrian -1 -1 -10 495.000000 172.000000 503.000000 203.000000 1.815360 0.687721 0.579604 -5.986488 1.286634 41.780659 1.016394 0.027799
Car -1 -1 -10 2.000000 194.000000 345.000000 372.000000 1.540118 1.623117 3.910817 -3.962041 1.714611 6.953132 1.553091 0.998747
Car -1 -1 -10 34.000000 192.000000 129.000000 326.000000 1.476080 1.535198 3.764397 -7.551881 1.572347 10.786662 0.763928 0.023123
Cyclist -1 -1 -10 1.000000 209.000000 48.000000 305.000000 1.657693 0.545942 1.548767 -8.592062 1.981439 10.805312 1.372367 0.012578
