Pedestrian -1 -1 -10 603.000000 159.000000 680.000000 297.000000 1.781695 0.687196 0.999843 0.425481 1.477134 8.951180 0.533868 0.999280
Pedestrian -1 -1 -10 642.000000 164.000000 661.000000 215.000000 1.754923 0.589503 0.645224 0.908245 1.101257 16.757407 -1.571285 0.025059
Pedestrian -1 -1 -10 631.000000 165.000000 666.000000 224.000000 1.750296 0.613761 0.631699 0.912669 1.207999 16.659076 -1.186763 0.021435
Pedestrian -1 -1 -10 646.000000 175.000000 657.000000 212.000000 1.731712 0.545881 0.574381 0.556956 1.688739 10.501896 2.618372 0.013883
Pedestrian -1 -1 -10 620.000000 166.000000 677.000000 250.000000 1.824603 0.685426 0.615836 0.908282 1.337741 16.761844 -1.214104 0.013819
Pedestrian -1 -1 -10 653.000000 168.000000 663.000000 211.000000 1.707769 0.531872 0.615907 0.820866 1.657779 12.846259 2.636836 0.010415
Cyclist -1 -1 -10 652.000000 170.000000 664.000000 211.000000 1.700531 0.448209 1.448940 1.211218 1.166691 18.895908 -1.425518 0.028264
Cyclist -1 -1 -10 606.000000 157.000000 679.000000 297.000000 1.752428 0.674461 1.722292 0.519343 1.471180 8.966642 0.484880 0.026177
Cyclist -1 -1 -10 643.000000 174.000000 674.000000 211.000000 1.684374 0.523873 1.620874 3.541884 0.662551 39.903545 -1.518098 0.023660
Cyclist -1 -1 -10 648.000000 170.000000 659.000000 210.000000 1.645357 0.508543 1.583989 1.565954 1.592714 21.151968 -1.502893 0.013347
