Pedestrian -1 -1 -10 824.000000 159.000000 863.000000 266.000000 1.655512 0.612896 0.736818 3.585241 1.269542 10.658524 -1.746370 0.991649
Pedestrian -1 -1 -10 552.000000 152.000000 561.000000 184.000000 1.827750 0.624390 0.730880 -2.741618 0.058586 43.743760 1.452929 0.099736
Pedestrian -1 -1 -10 610.000000 153.000000 619.000000 179.000000 1.775965 0.638483 0.754627 0.996537 -0.192141 51.049334 -1.132568 0.077406
Pedestrian -1 -1 -10 532.000000 152.000000 543.000000 187.000000 1.833188 0.665614 0.744872 -3.631871 0.085849 40.490828 -1.660333 0.060465
Pedestrian -1 -1 -10 952.000000 147.000000 992.000000 271.000000 1.669088 0.543633 0.636501 4.789150 1.833806 9.113489 -1.600988 0.029317
Pedestrian -1 -1 -10 819.000000 169.000000 843.000000 259.000000 1.655125 0.548897 0.841955 3.484744 1.459713 10.799424 0.834943 0.026240
Pedestrian -1 -1 -10 614.000000 152.000000 622.000000 179.000000 1.854140 0.691507 0.927175 1.174878 -0.141487 49.551164 1.172977 0.021943
Pedestrian -1 -1 -10 941.000000 149.000000 974.000000 265.000000 1.639140 0.484838 0.431258 5.447081 1.068065 10.573275 1.092255 0.019780
Pedestrian -1 -1 -10 890.000000 147.000000 927.000000 230.000000 1.706682 0.577424 0.530819 8.333846 1.771808 19.712297 -1.840411 0.018998
Pedestrian -1 -1 -10 841.000000 162.000000 865.000000 251.000000 1.756999 0.591683 0.647292 4.514279 1.136815 12.807295 1.919709 0.013993
Pedestrian -1 -1 -10 619.000000 152.000000 624.000000 181.000000 1.844500 0.580957 0.815969 1.277031 0.111323 48.996694 0.060311 0.010858
Cyclist -1 -1 -10 388.000000 157.000000 464.000000 295.000000 1.710510 0.529121 1.717161 -2.378597 1.413775 9.710194 1.668721 0.999570
Cyclist -1 -1 -10 234.000000 148.000000 371.000000 359.000000 1.741137 0.566695 1.777524 -2.811950 1.450862 6.907827 1.541206 0.999566
