Car -1 -1 -10 686.000000 183.000000 807.000000 265.000000 1.451955 1.643714 4.078707 2.660116 1.658409 15.211359 -1.636201 0.999377
Car -1 -1 -10 -8.000000 191.000000 309.000000 302.000000 1.502508 1.585854 3.772812 -6.453978 1.757546 10.910943 -3.237695 0.996256
Car -1 -1 -10 273.000000 184.000000 470.000000 244.000000 1.471340 1.624207 4.080400 -5.974089 1.803620 18.993090 0.063427 0.996137
Car -1 -1 -10 664.000000 180.000000 725.000000 220.000000 1.439438 1.597934 3.886752 3.047145 1.716072 26.085115 -1.588674 0.993148
Car -1 -1 -10 824.000000 202.000000 1256.000000 375.000000 1.470877 1.592068 3.625980 2.986754 1.750263 5.420503 -1.656145 0.957556
Car -1 -1 -10 643.000000 171.000000 678.000000 199.000000 1.568229 1.643443 3.915669 3.311141 1.662817 45.357949 -1.519506 0.947076
Car -1 -1 -10 113.000000 184.000000 367.000000 276.000000 1.545865 1.606531 4.007173 -6.534650 1.732547 13.413398 -0.021026 0.923530
Car -1 -1 -10 4.000000 195.000000 159.000000 353.000000 1.517043 1.650043 4.032397 -5.971761 1.725928 7.137077 1.398233 0.699016
Car -1 -1 -10 359.000000 173.000000 465.000000 224.000000 1.462590 1.535284 3.854508 -6.230530 1.684346 21.618701 -3.266095 0.345163
Car -1 -1 -10 422.000000 179.000000 511.000000 217.000000 1.581733 1.575251 3.573251 -5.296494 1.664531 29.762936 -1.601580 0.038490
Car -1 -1 -10 478.000000 176.000000 542.000000 203.000000 1.605708 1.542906 3.578604 -4.771296 1.657346 40.714289 1.414985 0.037034
