0.000000 1.000000 1.000000 1.000000
0.025000 0.986667 0.971014 0.968421
0.050000 0.977778 0.956416 0.943872
0.075000 0.977778 0.942721 0.943872
0.100000 0.973244 0.942721 0.926520
0.125000 0.970745 0.933775 0.918285
0.150000 0.964602 0.923557 0.906284
0.175000 0.963516 0.917443 0.904000
0.200000 0.963516 0.908357 0.892552
0.225000 0.963181 0.904592 0.888049
0.250000 0.958060 0.900000 0.886591
0.275000 0.958034 0.893240 0.886537
0.300000 0.951759 0.889725 0.883933
0.325000 0.951759 0.887041 0.883242
0.350000 0.949580 0.885925 0.877831
0.375000 0.947140 0.885526 0.873751
0.400000 0.944760 0.882600 0.871423
0.425000 0.942792 0.881811 0.866952
0.450000 0.941685 0.881811 0.864983
0.475000 0.935091 0.878169 0.860803
0.500000 0.935090 0.873946 0.854160
0.525000 0.932763 0.870710 0.849970
0.550000 0.931275 0.865707 0.839482
0.575000 0.928889 0.862667 0.827080
0.600000 0.928191 0.859429 0.810997
0.625000 0.927041 0.851730 0.795449
0.650000 0.925672 0.842772 0.772048
0.675000 0.923346 0.829977 0.737713
0.700000 0.923346 0.811571 0.669400
0.725000 0.923346 0.786827 0.525472
0.750000 0.920608 0.753444 0.000000
0.775000 0.912515 0.699679 0.000000
0.800000 0.907530 0.470967 0.000000
0.825000 0.894109 0.000000 0.000000
0.850000 0.872528 0.000000 0.000000
0.875000 0.813820 0.000000 0.000000
0.900000 0.700027 0.000000 0.000000
0.925000 0.450194 0.000000 0.000000
0.950000 0.000000 0.000000 0.000000
0.975000 0.000000 0.000000 0.000000
1.000000 0.000000 0.000000 0.000000
