0.000000 1.000000 1.000000 1.000000
0.025000 0.991497 0.985000 0.982143
0.050000 0.991497 0.983416 0.982143
0.075000 0.991497 0.983416 0.980907
0.100000 0.991497 0.981459 0.975111
0.125000 0.991497 0.974308 0.968243
0.150000 0.991497 0.970443 0.961426
0.175000 0.991497 0.968465 0.958063
0.200000 0.991497 0.965095 0.953893
0.225000 0.990923 0.958874 0.948521
0.250000 0.986420 0.958658 0.947150
0.275000 0.986420 0.954225 0.947020
0.300000 0.982383 0.950583 0.947020
0.325000 0.982383 0.948851 0.945594
0.350000 0.979769 0.947115 0.945553
0.375000 0.978475 0.947115 0.943552
0.400000 0.976490 0.947115 0.941593
0.425000 0.973214 0.946030 0.939693
0.450000 0.973214 0.945319 0.935343
0.475000 0.970506 0.945174 0.934494
0.500000 0.968064 0.943234 0.931679
0.525000 0.967681 0.941913 0.929136
0.550000 0.967372 0.939493 0.925130
0.575000 0.965398 0.938070 0.919889
0.600000 0.964778 0.933623 0.913104
0.625000 0.964778 0.932563 0.906709
0.650000 0.964778 0.929713 0.895901
0.675000 0.963654 0.926468 0.887184
0.700000 0.962630 0.920381 0.874530
0.725000 0.962118 0.912432 0.856558
0.750000 0.962048 0.901144 0.831934
0.775000 0.959949 0.890185 0.787104
0.800000 0.957990 0.873683 0.697360
0.825000 0.955378 0.852420 0.607373
0.850000 0.946381 0.816762 0.000000
0.875000 0.935638 0.739168 0.000000
0.900000 0.912770 0.551416 0.000000
0.925000 0.852028 0.000000 0.000000
0.950000 0.725506 0.000000 0.000000
0.975000 0.520872 0.000000 0.000000
1.000000 0.000000 0.000000 0.000000
