0.000000 1.000000 1.000000 1.000000
0.025000 0.897436 0.904762 0.909091
0.050000 0.897436 0.904762 0.909091
0.075000 0.897436 0.904762 0.909091
0.100000 0.897436 0.904762 0.909091
0.125000 0.897436 0.904762 0.909091
0.150000 0.897436 0.904762 0.909091
0.175000 0.897436 0.904762 0.909091
0.200000 0.897436 0.903704 0.909091
0.225000 0.897436 0.903704 0.903614
0.250000 0.897436 0.903614 0.903614
0.275000 0.897436 0.903614 0.896739
0.300000 0.897436 0.895604 0.891089
0.325000 0.897436 0.889447 0.882353
0.350000 0.897436 0.879630 0.882353
0.375000 0.897436 0.879310 0.865385
0.400000 0.896000 0.861660 0.851064
0.425000 0.893617 0.849265 0.830619
0.450000 0.893617 0.836177 0.828221
0.475000 0.892617 0.832258 0.791667
0.500000 0.892405 0.811940 0.755668
0.525000 0.890110 0.779292 0.720824
0.550000 0.890110 0.751256 0.672098
0.575000 0.890110 0.706546 0.577889
0.600000 0.884817 0.665306 0.489796
0.625000 0.875622 0.574324 0.394322
0.650000 0.875598 0.488276 0.314516
0.675000 0.863636 0.389183 0.223510
0.700000 0.852814 0.309504 0.127273
0.725000 0.842975 0.237349 0.121334
0.750000 0.824219 0.124088 0.000000
0.775000 0.819549 0.118292 0.000000
0.800000 0.800712 0.000000 0.000000
0.825000 0.770764 0.000000 0.000000
0.850000 0.713433 0.000000 0.000000
0.875000 0.604423 0.000000 0.000000
0.900000 0.433219 0.000000 0.000000
0.925000 0.119321 0.000000 0.000000
0.950000 0.109756 0.000000 0.000000
0.975000 0.000000 0.000000 0.000000
1.000000 0.000000 0.000000 0.000000
