0.000000 1.000000 1.000000 1.000000
0.025000 0.858065 0.872727 0.872093
0.050000 0.858065 0.872727 0.872093
0.075000 0.858065 0.872727 0.872093
0.100000 0.858065 0.872727 0.872093
0.125000 0.858065 0.872727 0.872093
0.150000 0.858065 0.872727 0.872093
0.175000 0.858065 0.872727 0.872093
0.200000 0.858065 0.867052 0.872093
0.225000 0.858065 0.867052 0.872093
0.250000 0.858065 0.867052 0.872093
0.275000 0.858065 0.867052 0.857143
0.300000 0.858065 0.855072 0.857143
0.325000 0.858065 0.855072 0.840517
0.350000 0.858065 0.837004 0.826772
0.375000 0.858065 0.825911 0.815217
0.400000 0.858065 0.822642 0.805369
0.425000 0.858065 0.807692 0.791925
0.450000 0.858065 0.787781 0.758427
0.475000 0.858065 0.772455 0.716080
0.500000 0.857143 0.739130 0.665188
0.525000 0.857143 0.695864 0.616438
0.550000 0.857143 0.651416 0.529695
0.575000 0.857143 0.592803 0.455746
0.600000 0.840796 0.525806 0.356083
0.625000 0.834123 0.452128 0.288462
0.650000 0.824324 0.348768 0.151751
0.675000 0.822511 0.273472 0.113935
0.700000 0.810700 0.148770 0.000000
0.725000 0.796875 0.111652 0.000000
0.750000 0.790262 0.000000 0.000000
0.775000 0.770318 0.000000 0.000000
0.800000 0.735294 0.000000 0.000000
0.825000 0.698795 0.000000 0.000000
0.850000 0.591584 0.000000 0.000000
0.875000 0.426343 0.000000 0.000000
0.900000 0.249753 0.000000 0.000000
0.925000 0.106711 0.000000 0.000000
0.950000 0.000000 0.000000 0.000000
0.975000 0.000000 0.000000 0.000000
1.000000 0.000000 0.000000 0.000000
