0.000000 1.000000 1.000000 1.000000
0.025000 1.000000 1.000000 0.981818
0.050000 0.982759 0.966667 0.964444
0.075000 0.965909 0.964444 0.964444
0.100000 0.961864 0.964444 0.964444
0.125000 0.961864 0.964444 0.947674
0.150000 0.961864 0.949091 0.947674
0.175000 0.961864 0.947040 0.917874
0.200000 0.961864 0.932976 0.907950
0.225000 0.946488 0.913551 0.893967
0.250000 0.946488 0.906250 0.881494
0.275000 0.936937 0.896811 0.864162
0.300000 0.923913 0.880270 0.848958
0.325000 0.904412 0.871914 0.837485
0.350000 0.900227 0.851748 0.821622
0.375000 0.890985 0.844560 0.808532
0.400000 0.886719 0.835534 0.783589
0.425000 0.871609 0.824777 0.759671
0.450000 0.867347 0.806385 0.736247
0.475000 0.851501 0.787417 0.704918
0.500000 0.835052 0.767196 0.669131
0.525000 0.831006 0.741673 0.644796
0.550000 0.817824 0.725892 0.594527
0.575000 0.808933 0.684932 0.511257
0.600000 0.795322 0.658460 0.441246
0.625000 0.772331 0.624354 0.287712
0.650000 0.740704 0.555010 0.265912
0.675000 0.708333 0.474919 0.000000
0.700000 0.679213 0.374231 0.000000
0.725000 0.642690 0.249201 0.000000
0.750000 0.613554 0.000000 0.000000
0.775000 0.547664 0.000000 0.000000
0.800000 0.449010 0.000000 0.000000
0.825000 0.319345 0.000000 0.000000
0.850000 0.263438 0.000000 0.000000
0.875000 0.000000 0.000000 0.000000
0.900000 0.000000 0.000000 0.000000
0.925000 0.000000 0.000000 0.000000
0.950000 0.000000 0.000000 0.000000
0.975000 0.000000 0.000000 0.000000
1.000000 0.000000 0.000000 0.000000
