0.000000 1.000000 1.000000 1.000000
0.025000 1.000000 1.000000 0.981818
0.050000 0.982759 0.966667 0.964444
0.075000 0.965909 0.964444 0.964444
0.100000 0.961864 0.964444 0.964444
0.125000 0.961864 0.964444 0.956012
0.150000 0.961864 0.955975 0.956012
0.175000 0.961864 0.955975 0.947631
0.200000 0.961864 0.950820 0.925373
0.225000 0.952862 0.939904 0.922642
0.250000 0.952862 0.925532 0.906511
0.275000 0.945455 0.921002 0.893713
0.300000 0.941828 0.910995 0.883469
0.325000 0.924812 0.899682 0.874845
0.350000 0.918981 0.889051 0.862656
0.375000 0.916129 0.882273 0.846314
0.400000 0.911647 0.873275 0.828408
0.425000 0.897887 0.863318 0.816092
0.450000 0.897887 0.850163 0.788539
0.475000 0.880719 0.838579 0.769001
0.500000 0.875000 0.816901 0.738273
0.525000 0.871157 0.798775 0.709838
0.550000 0.859504 0.777236 0.690352
0.575000 0.847854 0.755858 0.642490
0.600000 0.835381 0.722299 0.591466
0.625000 0.819653 0.699485 0.523516
0.650000 0.792473 0.673020 0.433262
0.675000 0.773509 0.618872 0.287677
0.700000 0.747646 0.550181 0.284744
0.725000 0.708621 0.466346 0.000000
0.750000 0.681891 0.356772 0.000000
0.775000 0.656951 0.267111 0.000000
0.800000 0.587435 0.000000 0.000000
0.825000 0.483221 0.000000 0.000000
0.850000 0.376122 0.000000 0.000000
0.875000 0.279736 0.000000 0.000000
0.900000 0.000000 0.000000 0.000000
0.925000 0.000000 0.000000 0.000000
0.950000 0.000000 0.000000 0.000000
0.975000 0.000000 0.000000 0.000000
1.000000 0.000000 0.000000 0.000000
